R_kpc,Sigma_bar,Sigma_eff,kappa_bar,kappa_eff,kappa_bar_mean,kappa_eff_mean
1.0,39625486921.47069,39623726644.47741,15.860788902524911,15.860084321105996,0.0,0.0
1.0120606264911474,39625531510.19401,39623770098.79269,15.860806749935328,15.860101714449904,0.3757706903722965,0.3757539921663148
1.0242667116936537,39625580610.813156,39623814615.70423,15.860826403310359,15.860119533116409,0.7426391448714854,0.7426061168592866
1.0366200099307066,39625619176.34126,39623860221.30581,15.860841839832348,15.860137787549997,1.1008162444123657,1.1007672854535724
1.0491222966837304,39625666283.925674,39623906942.48491,15.860860695460635,15.860156488512851,1.4505078938423825,1.4504434127070962
1.0617753688475675,39625714621.109604,39623954806.749794,15.86088004325747,15.86017564701563,1.7919151747871431,1.7918355351465411
1.0745810449887383,39625764316.81134,39624003842.34845,15.860899934824637,15.860195274365081,2.12523437103921,2.1251399266478415
1.0875411656068144,39625814844.46308,39624054078.24858,15.860920159394233,15.860215382156031,2.4506571141726816,2.450548211278817
1.1006575933989453,39625865843.24486,39624105544.02429,15.860940572541802,15.86023598222603,2.768370491463813,2.7682474734677354
1.113932213527575,39625920606.20778,39624158269.97171,15.860962492368209,15.860257086701624,3.078557171763512,3.078420365561793
1.127366933891388,39625973255.2474,39624212287.205284,15.860983566060122,15.860278708036915,3.3813954836529145,3.381245212838372
1.1409636853995222,39626027282.43896,39624267627.629875,15.86100519138127,15.860300859002377,3.677059519742786,3.6768961160286886
1.1547244222490889,39626084649.88922,39624324323.988434,15.861028153698939,15.860323552703944,3.9657192738959877,3.965543051412563
1.1686511222060412,39626144358.48786,39624382409.814896,15.861052053101881,15.860346802564155,4.247540716998419,4.2473519685417935
1.1827457868894284,39626200933.043915,39624441919.429,15.861074698049881,15.860370622320085,4.522685856963347,4.5224848856480255
1.19701044205908,39626262394.61887,39624502888.09081,15.86109929911202,15.86039502608518,4.791312875901494,4.791099982790938
1.2114471379067577,39626325515.32093,39624565352.00026,15.861124564268577,15.860420028349095,5.053576230713487,5.053351692800349
1.2260579493508208,39626390953.60426,39624629348.24712,15.861150757077265,15.860445643957657,5.309626706866915,5.30939079006344
1.2408449763344431,39626455118.3587,39624694914.81493,15.861176440133908,15.860471888114434,5.559611503425711,5.5593644772082875
1.2558103441274293,39626524037.568794,39624762090.60166,15.861204026243948,15.860498776389012,5.803674343872414,5.803416469733795
1.2709562036316695,39626590396.16889,39624830915.5393,15.861230587425394,15.860526324764866,6.041955540141062,6.041687078635283
1.2862847316902777,39626661616.37685,39624901430.61975,15.861259094549766,15.860554549649716,6.274592080851752,6.274313291073174
1.3017981314004599,39626735561.947235,39624973677.87238,15.861288692547754,15.860583467866546,6.50171773391089,6.501428849130556
1.3174986324301545,39626807994.480606,39625047700.35907,15.861317684926417,15.860613096651619,6.723463067738463,6.723164326704681
1.3333884913384921,39626885641.40006,39625123542.20278,15.861348764453613,15.860643453665917,6.939955569468329,6.939647204576881
1.34946999190012,39626960691.85407,39625201248.67346,15.861378804700449,15.860674557029524,7.151319700285649,7.151001943704499
1.3657454454334392,39627041074.41095,39625280866.243034,15.861410979214003,15.860706425343633,7.357676973672845,7.357350056777065
1.3822171911327976,39627124745.246574,39625362442.575645,15.8614444699182,15.860739077686645,7.559146051859675,7.558810178077382
1.3988875964046932,39627206134.83496,39625446026.533394,15.861477047513596,15.860772533616464,7.75584274955619,7.755498131687472
1.415759057208029,39627293127.89099,39625531668.19963,15.861511867994171,15.86080681317982,7.947880148974581,7.947526998078728
1.4328339983984741,39627378428.231606,39625619418.91302,15.861546010936022,15.860841936925905,8.13536865556611,8.135007179124717
1.4501148740769754,39627468998.273766,39625709331.39897,15.861582263167382,15.86087792595898,8.318416057901976,8.318046461574468
1.467604167942475,39627562086.29485,39625801459.79581,15.86161952326351,15.860914801948844,8.497127610538222,8.496750079022753
1.4853043936488803,39627656374.9362,39625895859.58251,15.861657263928738,15.860952587101929,8.671606055109184,8.671220772411909
1.5032180951663396,39627755929.476234,39625992587.60099,15.861697112361309,15.86099130417019,8.841951712298306,8.841558849100071
1.5213478471468749,39627851661.58541,39626091702.206535,15.861735430799587,15.86103097651135,9.008262501821699,9.007862240530784
1.5396962552944244,39627954624.783104,39626193263.31992,15.86177664360655,15.861071628109734,9.17063403339261,9.170226558537257
1.5582659567393489,39628058569.27669,39626297332.37246,15.861818249194227,15.861113283554293,9.32915967384425,9.328745150312686
1.5770596204174525,39628164557.97738,39626403972.37908,15.861860673011277,15.861155968067846,9.483930553596547,9.483509152078279
1.5960799474535783,39628273473.048805,39626513248.005974,15.861904268159007,15.86119970753416,9.635035653244152,9.634607541480499
1.615329671549826,39628385738.02868,39626625225.6072,15.861949204165736,15.861244528512596,9.782561851450154,9.782127188747392
1.6348115593784562,39628500453.72279,39626739973.27163,15.861995121113376,15.86129045825691,9.926593966273673,9.926152906633328
1.65452841097953,39628618999.733,39626857560.84877,15.862042571211513,15.861337524725576,10.067214808624836,10.066767499180814
1.6744830601633456,39628745472.14637,39626978059.995476,15.86209319399009,15.861385756600496,10.204505253515402,10.204051809327384
1.6946783749177292,39628861434.63432,39627101544.31669,15.862139609988603,15.861435183343325,10.338544191248335,10.338084765385503
1.7151172578202367,39628989459.09052,39627228089.39187,15.86219085399926,15.861485835206052,10.469408663848522,10.468943426422067
1.7358026464553273,39629118705.26616,39627357772.72341,15.862242587024328,15.86153774321036,10.597173942753642,10.596703026562645
1.7567375138365704,39629251834.39522,39627490673.83371,15.862295874268899,15.861590939186463,10.721913477689025,10.721437018246304
1.7779248688339402,39629387660.62478,39627626874.37618,15.862350241074756,15.86164545581756,10.84369898511076,10.843217114456648
1.7993677566062685,39629526965.02088,39627766458.18358,15.862406000077142,15.861701326659166,10.962600480520319,10.962113329953048
1.8210692590389104,39629669769.66889,39627909511.318245,15.862463160116105,15.861758586159226,11.078686324413217,11.078194021525551
1.8430324951866892,39629816847.99441,39628056122.136505,15.862522030768668,15.861817269683895,11.192023261495779,11.19152592729656
1.8652606217221832,39629967296.389404,39628206381.34322,15.862582250350032,15.861877413539368,11.302676454507822,11.302174205092003
1.88775683338942,39630122561.024536,39628360382.062775,15.862644397715103,15.86193905500029,11.410709525006606,11.41020246990399
1.9105243634630407,39630278519.04608,39628518219.92299,15.862706822620122,15.862002232343364,11.516184574390971,11.515672830466642
1.9335664842130058,39630439860.82207,39628679993.136086,15.862771402466299,15.862066984879732,11.61916223570784,11.618645924966188
1.9568865073748998,39630607691.16384,39628845802.56978,15.862838579473552,15.862133352983449,11.71970173287481,11.719180955905694
1.9804877846259143,39630776005.83589,39629015751.81241,15.862905950342403,15.862201378117547,11.81786086325608,11.817335724144487
2.0043737080665673,39630952979.26084,39629189947.25943,15.862976787027389,15.86227110286865,11.913696065585807,11.913166662131795
2.0285477107082346,39631129077.51206,39629368498.178085,15.8630472734089,15.862342570972872,12.007262434514109,12.006728866353775
2.0530132669665586,39631310659.71762,39629551516.80847,15.863119954838318,15.862415827356259,12.098613744798541,12.09807612901258
2.0777738931608125,39631499638.47295,39629739118.50693,15.863195596865163,15.862490918192186,12.187802536270611,12.187260968956052
2.102833148019282,39631691289.74232,39629931421.79683,15.863272308612132,15.862567890921694,12.274880090480044,12.27433466187556
2.1281946331907466,39631892247.059494,39630128548.43625,15.86335274526626,15.862646794280563,12.359896483401599,12.359347269788975
2.153861993762124,39632091571.548065,39630330623.544716,15.863432528352398,15.862727678350055,12.442900583707232,12.442347669826008
2.1798389187823672,39632305787.389046,39630537775.664505,15.863518271960801,15.862810594581449,12.523940129546006,12.523383582332555
2.206129141792668,39632508547.855156,39630750136.89308,15.863599430356587,15.862895595849048,12.603061680272473,12.602501598310015
2.232736441363065,39632727402.42487,39630967843.114075,15.863687030696678,15.862982736542632,12.680310699401431,12.679747206206322
2.2596646416355184,39632952654.174255,39631191034.04521,15.863777191618965,15.863072072586647,12.755731656925382,12.755164818073547
2.2869176128735367,39633182350.29024,39631419853.21228,15.863869131476122,15.86316366142978,12.82936791424568,12.828797795105867
2.314499272018431,39633414787.61272,39631654448.10994,15.863962168548756,15.863257562109329,12.901261788126675,12.900688472573147
2.3424135832522777,39633652118.13849,39631894970.41652,15.864057164210939,15.863353835337177,12.971454595010584,12.9708781841656
2.3706645585676736,39633899645.79426,39632141576.226295,15.864156241451388,15.86345254359277,13.03998670792117,13.039407285763765
2.399256258344359,39634153684.87834,39632394426.1648,15.864257925004038,15.863553751169261,13.10689755079037,13.106315178647005
2.4281927919327986,39634414983.272064,39632653685.44648,15.864362514221368,15.863657524196602,13.172225599722864,13.171640332152966
2.4574783182447963,39634681829.32024,39632919523.90489,15.864469323983679,15.863763930653624,13.236008414615883,13.235420305800593
2.4871170463512398,39634952838.69346,39633192116.1966,15.864577800189101,15.863873040449645,13.298282650835082,13.297691770890152
2.5171132360870474,39635231260.98266,39633471642.11195,15.864689243542808,15.863984925548875,13.359084104290782,13.35849053159393
2.547471198663417,39635519006.95907,39633758286.697,15.864804418864146,15.864099660019203,13.41844774725406,13.417851545549324
2.578195297287452,39635815079.310135,39634052240.39163,15.864922926961459,15.864217320087505,13.476407727688821,13.475808943965253
2.6092899477892684,39636117998.366684,39634353699.216965,15.865044175571475,15.864337984214634,13.532997372774213,13.532396051253787
2.6407596192566607,39636423375.02881,39634662864.99096,15.86516640788078,15.864461733181729,13.588249192199246,13.587645404198554
2.6726088346774195,39636741130.71492,39634979945.509186,15.865293595109293,15.864588650162577,13.642194952078565,13.641588770670907
2.7048421715894047,39637064538.70736,39635305154.75603,15.865423044771516,15.86471882080814,13.694865680605297,13.694257167904512
2.7374642627384485,39637399832.088394,39635638713.13888,15.865557251766816,15.864852333340302,13.746291668886887,13.745680880339131
2.770479796744201,39637741013.59155,39635980847.6805,15.865693815585193,15.864989278628865,13.796502491150738,13.795889477043621
2.803893518774003,39638091361.54256,39636331792.28098,15.865834048433419,15.8651297502964,13.845527008329595,13.844911828728351
2.837710231224885,39638453778.97059,39636691787.98341,15.865979112299309,15.865273844824587,13.893393426887409,13.892776124357042
2.8719347944137956,39638823772.899345,39637061083.189926,15.866127208791116,15.865421661640688,13.940129277277554,13.939509887367336
2.9065721272761507,39639201031.84764,39637439933.93155,15.86627821323309,15.865573303225569,13.98576141504606,13.985139991509381
2.941627208072808,39639589954.02555,39637828604.13305,15.866433886085149,15.865728875219698,14.030316078994199,14.02969267631168
2.977105075105571,39639985174.20882,39638227365.99252,15.866592079823166,15.865888486575088,14.073818881416454,14.073193562183619
3.013010827441318,39640396328.58952,39638636500.33761,15.86675665150027,15.866052249697873,14.11629484848348,14.115667665163668
3.0493496256448713,39640815383.44215,39639056296.83784,15.866924385478383,15.866220280533312,14.1577684205471,14.157139411320841
3.086126692520694,39641247907.74064,39639487054.29679,15.86709751083599,15.866392698682727,14.198263447623352,14.19763265081738
3.123347313863546,39641688776.13066,39639929081.054245,15.867273976061055,15.866569627564463,14.237803216478222,14.237170671641545
3.161016839218183,39642143258.57272,39640382695.413864,15.867455890546744,15.866751194585087,14.276410463153615,14.275776213019006
3.1991406826482205,39642607441.47215,39640848226.04834,15.86764168780886,15.866937531301547,14.31410739120414,14.313471478510422
3.237724323514275,39643086306.13349,39641326012.380516,15.867833361701004,15.867128773573729,14.35091568345785,14.350278148802472
3.2767733072614837,39643578139.77419,39641816404.99036,15.868030226652236,15.867325061727346,14.386856524345314,14.386217394199527
3.3162932462165258,39644080400.69566,39642319766.10451,15.868231265303576,15.867526540749903,14.42195057620371,14.42130988682368
3.356289820394258,39644595674.61192,39642836470.084854,15.868437512631942,15.867733360486241,14.456218012196935,14.455575812530352
3.396768778314074,39645126954.44373,39643366903.92041,15.868650166605816,15.867945675835431,14.489678554013297,14.489034882546244
3.4377359378261105,39645672504.60487,39643911467.76593,15.868868532526687,15.868163646966355,14.522351461926325,14.521706344836446
3.4791971869474256,39646229194.30586,39644470575.53957,15.869091357241727,15.868387439556946,14.554255516785501,14.553608995207657
3.521158484708249,39646804211.04529,39645044655.510666,15.869321517671995,15.86861722502943,14.585409074016596,14.584761188153912
3.56362586200845,39647391710.22447,39645634150.89777,15.86955667441543,15.868853180789733,14.615830060169516,14.615180847451063
3.606605422484327,39648001387.57131,39646239520.59108,15.869800708355406,15.869095490516614,14.645535995783996,14.644885476506417
3.6501033433858567,39648620922.13049,39646861239.846756,15.870048687815707,15.869344344439607,14.674543973233517,14.673892168470005
3.6941258764645224,39649260374.00844,39647499801.005646,15.870304639528541,15.86959993962668,14.70287066985886,14.702217616112899
3.7386793488718437,39649918939.88577,39648155714.30369,15.870568241951384,15.86986248030862,14.730532411467292,14.729878121478794
3.7837701640687524,39650591851.43653,39648829508.72992,15.870837586479006,15.870132178222473,14.757545110547687,14.756889605314843
3.8294048027459335,39651280882.07729,39649521732.93617,15.871113382952172,15.870409252975659,14.78392428857907,14.783267616287414
3.875589823755259,39651993797.14111,39650232956.17903,15.87139873958022,15.870693932423004,14.809685144707379,14.809027339988322
3.922331865052462,39652722216.2312,39650963769.33876,15.871690301963879,15.870986453074588,14.83484251460833,14.834183607736975
3.9696376446511854,39653472210.17197,39651714786.009705,15.871990500055986,15.8712870605322,14.859410871933775,14.85875090518394
4.017513961588521,39654250175.55142,39652486643.6662,15.872301894201918,15.871596009956008,14.883404406552652,14.882743380721482
4.06596769690221,39655041534.60701,39653280004.90808,15.87261864939919,15.871913566563094,14.90683693276314,14.906174853706155
4.115005814619619,39655852638.41521,39654095558.76471,15.872943307776394,15.87224000614942,14.929721899165752,14.929058822498764
4.164635362758645,39656692538.94329,39654934022.10253,15.873279492540544,15.872575615653224,14.952072508850273,14.951408472326662
4.214863474340702,39657553267.05443,39655796141.15652,15.873624013906307,15.872920693768005,14.973901656752158,14.973236682973747
4.265697368415905,39658440553.43357,39656682693.16224,15.8739791656798,15.873275551595789,14.995221922078452,14.994556036303221
4.317144351100639,39659354493.14043,39657594488.0987,15.87434498591032,15.873640513344734,15.016045613475017,15.015378823618184
4.369211816627631,39660289431.580666,39658532370.585045,15.874719211248342,15.874015917088308,15.03638472144978,15.035717052865072
4.421907248408684,39661255341.33723,39659497221.908905,15.875105833393278,15.874402115577183,15.056250973352066,15.055582455685048
4.4752382201102385,39662249379.942986,39660489962.15577,15.875503714598326,15.87479947709155,15.075655852132702,15.074986494318045
4.529212396741896,39663264730.212616,39661511552.62325,15.875910126166735,15.875208386407458,15.09461052277641,15.093940368364832
4.583837535758073,39664318978.19888,39662562998.502495,15.876332107221359,15.875629245870108,15.11312593750388,15.112455021412973
4.639121488172954,39665403989.10479,39663645351.52831,15.876766401668506,15.876062476454619,15.131212833140406,15.130541147531163
4.695072199688863,39666514737.11148,39664759712.896515,15.87721099783695,15.876508518933724,15.148881629823684,15.14820919763604
4.75169771183828,39667663266.65591,39665907236.65623,15.87767071672163,15.876967835235616,15.166142534583772,15.165469385738112
4.8090061631396015,39668853134.914116,39667089133.28655,15.878146982144,15.877440909875565,15.183005586362162,15.182331695072804
4.867005790266854,39670062321.181335,39668306673.57494,15.878630979934771,15.877928251508306,15.1994804979876,15.198805884121478
4.925704929233514,39671316923.31029,39669561192.87159,15.879133156212463,15.87843039463093,15.215576772874043,15.21490149252856
4.9851120165906035,39672608317.40429,39670854095.73992,15.879650059112748,15.878947901444329,15.2313037711489,15.230627846920521
5.0452355906392325,39673943103.93355,39672186861.119934,15.880184330588389,15.879481363919904,15.246670622019991,15.245994066633694
5.106084292657776,39675316458.74617,39673561047.98196,15.880734039688859,15.880031406062587,15.261686246505624,15.261009069357607
5.1676668681438365,39676733698.3898,39674978301.4942,15.88130131445463,15.88059868637951,15.27635935689212,15.275681576700721
5.229992168071196,39678255423.91279,39676440359.89547,15.881910411507128,15.881183900630925,15.290698773177354,15.290020119686135
5.293069150161929,39679709179.14012,39677949062.18392,15.88249230226906,15.881787784907763,15.304712569409945,15.304033044186161
5.356906880173848,39681261219.24564,39679506356.57823,15.883113533259374,15.88241111901836,15.318408608574323,15.317728516304745
5.4215145332034815,39682870241.47655,39681114309.94352,15.883757572334387,15.88305473026136,15.33179515393268,15.331114527717215
5.486901395004776,39684526672.69734,39682775118.370544,15.884420587680461,15.8837194976602,15.344880032648236,15.344198900978384
5.5530768633236836,39686244214.700554,39684491119.014084,15.88510806367787,15.884406356701648,15.357670906682342,15.356989294811239
5.620050449248863,39688018709.06271,39686264803.38107,15.885818335845446,15.885116304654597,15.370175301213282,15.369493209389535
5.687831778578659,39689848953.19957,39688098832.359985,15.886550922827968,15.885850406585844,15.38240053779905,15.381717991629507
5.756430593204574,39691750636.93175,39689996053.266815,15.887312104748462,15.886609802183035,15.394353833708546,15.393670840508378
5.825856752511429,39693708703.30973,39691959519.20462,15.88809585480155,15.887395713503658,15.406042237347535,15.405358812429553
5.896120234794399,39695742005.93167,39693992511.14372,15.888909719467124,15.888209453813033,15.417472649098137,15.416788826657255
5.967231138693149,39697846464.02486,39696098563.22778,15.889752065345078,15.889052437713502,15.428651875253951,15.427967670847174
6.039199684643272,39700031413.473816,39698281491.95164,15.890626629285235,15.889926192823362,15.43958658615389,15.438902006704565
6.11203621634521,39702295362.336395,39700545429.92288,15.89153281411185,15.89083237329053,15.45028333098908,15.44959837580679
6.1857512022509145,39704640225.07167,39702894865.12879,15.892471386120398,15.891772775509814,15.46074850588878,15.460063205634425
6.2603552370684294,39707083113.9451,39705334686.8722,15.893449194792138,15.89274935650953,15.47098844609415,15.470302815863583
6.335859043284609,39709612852.97834,39707870239.83111,15.894461766747765,15.893764255589813,15.481009364096195,15.480323424983556
6.412273472706223,39712247696.09034,39710507388.111626,15.89551640843516,15.894819819960917,15.490817359597557,15.49013115731799
6.489609508019627,39714996409.2317,39713252591.61987,15.896616628578197,15.895918635312388,15.500418515633747,15.499732050545878
6.567878264369249,39717852605.08584,39716112997.789536,15.897759870542556,15.89706356252861,15.50981878196994,15.509132063841879
6.647090990955133,39720835637.29847,39719096552.79877,15.898953880960844,15.898257782205311,15.519024029622502,15.518337086786586
6.727259072649714,39723946631.44021,39722212137.56394,15.900199110362237,15.899504849083412,15.528040087097546,15.527352949238537
6.808394031634124,39727208934.32136,39725469735.56479,15.901504903712778,15.90080875922395,15.536872761481439,15.536185432413841
6.89050752905422,39730614716.223114,39728880642.27479,15.90286812703162,15.902174033836241,15.545527794968848,15.544840281493201
6.973611366696582,39734190786.00538,39732457729.73273,15.904299511030247,15.90360582517722,15.554010884686129,15.553323220179408
7.057717488684729,39737942065.820435,39736215785.19276,15.905801025885543,15.905110052102017,15.562327742615869,15.56163996777214
7.142837983195795,39741896956.29783,39740171951.04661,15.90738403944242,15.90669357615046,15.570484104081638,15.569796259532781
7.228985084197899,39746061386.90204,39744346306.19701,15.909050925071952,15.908364434251858,15.578485730665282,15.577797871413264
7.3161711732084855,39750477969.074165,39748762649.04849,15.910818738743027,15.910132152130693,15.586338478646923,15.585650650673958
7.404408781073854,39755161381.03793,39753449575.38052,15.912693355669452,15.912008175744013,15.594048336407411,15.593360554607852
7.493710589770156,39760144778.03623,39758442001.06306,15.914688046812659,15.914006480774791,15.601621377780857,15.60093370069069
7.58408943422613,39765476731.22835,39763783378.55036,15.916822253622177,15.916144459822034,15.609063920647294,15.608376433292277
7.67555830416779,39771213079.46797,39769529041.094635,15.919118326568368,15.918444260980325,15.616382628474119,15.615695415205506
7.768130345985381,39777414514.00687,39775751474.50994,15.921600558378142,15.92093489795485,15.623584559527602,15.62289775791459
7.861818864622859,39784191378.01094,39782549093.535324,15.92431311581883,15.923655762953054,15.630677417226186,15.62999121548614
7.956637325490131,39791674276.5794,39790061916.08079,15.927308275848246,15.926662900573643,15.637669865518665,15.63698448999586
8.052599356398389,39800062860.10517,39798502328.28735,15.930665952001403,15.930041322055855,15.644571930966436,15.643887750341145
8.149718749518765,39809689660.85419,39808224203.122314,15.934519246089357,15.933932671196867,15.651395929717818,15.650713613453023
8.24800946336461,39821168453.006836,39819915300.67173,15.93911383188082,15.938612235908277,15.658158381058577,15.657479345763646
8.3474856247977,39835956831.546234,39831626064.49546,15.945033137066616,15.943299672387319,15.664885258334424,15.664195746836969
8.448161531058608,39860722529.756424,39837860093.318596,15.954946037622612,15.945794950625086,15.671640594063467,15.67083795437432
8.550051651821585,39865901785.02644,39838577678.61209,15.957019124438501,15.94608217659362,15.678377311869117,15.677355600593412
8.653170631274223,39855759950.75486,39838049799.47498,15.952959679243929,15.945870883806826,15.684930459131314,15.683719696206444
8.757533290222188,39875805897.03685,39837532824.13918,15.960983417171997,15.945663955455757,15.691376169182583,15.68992806110981
8.863154628219347,39878686478.3201,39837029986.62936,15.962136419827605,15.945462686014919,15.697777387665305,15.695984503670173
8.970049825723585,39866610635.80052,39836510404.760895,15.957302854264038,15.945254714353911,15.703982925179536,15.70189260996311
9.078234246278617,39872023243.11687,39835983860.04244,15.959469344286658,15.945043955691347,15.71001034555421,15.70765578220998
9.187723438722127,39872182894.97994,39835457908.35725,15.95953324771586,15.944833434400634,15.715921237261618,15.713277424169835
9.298533139420517,39858614241.7628,39834922790.36406,15.954102158760534,15.944619244136051,15.72162812007011,15.718760848020734
9.410679274530622,39859357166.37548,39834375247.44443,15.954399527231377,15.944400080579006,15.727139389853265,15.724109225929078
9.524177962288718,39878412186.08538,39833822121.85752,15.962026629599888,15.94417868246249,15.73261448069684,15.729325672185961
9.639045515327101,39854682801.833115,39833265515.83143,15.952528531692398,15.943955891239778,15.737936477225574,15.734413269575153
9.755298443018628,39866800874.12139,39832702060.194046,15.95737900045385,15.943730358341265,15.743078349642532,15.739375021680996
9.872953453849549,39857779555.92093,39832131780.67631,15.953768061265048,15.943502094066197,15.748112484422798,15.744213845171032
9.992027457820912,39868815473.81012,39831553454.214745,15.958185378945787,15.943270608862198,15.753037473871164,15.74893258189904
10.112537568878977,39865205263.65068,39830966049.80865,15.956740329668635,15.943035490053337,15.757880574418875,15.75353399570797
10.234501107374921,39885125601.32629,39830371134.25898,15.964713790571865,15.942797364778894,15.762686936897568,15.75802078757472
10.357935602554209,39878536259.60843,39829770355.888954,15.962076292180978,15.942556892808843,15.767441883853087,15.762395609732108
10.48285879507597,39868803557.58152,39829162520.07979,15.958180609268465,15.942313595976286,15.772006696886283,15.766661053647292
10.60928863956282,39871744232.85919,39828547366.809135,15.959357665588366,15.94206737020276,15.77643151695965,15.770819642520244
10.737243307181362,39867408035.48091,39827923282.960556,15.95762202732623,15.941817569810418,15.78074468140311,15.774873830851842
10.866741188253847,39878577869.35098,39827290777.451225,15.962092947202636,15.941564398502187,15.784988501824074,15.778826009816163
10.997800894901342,39852170421.274025,39826651392.46623,15.951522907767334,15.941308473564419,15.789058461011594,15.782678523690807
11.130441263718758,39874600203.7813,39826004555.08562,15.960500817519776,15.941049565675955,15.793014523407264,15.78643366574893
11.264681358482123,39862008556.84738,39825347554.87886,15.955460792286777,15.940786589939936,15.79692251200901,15.790093659303094
11.400540472888565,39859382929.817825,39824681908.28895,15.95440983949634,15.940520153338987,15.800666043529493,15.79366066945043
11.538038133329287,39892429886.232635,39824010700.73914,15.967637457382903,15.940251490867324,15.804466141451186,15.797136831857474
11.677194101695985,39857550744.48654,39823331799.811615,15.953676475517057,15.939979748987694,15.80816559033785,15.800524235963437
11.818028378221166,39860647089.58217,39822641507.611496,15.954915841383485,15.939703447553498,15.811627773052379,15.803824894015882
11.960561204352672,39850004103.939575,39821941272.06963,15.950655801654401,15.939423166124186,15.814971757384125,15.80704076006662
12.104813065662881,39832978422.604904,39821233902.86415,15.943840977192911,15.939140029322195,15.8181051436585,15.810173762098762
12.250804694792999,39861944589.49135,39820518126.0132,15.955435188242271,15.938853527214174,15.821222217671949,15.813225789583484
12.39855707443289,39844828544.82382,39819791259.12785,15.94858419428841,15.938562586127405,15.82432032054909,15.816198668427784
12.548091440336803,39854805514.2425,39819054397.62403,15.95257764946412,15.938267644521119,15.82731194374363,15.819094173862343
12.699429284375467,39888985532.30334,39818309606.61048,15.966258794940561,15.937969528990934,15.83044274937908,15.821914054072716
12.852592357625056,39872721175.45537,39817555330.40117,15.959748703818848,15.937667616846515,15.833582894477408,15.82466001813934
13.007602673493352,39877776429.32037,39816791410.87526,15.961772156920143,15.937361844797254,15.836596101610478,15.827333726565149
13.164482510883603,39869639734.418335,39816017901.53404,15.958515303560555,15.937052234257969,15.839522934808635,15.829936800022752
13.32325441739661,39866483184.88,39815234352.47645,15.957251839820989,15.93673860514795,15.842327020431448,15.832470818894254
13.483941212571365,39868890369.46178,39814440656.26453,15.958215357230294,15.936420914463291,15.84506127724385,15.834937323486804
13.646565991164776,39852539598.05329,39813636948.78745,15.951670677180875,15.936099216595993,15.847664107623135,15.83733781775672
13.811152126471006,39854347468.80974,39812823293.86764,15.952394308829563,15.935773537092086,15.850136832859976,15.839673770973794
13.977723273680795,39855076061.73188,39811998931.391464,15.952685940792518,15.9354435717029,15.852562970841513,15.841946614273288
14.146303373281274,39862509802.501465,39811163522.73731,15.955661424559725,15.935109184889253,15.854970521751778,15.844157739686604
14.316916654496875,39870816926.83703,39810317878.42741,15.95898649525815,15.934770701076737,15.857395694000868,15.846308508535625
14.489587638771654,39859029618.884964,39809461426.23615,15.9542684206632,15.934427891222121,15.859746337087136,15.848400250980665
14.664341143293623,39859953578.57678,39808593911.50591,15.954638251566612,15.93408065339427,15.861990141666654,15.850434261756497
14.84120228456165,39848628004.95426,39807715895.95071,15.950104994151182,15.933729212428968,15.864131118836573,15.852411806402435
15.020196481995317,39849150524.889275,39806825119.83338,15.95031414182432,15.933372663827198,15.866170486216104,15.854334112343485
15.201349461588306,39859244410.81706,39805922332.12828,15.95435439486207,15.93301130737894,15.868212147319051,15.85620237084695
15.384687259605924,39872027482.9499,39805009053.95021,15.959471041353417,15.932645751936798,15.870313985916576,15.858017755742527
15.570236226327143,39851754284.9012,39804083922.84727,15.951356341961414,15.93227545215575,15.872329574067592,15.859781413720098
15.758023029831811,39860964959.4012,39803146906.9499,15.955043074295679,15.931900395279454,15.874245794070786,15.861494457729055
15.948074659833509,39835271982.78794,39802197458.43845,15.94475901446449,15.931520362033588,15.876037472130195,15.863157971587725
16.14041843155869,39871307779.62776,39801235610.14221,15.959182967607157,15.931135365558637,15.877837497294472,15.864773011011522
16.335081989672556,39857729045.15773,39800261783.92714,15.953747843455385,15.93074557471378,15.879699947245642,15.866340608871052
16.532093312252265,39863284447.754944,39799275351.6179,15.955971489767608,15.930350738060932,15.881480773415594,15.867861772558337
16.731480714808132,39846013875.97382,39798275794.57149,15.949058643654471,15.929950648004233,15.883163212109778,15.869337480163896
16.933272854353273,39848926993.96667,39797263426.495674,15.950224669692819,15.929545430110661,15.884738288243733,15.870768685657492
17.13749873352231,39851677378.85681,39796238212.823395,15.951325558982324,15.929135070544147,15.886302897020588,15.872156321721299
17.34418770473983,39855311757.726166,39795198909.15535,15.952780282205104,15.928719071212273,15.88786073605681,15.873501292841935
17.553369474439055,39866649646.23982,39794145876.90305,15.957318468869456,15.928297576776272,15.889452877424032,15.874804477936053
17.765074107331372,39852206262.609825,39793079636.3869,15.951537253884071,15.927870795503413,15.890991840587475,15.876066739282459
17.979332030727445,39867388555.2033,39791999520.8156,15.957614230007007,15.927438460498907,15.892498688520293,15.877288918002787
18.196174038910378,39856126353.31,39790905188.21846,15.95310633822611,15.92700043488305,15.893987672144835,15.87847183051718
18.415631297561585,39866593850.16515,39789796517.7416,15.95729613552214,15.92655667028198,15.895438228558827,15.879616271715086
18.637735348240156,39857880373.05295,39788673387.92324,15.953808415071979,15.92610711807851,15.896862190271749,15.880723016504668
18.862518112916142,39861425197.304955,39787535497.30174,15.955227292504805,15.925651657607386,15.898228256885188,15.88179281942469
19.090011898558522,39844486985.22858,39786382838.327194,15.948447479132113,15.925190285846627,15.899497871693196,15.882826415680716
19.320249401778593,39865860416.03998,39785215117.41443,15.957002565783645,15.924722885283673,15.900759525628708,15.883824521623994
19.553263713529255,39857375657.31663,39784031877.09717,15.953606393838387,15.924249272809705,15.902051552071606,15.884787833068364
19.789088323861044,39874064791.38223,39782833051.104836,15.960286509414129,15.923769421898777,15.903352584826294,15.885717026870383
20.027757126735455,39869453601.96936,39781618629.44297,15.958440800817234,15.923283328550431,15.90467945627652,15.886612763490648
20.269304424896426,39935050348.53391,39780388280.51378,15.98469703716367,15.922790860036896,15.906266051728293,15.887475686113458
20.513764934800466,39848784331.24461,39779141560.798386,15.950167566462182,15.922291838832042,15.907712737862981,15.888306419006511
20.76117379160629,39844580542.95644,39777878390.561295,15.948484927236532,15.921786233020354,15.908698516895281,15.889105569176811
21.011566554224647,39855546624.92234,39776598551.6343,15.95287429187686,15.921273955276222,15.909693435793091,15.889873727833802
21.264979210429043,39866389304.59516,39775301751.42068,15.957214262607545,15.920754888482726,15.910768186563779,15.89061146975622
21.52144818202804,39858088603.0234,39773987907.3226,15.953891762731807,15.920228999578654,15.911828983334466,15.891319354332225
21.78101033010006,39879882959.694855,39772656715.27146,15.962615332264653,15.91969616685527,15.912929483781067,15.891997925857405
22.043702960291224,39855361990.2489,39771307844.17859,15.952800388644192,15.919156257788583,15.913989666748959,15.892647712719604
22.309563828177094,39856051091.94504,39769941071.87562,15.953076213558507,15.918609183451851,15.914912449194652,15.893269228168045
22.578631144689147,39876433741.122574,39768556260.633125,15.961234722664523,15.918054888716481,15.915913841227145,15.893862971588085
22.85094358160664,39837197822.42174,39767152906.82039,15.945529865203872,15.917493171995536,15.916800420791743,15.89442942748233
23.126540277114675,39844595280.40513,39765730769.67645,15.94849082615616,15.916923936920265,15.917516358230651,15.894969065352557
23.405460841429427,39862374569.806915,39764289837.18552,15.955607295326557,15.916347178681134,15.918335005075736,15.895482342385186
23.687745362491093,39828102619.49336,39762829664.08729,15.941889352370339,15.915762719054984,15.919054576973112,15.895969702754549
23.9734344117255,39862077609.912544,39761349983.00016,15.955488431974633,15.915170451017685,15.919757632561328,15.896431576737744
24.26256904987534,39867952764.44152,39759850602.71335,15.957840064547337,15.914570298033802,15.920632183325562,15.896868382245573
24.555190832901552,39874235222.41792,39758331178.71307,15.960354727394261,15.913962122205715,15.921543671617282,15.89728052474329
24.851341817956033,39859485839.5908,39756791411.95249,15.954451030919131,15.913345803834737,15.922392821227389,15.89766839703976
25.15106456942623,39834848505.798965,39755230965.84341,15.944589510449548,15.912721208195595,15.923034818829594,15.89803237962257
25.454402165052805,39865776942.81042,39753649568.73454,15.956969154174706,15.912088226555158,15.923693015045068,15.898372841082738
25.76139820212097,39837589471.7745,39752047125.591805,15.945686629655,15.911446820874373,15.924346933610714,15.898690139545069
26.072096803726463,39876269718.03401,39750423276.05167,15.96116906957645,15.910796846911488,15.925037011911895,15.898984622482935
26.38654262511724,39804463946.47286,39748777141.094666,15.9324275632078,15.910137952823705,15.925550535337639,15.899256623246126
26.70478086011153,39872471324.148254,39747108738.397255,15.959648696496616,15.909470145686333,15.926037855992666,15.899506463228194
27.02685724759327,39839916571.52307,39745418238.35405,15.946618091719817,15.908793493702772,15.92667887253323,15.89973445710439
27.35281807808605,39825500511.95639,39743704840.044914,15.940847813665027,15.908107676290836,15.927082504490704,15.899940909077472
27.68271020040616,39840148566.58591,39741967951.962875,15.946710951770353,15.907412456689595,15.927478499740516,15.900126109546822
28.016581028395926,39847680501.05989,39740207577.22913,15.94972573927205,15.906707836148362,15.92797007787728,15.900290339258802
28.354478547738374,39826056467.886894,39738423525.29723,15.941070344675694,15.905993738397612,15.928382362953077,15.900433871414196
28.696451322853907,39841312586.95528,39736615276.345764,15.947176871126585,15.905269955369802,15.928755734822165,15.900556969363587
29.042548503880234,39861358783.21644,39734782477.96274,15.955200709113155,15.904536346005917,15.929287783796973,15.90065988608735
29.39281983373656,39842500932.737946,39732924761.30305,15.947652527151694,15.903792762669303,15.929811756439559,15.900742865151983
29.747315655272857,39870350075.657196,39731041785.712425,15.95879962997049,15.903039069007175,15.930367275153122,15.900806140990154
30.10608691850536,39850198319.81648,39729133193.50729,15.950733539930052,15.902275121850472,15.930944765730615,15.900849939168719
30.469185187939466,40030155437.55142,39727198473.43857,16.02276449974027,15.901500716562877,15.932271983041705,15.900874475786033
30.8366626499808,39884543969.31947,39725237268.74362,15.964480982266007,15.900715710343954,15.933721353812048,15.900879957709368
31.208572120435743,39818285345.9209,39723249249.73062,15.937959818228846,15.899919971228826,15.934134054374082,15.900866583650885
31.58496705210235,39836455722.45355,39721234118.99358,15.945232826811301,15.899113380175587,15.934311365292064,15.900834544642416
31.965901542452947,39876759727.07015,39719191453.8042,15.961365204198037,15.89829576797989,15.934762362210726,15.900784023771804
32.35143034140928,39807629198.51152,39717120443.99541,15.933694510274163,15.897466810358313,15.935062882227214,15.900715193932388
32.74160885921138,39850119005.39106,39715020880.785255,15.950701792954652,15.896626423742251,15.935233137153789,15.900628219107096
33.13649317438156,39846949438.48467,39712892583.78856,15.949433118787587,15.895774535929405,15.935584498631737,15.900523257549356
33.53614004178425,39828189394.95057,39710734965.190254,15.94192408575321,15.894910911636593,15.935823112825558,15.900400460109267
33.94060690078302,39844552135.68994,39708547571.20426,15.948473556735062,15.894035369228062,15.93604570519268,15.900259969128053
34.34995188349621,39844054841.28139,39706329938.01209,15.948274506016716,15.893147723052408,15.936337771172084,15.900101919223488
34.764233823151955,39852299224.45701,39704081611.7742,15.951574463476904,15.89224779145248,15.936659899052641,15.8999264374732
35.1835122625439,39812853146.20799,39701802147.99834,15.935785486009447,15.891335396512536,15.936825096094351,15.899733643684922
35.60784746258914,39866421944.9879,39699491041.87164,15.957227327491262,15.890410336172472,15.9370559861771,15.899523650325047
36.03730041098919,39836636871.533714,39697147797.80405,15.945305334874762,15.889472412063755,15.93739180814862,15.899296562452285
36.4719328309954,39840138912.359055,39694771946.37645,15.946707087498492,15.888521436293248,15.937595998308383,15.899052478061433
36.91180719028024,39831381344.880486,39692362967.082436,15.943201719113935,15.887557200519222,15.937770083190168,15.898791488130412
37.356986709915475,39838445446.522125,39689920344.71779,15.946029248404516,15.886579498522247,15.937932463754258,15.898513676571005
37.807535373458514,39826927397.69813,39687444062.96899,15.941418949448988,15.88558832377255,15.93806935059759,15.898219122800969
38.26351793614863,39836099898.33343,39684933571.933365,15.945090402031338,15.884583456162051,15.93819246092736,15.897907901656591
38.724999934213855,41174476584.46768,39682386856.82797,16.480798900274024,15.8835640892389,15.944739870742348,15.897580073999038
39.19204769429011,39771019213.58895,39679804045.89865,15.919040728385445,15.882530274335723,15.950745651991427,15.897235690363365
39.66472834295417,39799893917.68033,39677185577.56224,15.930598329863601,15.881482186936466,15.950132236398733,15.896874802783058
40.143109816371364,39865859455.06746,39674530231.86587,15.957002181137716,15.880419338733823,15.949984095276811,15.896497458306012
40.62726087005974,39814309672.64189,39671837457.75789,15.936368485994906,15.879341509159804,15.949904476585901,15.896103694487225
41.11725108877194,39817963303.58975,39669106720.667625,15.937830915196258,15.878248484243219,15.949601212365579,15.895693542844928
41.61315089649633,39812298375.344986,39666337421.22729,15.935563429342613,15.877140024076708,15.949295331553573,15.895267028772162
42.11503156657874,39818035538.34157,39663528927.34655,15.937859828409419,15.876015875655145,15.948997364172811,15.894824171220462
42.62296523196612,39815203907.72414,39660680641.74556,15.936726419107421,15.874875799906905,15.948719989289282,15.894364982864264
43.13702489557402,39843031256.69608,39657791925.59438,15.94786479852054,15.873719541129216,15.948568575111826,15.893889470215491
43.65728444077888,39834432231.343544,39654862117.028725,15.944422889373673,15.872546834399408,15.948510884493487,15.893397633463863
44.18381864203688,39807927243.91077,39651890586.7602,15.933813808118256,15.871357427833884,15.94828760519905,15.892889466673498
44.71670317563108,39815141083.00012,39648876688.08664,15.936701272421212,15.870151062578872,15.947979104666949,15.89236495799851
45.25601463054789,39753553420.647156,39645819805.25865,15.91204974161438,15.868927492169995,15.947418142778336,15.891824089888592
45.80183051948482,39833068466.96459,39642719198.32642,15.943877019010737,15.867686420429495,15.946959484570385,15.891266838777632
46.35422928999115,39816312631.170715,39639574138.65975,15.93717020491054,15.866427555710487,15.946806531003118,15.890693174694851
46.91329033574276,39792721486.65671,39636383984.60683,15.927727439857655,15.8651506411807,15.946465700692157,15.890103061884773
47.479094007952895,39768787559.04202,39633148003.55254,15.918147469919187,15.863855383598217,15.945907594198902,15.889496458920325
48.05172162692088,39827471053.91929,39629865455.9262,15.94163655728751,15.862541486937033,15.945529824301362,15.888873318375325
48.631255493719785,39839960297.08766,39626535577.64991,15.94663559363597,15.86120864536171,15.945497158859647,15.888233586816902
49.21777890202509,39832381757.05413,39623157587.74858,15.943602151450152,15.859856546273415,15.945487981186323,15.887577204751736
49.811376150086275,39790587810.52816,39619730767.368614,15.926873398953923,15.858484901938514,15.945243947613857,15.886904106986282
50.41213255284251,39793853176.24247,39616254366.0831,15.928180418256597,15.857093411985613,15.944824292055293,15.886214222904027
51.02013445418457,39806263946.307106,39612727557.8712,15.933148044383262,15.855681745785537,15.944489167604539,15.88550747608458
51.6354692393646,39838032636.78677,39609149522.42984,15.945864014142984,15.85424957499774,15.944372011051655,15.884783784112148
52.2582253475557,39849707588.999,39605519395.977,15.950537116402955,15.852796553878475,15.94446304817328,15.884043058537163
52.8884922845628,39910826146.1405,39601836236.34276,15.975000879706846,15.851322305307884,15.944898485971567,15.883285204440389
53.526360635686835,39769732739.4374,39598099319.05613,15.91852579477752,15.849826539303875,15.944938657551024,15.882510121255152
54.171922078744295,39786968700.89533,39594307867.79764,15.925424787508083,15.848308945131107,15.944395104171333,15.88171770367989
54.825269397243595,39862305945.549866,39590460795.94241,15.955579827276592,15.846769087849113,15.94430501804489,15.880907840065795
55.48649649372027,39856250736.354324,39586557170.07323,15.953156124698465,15.845206593841448,15.94454325543176,15.880080411835499
56.15569840323338,39816725966.50796,39582596211.56195,15.937335649553352,15.843621151448689,15.944558778681321,15.879235295107629
56.83297130702432,39814385522.045425,39578576987.71626,15.936398846035155,15.842012387344546,15.944376486028924,15.878372360817153
57.51841254634043,39848630119.949684,39574498438.75242,15.950105840714809,15.84037987733218,15.944350826359923,15.87749147350582
58.21212063642555,39815856641.89234,39570359595.89555,15.936987687287466,15.83872323364264,15.94433084521238,15.876592491308754
58.91419528067912,39788546021.86758,39566159494.71916,15.926056137604094,15.837042070247474,15.944026602460408,15.87567526655591
59.6247373849859,39806462120.425804,39561897085.76006,15.933227367013894,15.83533596708083,15.94368630881569,15.874739645524496
60.34384907221895,39765556700.868835,39557571403.03674,15.91685426285878,15.833604537491844,15.943243401099863,15.873785468579772
61.07163369691718,39772877809.038666,39553181512.02937,15.91978466347302,15.83184740742273,15.942653116476666,15.87281257085865
61.808195860139854,39847628964.73204,39548726196.95967,15.949705110962334,15.83006409023713,15.942467880910186,15.871820781200256
62.553641424500675,39976245335.36076,39544204105.1909,16.001186045644445,15.828254044518717,15.943252837055873,15.870809920316738
63.308077529382736,39793781349.87462,39539614331.498405,15.928151668506205,15.826416907935604,15.943755035003319,15.86977980247489
64.07161260633724,39771184889.087524,39534955908.41958,15.919107042879306,15.824552293244096,15.943277579413207,15.868730237460712
64.84435639466776,39799057553.18412,39530227525.20288,15.93026356045758,15.822659675793139,15.942837887258538,15.86766102875474
65.62641995720267,39759638520.79989,39525428034.22147,15.914485408566927,15.82073859622517,15.942351952273189,15.86657197284157
66.41791569625771,39791017894.12823,39520556230.39704,15.927045547379622,15.818788572186676,15.941841421908835,15.865462859870416
67.21895736979077,39797375451.98022,39515610844.735695,15.929590270255225,15.816809095740831,15.941521206369783,15.864333473229541
68.02966010775216,39731968499.686386,39510590734.59416,15.90341000235982,15.814799709524832,15.94092655347271,15.863183590007864
68.85014042863149,39791228470.05449,39505494590.808716,15.927129834048982,15.812759889523173,15.94032038611813,15.862012980945446
69.68051625620426,39804355536.77002,39500321014.95552,15.932384170342615,15.810689075992444,15.940070493736846,15.860821409373292
70.52090693648064,39785824780.6891,39495068724.76775,15.92496691359102,15.808586755683093,15.939800000262332,15.859608631522253
71.37143325485853,39788151280.36893,39489736451.74148,15.925898135467904,15.8064524208544,15.939459675169047,15.858374397304349
72.23221745348323,39775299322.01892,39484322912.92311,15.920753916072506,15.80428555798193,15.939077074866006,15.857118450458445
73.10338324881701,39849001002.95088,39478826626.14581,15.950254293073293,15.802085573802675,15.938994519516296,15.855840527678117
73.98505584942022,39899704690.541046,39473246000.0508,15.970549324072934,15.799851831347663,15.939503137584484,15.854540357318845
74.87736197394675,39873760245.53362,39467579539.76575,15.960164609652354,15.797583732268306,15.940114923694999,15.853217659541174
75.78042986935695,39775789654.37912,39461825906.68563,15.92095018011016,15.795280740764701,15.940122622159107,15.851872147704952
76.69438932934987,39669833091.990204,39455983769.39949,15.87853922697239,15.792942323916508,15.939162985552784,15.85050352930133
77.61937171301778,39749612685.89993,39450051542.05255,15.910472394134198,15.790567846957826,15.938107244601964,15.849111504911972
78.55550996372601,39745609391.04919,39444027554.56134,15.908870005886753,15.788156641408758,15.937433430029461,15.847695766771816
79.50293862822011,39844628434.25959,39437910107.305405,15.948504096561845,15.78570802696672,15.937229026929602,15.846255998428914
80.4617938759637,39754290047.515335,39431697642.035545,15.912344589303679,15.783221379915423,15.937065244234654,15.844791875485384
81.43221351870939,39806788257.20573,39425388486.29859,15.93335790892067,15.780696030826457,15.936729981326533,15.843303065907206
82.41433703030589,39742013082.384,39418980921.12017,15.90743052092396,15.778131291650492,15.936341116774653,15.841789229444986
83.40830556674398,39700519002.61769,39412473390.35538,15.89082179530294,15.775526539513526,15.935458248470809,15.840250018386
84.41426198644395,39750747628.24529,39405864045.21375,15.910926674506625,15.772881034405085,15.934640318861325,15.838685077102577
85.4323508707883,39768667256.42301,39399150973.95341,15.918099316707888,15.770194011117296,15.934163975850906,15.837094040560041
86.46271854490156,39743449805.89522,39392332387.95822,15.908005594445905,15.767464753725514,15.933663089431414,15.8354765348302
87.50551309868081,39716594597.69237,39385406468.40802,15.897256331248638,15.764692534215397,15.932927119544434,15.833832177738294
88.56088440808018,39718514221.397896,39378371298.092705,15.898024693954842,15.761876585190324,15.932091171226453,15.832160578446674
89.62898415665175,39694903828.6806,39371224845.988045,15.888574224474509,15.759016093697598,15.931171455094612,15.83046133665345
90.70996585734608,39714516804.21944,39363965088.331406,15.896424658347746,15.756110249691098,15.930255803302984,15.828734042314958
91.80398487457624,39606164511.10402,39356590276.330826,15.853054772405047,15.753158353186485,15.928937448280294,15.826978277222313
92.91119844654749,39701025315.95795,39349098293.886826,15.891024456005237,15.75015955717822,15.927592132837411,15.825193614738861
94.03176570785615,39765753855.880974,39341486712.45488,15.916933177574322,15.747112889599201,15.927034530797329,15.823379616778306
95.16584771236167,39663440799.34704,39333753596.86949,15.875980600893742,15.744017575865852,15.926307183849412,15.821535834956762
96.31360745633391,39661919644.130135,39325896903.603516,15.875371732116152,15.740872798020964,15.925107601192607,15.819661812645231
97.47520990187972,39745304624.593994,39317914213.57095,15.908748017823365,15.737677587783379,15.924327011333054,15.817757082862807
98.65082200065248,39732701435.79853,39309803248.498245,15.903703372759958,15.734431033234562,15.923897800555803,15.81582116742353
99.84061271784705,39762129612.47046,39301561605.02338,15.915482511244859,15.731132172387154,15.923559729245634,15.81385357726889
101.04475305648423,39765665684.85339,39293186878.51367,15.916897885590187,15.727780042745188,15.92338523237034,15.811853812129803
102.26341608198875,39618921393.755264,39284676938.33883,15.858160936101827,15.724373791486906,15.92253157309002,15.809821362093135
103.49677694706244,39765440584.63117,39276029186.77545,15.916807785319277,15.72091237882843,15.921705406192995,15.807755706893662
104.74501291685849,39703164623.0085,39267240969.08161,15.891880750783235,15.71739474216323,15.921292319780749,15.805656313685846
106.00830339445916,39769150424.37172,39258309670.65991,15.918292713065494,15.713819834953313,15.920910255813551,15.803522637264646
107.28682994666,39674961537.24287,39249232693.69862,15.880591976196945,15.710186617379446,15.9203989655845,15.801354120627611
108.58077633006585,39619583386.14679,39240007597.28133,15.858425910046448,15.706494112422469,15.919191715936746,15.799150196081888
109.89032851750162,39665529330.86025,39230631590.96117,15.876816571881632,15.702741203157593,15.91797122493298,15.796910284569702
111.21567472474072,39710711944.34343,39221101706.88656,15.894901697143089,15.698926701650711,15.91721171619202,15.794633793444044
112.5570054375567,39744510643.66467,39211414981.20368,15.908430213175626,15.695049421567887,15.916844369897845,15.792320115973538
113.91451343910114,39661633105.82688,39201568606.61659,15.875257040186955,15.691108239240197,15.916249702040043,15.789968632441783
115.28839383761098,39646250652.62565,39191559715.56639,15.869099946306664,15.68710200687742,15.915205139030206,15.787578710905372
116.67884409445062,39605763841.26918,39181385399.30031,15.8528943973494,15.683029560200774,15.913919704566995,15.78514970700308
118.08606405249265,39662874390.013435,39171042506.33539,15.875753885727049,15.678889637774505,15.912746320076684,15.782680962898088
119.51025596483952,39807228409.70273,39160527650.22926,15.93353408759713,15.674680884116281,15.912558464052495,15.780171805332502
120.95162452389278,39716834413.949425,39149837621.67027,15.89735232186791,15.670402014643404,15.912624239590365,15.777621545730204
122.410376890773,39854032251.09448,39138968961.476295,15.952268137467936,15.666051644758195,15.912916846873578,15.775029480202756
123.88672272509324,39607457135.77774,39127918625.741234,15.853572167866222,15.661628556084402,15.912672999262776,15.772394890715336
125.38087421509283,39691756538.41304,39116683240.79372,15.88731446691878,15.657131398251508,15.911674898428764,15.769717045806177
126.89304610813464,39691198378.52855,39105258948.4171,15.887091053737276,15.652558626941332,15.91109509381173,15.766995197039204
128.42345574156886,39582505561.38428,39093642472.96782,15.8435848671417,15.647908931020686,15.910007936211393,15.764228579901307
129.97232307397022,39625684961.43366,39081830148.02082,15.860868171457385,15.643180842939303,15.908640218247047,15.761416415064964
131.53987071675215,39638513799.46713,39069817950.57678,15.8660031365448,15.638372752421882,15.90756960582494,15.758557905196593
133.12632396616075,39618404768.16237,39057602089.185104,15.857954147741427,15.63348314187451,15.906488902765242,15.755652234807021
134.731910835656,39481198689.793846,39045179052.612236,15.803035033448669,15.62851060586502,15.90468456188948,15.7526985731096
136.3568620886835,39567184668.747986,39032544788.56239,15.837452413946007,15.623453522391689,15.902686451145174,15.749696073122454
138.00141127184006,39648052402.74076,39019694821.501114,15.869821128062425,15.618310100044166,15.901526674812152,15.746643867483266
139.66579474844085,39571263707.052475,39006625182.33498,15.839085119825459,15.613078750123922,15.90040923568783,15.74354106935308
141.35025173249107,39542470173.15831,38993331782.03912,15.827560008127573,15.607757835927785,15.8988190140041,15.740386774692551
143.05502432306622,39597825379.772385,38979810155.97278,15.849716890350912,15.602345570405793,15.897394801987556,15.737180060312555
144.78035753910876,39524235564.25339,38966055883.368065,15.820261289423264,15.596840184068876,15.895914207438166,15.73391998276683
146.5264993546428,39613350364.14935,38952064328.3628,15.855931034808142,15.591239821332733,15.894546927233758,15.730605578012682
148.2937007344144,39449814020.848816,38937831110.83876,15.790472774973479,15.585542728979018,15.8928519880102,15.7272358621051
150.0822156699622,39535644862.461464,38923351569.987144,15.824828059057236,15.579747041438116,15.890835849734959,15.723809831534739
151.8923012161215,39571833443.53314,38908620464.32088,15.839313166740512,15.573850660713848,15.889444624626215,15.720326459598668
153.72421752796987,39536483022.6209,38893632901.2623,15.825163547208629,15.567851628467091,15.888088301042691,15.716784695877402
155.57822789821867,39403573049.981476,38878384175.5856,15.771964023799566,15.561748061349546,15.885963527533699,15.713183469334883
157.45459879505376,39428608154.72636,38862869250.26497,15.781984758997043,15.555537943204204,15.883382091358397,15.709521688107227
159.35359990043426,39455713099.182724,38847082720.27547,15.792833983464343,15.549219110576026,15.881109096203808,15.705798236677078
161.2755041488532,39553042859.62323,38831018884.39936,15.831791909390642,15.542789281453656,15.879481958537049,15.702011973286726
163.22058776656405,39523160913.69513,38814672265.78006,15.819831141885084,15.536246263630188,15.878209560629672,15.698161730233998
165.189130311282,39362837636.4833,38798037751.37052,15.755658967520205,15.529588010519795,15.876061737938944,15.694246317279742
167.1814147123639,39506928196.39132,38781109228.532555,15.813333715040075,15.522812075432949,15.873896485071418,15.690264519128394
169.1977273114714,39464924891.63307,38763880573.24672,15.796521163277639,15.515916007124575,15.872261291132297,15.686215091256205
171.23835790372596,39286853441.44591,38746346468.16027,15.725244974632124,15.50889767723195,15.869617480641443,15.68209676439777
173.30359977936027,39378220854.70813,38728500651.971924,15.761816367614468,15.501754579560554,15.866632855244363,15.67790824443157
175.3937497658705,39473581134.49643,38710336309.436066,15.79998597472631,15.494483986190046,15.864604428482288,15.6736482058776
177.5091082706783,39331406690.34221,38691847389.809586,15.74307818579408,15.487083475205475,15.862395337156812,15.669315293676192
179.64997932430765,39340134503.8387,38673027587.997406,15.746571644630883,15.4795505228831,15.859610131483869,15.664908126278705
181.81667062408056,39396452838.41023,38653869928.69567,15.769114035535784,15.471882337236485,15.857200682852456,15.660425291879465
184.00949357834142,39393065349.404625,38634367463.839035,15.767758134266128,15.464076137181884,15.855097594373328,15.655865346103774
186.22876335121506,39372451956.03766,38614513283.96602,15.759507265793367,15.456129157087412,15.85293004145364,15.651226813092052
188.4747989079024,39301808709.63756,38594300398.61931,15.731231080297865,15.448038598901201,15.85037972417582,15.646508186041356
190.74792306052458,39348176787.22654,38573721379.02815,15.749790708143253,15.439801489128818,15.847778052794286,15.641707925465996
193.04846251451977,39319499898.973236,38552768728.02536,15.73831228588769,15.431414826898973,15.845319769991992,15.636824457579829
195.37674791559772,39284053157.76687,38531434959.97321,15.724124112486292,15.42287561595524,15.842615492104594,15.631856174841479
197.73311389726268,39368640741.87308,38509711939.286865,15.75798176117442,15.414180599888581,15.840211697492677,15.626801433708232
200.11789912890913,39314535378.10323,38487591552.150024,15.73632515024246,15.4053265310032,15.838005443428521,15.6216585525295
202.53144636449608,39180066834.92926,38465066099.57028,15.682501781925518,15.39631032764375,15.834955047527176,15.616425814530986
204.97410249181,39180175437.686584,38442127351.19292,15.682545252064108,15.38712869546791,15.83134367482447,15.611101468067336
207.44621858232193,39302190854.90748,38418766314.347336,15.73138404057488,15.37777803500319,15.828400380878248,15.605683721307749
209.94814994164432,39293742193.759056,38394974102.0874,15.728002317310516,15.368254789095154,15.826061590468814,15.600170740099449
212.48025616059775,39249152804.20737,38370741971.10457,15.710154640223964,15.3585554580828,15.82352570177093,15.594560650153813
215.04290116689413,39233049034.76608,38346060748.81628,15.703708826999023,15.348676370480755,15.820762924285262,15.588851536626617
217.63645327744084,39222698603.85026,38320920989.634514,15.699565887377071,15.338613745528473,15.817940332208009,15.58304144175345
220.26128525127794,39160379409.582855,38295313160.706116,15.674621548224607,15.328363767536022,15.814838570511224,15.57712836416361
222.91777434315375,39151901558.42638,38269227550.53488,15.67122814115288,15.317922549308484,15.811476139387672,15.571110258649801
225.60630235774448,39107117103.820854,38242654043.9089,15.653302385892873,15.307286042056727,15.807939793830945,15.564985034439047
228.32725570452996,39220406852.209015,38215582172.22931,15.698648574005736,15.296450055542364,15.804816542901039,15.558750552683831
231.08102545333108,39022488046.43031,38188001764.09982,15.619428136802858,15.285410518487483,15.80135717156923,15.55240462735314
233.86800739051486,39221116408.39868,38159901788.69503,15.698932586186105,15.274163015612759,15.797994393776188,15.545945023651663
236.68860207588085,39137165595.8956,38131271044.45686,15.665329816384295,15.262703063300156,15.79524700135998,15.539369454310147
239.54321490022994,39045118653.02751,38102098808.474556,15.628486429882905,15.251026369518526,15.791729971717688,15.532675582307018
242.4322561436301,39162664112.19159,38072373216.97758,15.675536040098335,15.239128185587798,15.788423125584886,15.525861018861178
245.35614103438468,39152366136.67186,38042082225.776505,15.671414096659117,15.227003690612113,15.785699507684969,15.518923318420724
248.31528980870976,39101170358.582634,38011213935.66337,15.650922097896226,15.21464812172695,15.78274768061834,15.511859979849145
251.31012777113347,39100415621.78998,37979755885.286545,15.65062000139533,15.202056491060036,15.779620896560214,15.50466844574416
254.3410853556237,39042224697.777275,37947695336.56912,15.627328074064886,15.189223699974997,15.776287066863583,15.497346099801334
257.408598187451,38952523960.74449,37915019517.15861,15.591423797171142,15.176144636116065,15.772330093988206,15.48989026674185
260.5131071457995,38913985932.935455,37881715219.20137,15.57599828265292,15.16281401281058,15.76786027568731,15.482298211470866
263.6550584271334,38963469366.65793,37847768682.88471,15.595804885862607,15.149226322454687,15.763550754999786,15.47456713580927
266.8349036093247,38944512251.43288,37813165842.31119,15.588216971463442,15.135375934928799,15.759486130692183,15.466694175926829
270.05309971655794,38996652739.153496,37777892243.41986,15.60908710665321,15.121257064744153,15.755677165101323,15.458676400603443
273.31010928501604,38858969148.98862,37741933518.07202,15.553976859975997,15.106863960803848,15.751547440876472,15.450510811406119
276.6064004293574,38846468341.7377,37705274843.78237,15.548973194902786,15.092190690150876,15.746807012009036,15.442194342519123
279.9424469099964,38920532825.02927,37667900590.0185,15.578618789845004,15.077230996393347,15.742473258412874,15.433723856344669
283.3187282011958,38825114293.93238,37629795120.84294,15.540425866635859,15.061978620975903,15.738136111483698,15.425096141369377
286.7357295599775,38928843824.75865,37590941985.7977,15.58194541173707,15.046426979317213,15.733946786226383,15.416307910004774
290.1939420958668,38788557675.622406,37551324673.87376,15.525793445660092,15.030569462599338,15.72967644417186,15.40735579626189
293.69386284147885,38610231487.895676,37510926802.65223,15.454415293893,15.01439951347478,15.723995484632946,15.398236357936701
297.2359948239523,38687034052.253586,37469730760.84512,15.485156853305696,14.997910082719846,15.717974991529774,15.388946073160229
300.8208471372484,38571637549.80928,37427718616.33619,15.438967400315855,14.98109399269377,15.71190867797584,15.379481334963806
304.44893501532135,38586798178.04437,37384872338.62675,15.44503570490333,14.963944026376506,15.705514525967706,15.36983845131388
308.1207799061689,38461563100.046555,37341173475.889755,15.394908191284351,14.946452798104021,15.698745951849123,15.360013644653936
311.836909546778,38633699674.58823,37296602390.70831,15.463808842943722,14.928612447659361,15.69236857373263,15.35000304628974
315.5978580389755,38587372062.039536,37251139059.30817,15.445265411933045,14.910414960179338,15.6867326043852,15.339802691117834
319.4041659261899,38360108691.319885,37204764175.19605,15.354299303291803,14.89185260790493,15.679927780274685,15.329408521510102
323.2563802711419,38365342968.796074,37157457138.736496,15.356394413700707,14.872917145474498,15.672238026049438,15.31881638671823
327.15505473447257,38495850283.62146,37109196328.41899,15.408632231617823,14.853599918503187,15.665377638472027,15.308022034110907
331.100749654316,38312761959.27678,37059960515.24935,15.335347952015077,14.833892429717613,15.658421558726106,15.297021108643664
335.0940321268354,38584773186.283806,37009726818.15101,15.444225166804268,14.813785520569741,15.652064845737954,15.285809149254897
339.13547608772984,38527743865.76482,36958471501.0556,15.421398191433626,14.793269690286234,15.646868724930046,15.274381579512848
343.2256623947215,38150922085.25369,36906172451.28103,15.270568733453587,14.77233608788228,15.639729504682585,15.262733714062781
347.36517891104063,37900984251.35683,36852806341.95138,15.170526777374947,14.75097537637092,15.629791235160079,15.25086076306708
351.5546205899174,38392718860.51982,36798347090.28514,15.36735208951449,14.729177115666152,15.62125598593405,15.238757815812496
355.79458956008955,37940293892.280235,36742769822.801445,15.186261143434747,14.706931349725533,15.613082505263462,15.226419836353346
360.08569521234466,38188770992.52392,36686048770.85605,15.285718415515387,14.684227764201955,15.604155565736114,15.213841667908166
364.428554287106,38198434772.64731,36628156534.78613,15.289586511239769,14.661055391904807,15.596657315404153,15.201018023723663
368.82379096307136,37987966487.38652,36569066456.74821,15.205342927058373,14.637403562569546,15.588378335970706,15.187943486005247
373.2720369469261,38218994763.81385,36508750127.61751,15.297816004554932,14.613260904950899,15.580405534081853,15.1746125041644
377.7739315641329,38064406223.35547,36447178579.9782,15.235939258110934,14.588615824337904,15.572973103258011,15.161019387047817
382.3301218508199,38205850249.777336,36384322175.53312,15.292554684668248,14.563456457487701,15.565662848667715,15.147158300436267
386.94126264677766,38095712978.78671,36320150110.9617,15.24847033034992,14.537770474836597,15.558667078542554,15.133023261715055
391.60801668957356,38101774298.37943,36254631049.8242,15.250896478720572,14.511545333430691,15.551346874539655,15.118608135355963
396.33105470980524,37786220215.54532,36187733241.96434,15.124590480132328,14.484768324718855,15.542723490792918,15.103906632053995
401.11105552750286,37788706851.41064,36119423845.480484,15.125585799296871,14.45742630315994,15.532829032491117,15.088912305213123
405.94870614969005,37717160988.44637,36049668500.917595,15.096948325855244,14.429505515785706,15.522839441446992,15.073618542288708
410.84470186912574,37751840943.85901,35978432237.417046,15.110829579933934,14.400991964903014,15.512914740166657,15.05801855865031
415.7997463642362,37541037261.11206,35905679627.061165,15.026451747087355,14.371871469872906,15.502383100747513,15.042105396596988
420.81455180024926,37704732826.09631,35831373449.68909,15.091973738164466,14.342129132679984,15.49188825422288,15.025871918754563
425.88983893155137,37712880674.794846,35755475163.62102,15.095235056024693,14.311749526347958,15.482452428349324,15.009310797581787
431.02633720527984,37487205654.346924,35677946298.69403,15.004904712148008,14.28071725252641,15.472202097951152,14.992414513988459
436.22478486616023,37467120176.765976,35598746864.11814,14.996865151131404,14.249016304207542,15.46103517983045,14.975175354957267
441.48592906261183,37403604376.04976,35517835204.69527,14.971441849478829,14.216630008175331,15.449735194077489,14.95758540303229
446.81052595413337,37389214767.28878,35435168594.10776,14.965682158818115,14.183541262479558,15.43833493100147,14.939636528208801
452.1993408199794,37152690174.38525,35350703680.85921,14.8710090852548,14.149732714931353,15.426008731182677,14.921320384938547
457.65314816915196,37100897458.211006,35264395479.03753,14.85027815166259,14.115186359138601,15.412612747711849,14.902628406493761
463.17273185171797,37200074090.939285,35176197082.907326,14.889975320277422,14.079883420266588,15.399763101867633,14.883551793346696
468.7588851714661,36902941058.64116,35086060900.66543,14.771042666892306,14.043804848870066,15.386268008193719,14.8640815063642
474.41241099992544,37118488137.05394,34993940394.57477,14.857319126183175,14.006932017412037,15.372720366732281,14.844208274278762
480.1341218917604,36811786599.80902,34899785003.21374,14.73455651261676,13.969244687805931,15.35904663891126,14.823922584963332
485.9248402015522,40663936462.879265,34803533634.36674,16.27644635538717,13.930718406832103,15.362625898982447,14.803214621942363
491.7853982019932,36892323160.96628,34705135859.3534,14.76679266905774,13.891332989535968,15.366285547383518,14.78207427283414
497.7166382035078,36328100434.85672,34604543141.7944,14.540952729965865,13.851069008389276,15.349391175847417,14.760491195645832
503.71941267531,36816560968.86888,34501693478.69646,14.7364675366996,13.809901645617806,15.332567752707524,14.738454768896988
509.79458436792675,36354208319.25517,34396527463.51521,14.551402863839451,13.767807122721088,15.316239674233081,14.715954047156469
515.9430264371982,36070667401.35593,34288985854.924892,14.437910690154858,13.724761727330254,15.29676684622391,14.692977781742846
522.1656225697697,36134386398.17797,34179005431.468647,14.463415324575578,13.680740153959892,15.276722942863131,14.669514409702598
528.4632671101007,36448269739.09034,34066519806.1229,14.589052579711307,13.635715830051566,15.25895143643553,14.645552027397468
534.8368651890073,36212631462.23527,33951462053.035553,14.494734269529788,13.589661967371374,15.24195635151133,14.621078381086013
541.2873328537482,35813305908.67726,33833764405.737564,14.334897285799611,13.542551441213883,15.22234856142383,14.596080868668967
547.8155971996863,36056562109.958755,33713354678.17536,14.432264802453782,13.494355357858252,15.202483571366837,14.570546522899347
554.4225965035367,36169628156.41744,33590157744.222885,14.477521449986675,13.445043646768596,15.184775029144962,14.544461985179504
561.1092803582181,35783128206.00791,33464097724.306473,14.322818136525047,13.394585935828546,15.166175341868728,14.51781349738216
567.8766098093348,35695334133.60675,33335095864.76139,14.287677035243254,13.3429507025169,15.145775927151206,14.490586894055644
574.7255574933044,35429279394.15642,33203069784.86758,14.181184007982774,13.29010497252061,15.124176961641325,14.462767581227368
581.6571077771479,35451213215.56517,33067934633.799946,14.18996340069735,13.236014782824208,15.10194039389969,14.434340517679315
588.6722568999686,34840396332.75029,32929604375.19005,13.945473341669816,13.180645695877937,15.077420462742877,14.405290208247251
595.7720131161401,35317013322.73829,32787987007.23339,14.136247564344679,13.123960886362708,15.052876046980737,14.375600680533097
602.9573968402125,35667944320.47438,32642986310.444263,14.276713787144043,13.065921840759328,15.03283339968938,14.34525544797766
610.229440793577,34466012928.535995,32494507206.771072,13.795619886124413,13.006490502427418,15.009186424235338,14.314237507608183
617.5891901528903,35115785581.016815,32342448037.42048,14.055702668098956,12.945626180670498,14.983534241649547,14.282529326263093
625.0377027002941,34662085922.20511,32186702728.799877,13.874101504993476,12.883286417692053,14.959388127865896,14.250112801078998
632.5760489754474,34681925045.95291,32027162563.17026,13.882042458612508,12.819427697330081,14.933770376819028,14.216969239568085
640.2053124293863,34507790007.01836,31863713845.334095,13.812341886893416,12.754004511108409,14.908022445164836,14.1830793373831
647.9265895802449,33922859983.056934,31696239459.795654,13.57821349242884,12.686969981517151,14.879273726680779,14.148423153039406
655.7409901708554,34188213599.086357,31524615952.215397,13.68442588287101,12.618274693814165,14.84971500357895,14.112980076653772
663.6496373282415,33310733474.374016,31348716954.05209,13.333199232917023,12.547868066797498,14.81792168532022,14.076728802003723
671.6536677250424,33372779327.6196,31168410931.272392,13.358034162581243,12.475697451687326,14.78304190838106,14.039647304651004
679.7542317428836,33751405963.102757,30983557779.089096,13.509586045089915,12.401706769110831,14.751086953129288,14.001712793729846
687.9524936377117,33655510532.45072,30794012179.03389,13.471202234556484,12.325837852828844,14.7212161584278,13.96290166484119
696.249631707129,33301501963.761127,30599625699.042343,13.32950416056693,12.248031290331305,14.68991248927432,13.923189479902451
704.6468384597479,32289548539.682053,30400243678.951138,12.9244522385473,12.168225176203478,14.652855017292985,13.88255094251653
713.145320786579,34144296547.67764,30195699313.03365,13.666847320795661,12.086352743558109,14.620753110710355,13.840959831019523
721.746300134495,32567016421.743805,29985821603.683075,13.035513574230913,12.002345547635143,14.59062983330975,13.798388943163543
730.451012681785,33531762848.5754,29770432004.927155,13.421670076251084,11.916132122310238,14.558388134573478,13.754810063586474
739.2607095158205,32289450874.85265,29549342527.067326,12.924413146504206,11.827637221443691,14.525531487504804,13.710193907192176
748.176656812871,32678529444.203396,29322359330.597176,13.080148596953013,11.736783257408673,14.489454012205279,13.664510072081844
757.2001360200866,32083093074.634956,29089282931.94849,12.841814855305195,11.643490383444655,14.453224844807995,13.617727011520445
766.3324440396711,35565210793.99492,28849890626.827763,14.235592910069853,11.547669458292784,14.431657173328007,13.569811923697275
775.5748934152812,47890866574.82231,28603936468.09604,19.169150567350332,11.449222037341896,14.485804779154828,13.520730561152131
784.9288125206746,32038028532.20841,28351194873.446224,12.82377699003346,11.348057827358241,14.52114443343053,13.47044725261856
794.3955457506266,31064466211.03911,28091425571.97269,12.43409177329101,11.244080655741566,14.4762869204212,13.418924962674119
803.9764537141556,31110324793.278885,27824354691.721268,12.45244746677979,11.137180900488739,14.428122405128759,13.366125094555558
813.6729134300795,29735583536.971886,27549702525.35965,11.90218341816156,11.027246603885246,14.374757687358885,13.312007340950126
823.4863185249237,30849034643.016975,27267171781.964607,12.347861549038862,10.914158770079117,14.321489079612025,13.256529613146027
833.4180794332223,29094307363.342785,26976449419.12908,11.645501499317076,10.797792098413588,14.266360355579353,13.19964792522993
843.4696236002361,30416094344.39784,26677201346.181747,12.174569680161573,10.678012863298793,14.210572371542584,13.141316264397581
853.6423956871075,28788956393.382877,26369074398.58345,11.52327947374769,10.554679704498216,14.154574462584426,13.081486448790526
863.9378577784973,28795083285.610306,26051696138.70332,11.525731868703502,10.427643547385863,14.092263599598613,13.020107997056138
874.3574895927261,28988554577.0745,25724664650.111332,11.603172111108442,10.296743517934729,14.032380716879594,12.957127951378364
884.9027886944416,28900592731.807846,25387551452.348022,11.567963855825274,10.161808109403967,13.974408843766946,12.89249067050398
895.5752707098593,28881316925.7245,25039899613.12081,11.560248379878697,10.0226544267127,13.91730391023935,12.826137632405247
906.3764695445994,27844806029.396477,24681220257.86528,11.145366903358143,9.879086789331335,13.85651694436247,12.758007216071256
917.307937604142,27990525064.34897,24310988891.387436,11.203693476279291,9.730895258955044,13.792980019319737,12.68803445447264
928.3712460169497,26724420895.81181,23928639963.812103,10.696913307607248,9.577853464430289,13.725595937457072,12.616150750122442
939.5679848602816,29403504518.12838,23533556298.20887,11.769263027119486,9.4197143699786,13.666620110695106,12.542283521334811
950.8997633887208,25960878332.470314,23125078896.797756,10.39129214415625,9.256214200300604,13.605247182517918,12.466355853811017
962.368210265473,25854201296.946056,22702494055.461357,10.348592809141124,9.087067282935864,13.528593991374224,12.388286145234428
973.9749737964391,26294253664.60495,22265014031.031784,10.52473140709264,8.911958310008917,13.455353097880145,12.307987605339163
985.7217221671224,25713000730.667778,21811781388.26474,10.29207483173191,8.730544078181106,13.383148879202581,12.225367697440678
997.6101436823909,24514444057.15018,21341857881.948624,9.81233172033371,8.542449038521777,13.304198751170949,12.140327560653489
1009.6419470091245,22901135343.641457,20854211941.94479,9.166576906259712,8.347260287178427,13.213774774941875,12.052761333702184
1021.8188614217956,24461473359.388897,20347695400.329475,9.791129279165574,8.144518250011322,13.125332142436942,11.962555324757961
1034.1426370510137,22262182220.019398,19821033223.093384,8.910824828500708,7.933712572528033,13.03584840768921,11.869587042276496
1046.6150451350566,20492001154.607815,19272803648.356037,8.202279132812945,7.714274169859003,12.929675546836096,11.77372410566195
1059.2378782744452,21101038574.423225,18701400692.052174,8.446056930889581,7.485560219007749,12.8205801403456,11.674822909282605
1072.0129506895892,19341363852.689487,18105017227.576553,7.741716581612879,7.24684738618502,12.70854630137981,11.572727060714673
1084.9420984815295,19554026663.926228,17481589530.08601,7.826838562905576,6.99730962970317,12.591887605631303,11.46726551171881
1098.027179895836,20614483416.56196,16828727102.771059,8.25130478403102,6.735990111723399,12.484053387058815,11.358250137403733
1111.270075589688,20297984369.213043,16143673524.866623,8.124620546994393,6.461785526992497,12.382262313091296,11.245472855254802
1124.6726889021647,19305194373.124107,15423191112.325167,7.727239119639034,6.173399936275375,12.276655603864098,11.128702077728287
1138.2369461278074,17305789381.270428,14663422383.965233,6.926942568853614,5.869289315776546,12.15933472961202,11.007678044484642
1151.9647967934795,16058803744.488281,13859736034.793724,6.427814924348491,5.54759990528899,12.029421939251991,10.882106877586164
1165.8582139385567,13846867335.545135,13006466555.016619,5.542448985058371,5.206063986183882,11.886159024557095,10.751652809590636
1179.919194398505,14862952892.3616,12096519765.844444,5.94915486492576,4.841841990270185,11.740711853157483,10.615927486999581
1194.1497590918812,12929616505.863918,11120821563.148516,5.175303420157899,4.451301849875142,11.594277590823902,10.474475038513061
1208.5519533107824,10447545363.367298,10067455970.28099,4.181811365152847,4.029673988525073,11.430361256998744,10.326750787474166
1223.1278470148095,16383777059.68943,8920172283.71769,6.557891134177128,3.570453780078087,11.28694564401751,10.172089285371891
1237.879535128577,8991108664.371525,7655796989.856482,3.598847297646448,3.0643656235024146,11.13964324529849,10.00965372169181
1252.8091378427982,15755002642.970592,6239098366.023236,6.306213260523491,2.4973074102961683,10.993251705015812,9.838349838855299
1267.918800919016,10633832661.74643,4593515878.808994,4.256376089636071,1.838634458134795,10.857779668089773,9.656578063795342
1283.210695998004,7310273192.157194,2595425945.6703258,2.926063726368182,1.038864282424956,10.685527400736424,9.461826204591492
1298.6870209118815,0.0,0.0,0.0,0.0,10.466822205617,9.24989111772528
1314.35,0.0,0.0,0.0,0.0,10.21884445342349,9.030744641139743
