A_fit=3.1125315951391643
beta_fit=0.074170888461323
