R_kpc,Sigma_bar,Sigma_eff,kappa_bar,kappa_eff,kappa_bar_mean,kappa_eff_mean
1.0,39625486921.47069,39648532894.4256,17.864356716733823,17.874746531818406,0.0,0.0
1.0120606264911474,39625531510.19401,39648570930.45744,17.864376818666212,17.874763679601156,0.4232388248629549,0.42348494297430983
1.0242667116936537,39625580610.813156,39648609981.896675,17.86439895469642,17.874781285159973,0.8364508649177229,0.8369371813878951
1.0366200099307066,39625619176.34126,39648650074.69347,17.864416341191944,17.87479936019398,1.2398736399944883,1.2405944189538844
1.0491222966837304,39625666283.925674,39648691235.54648,17.86443757870238,17.874817916739733,1.6337390652689128,1.6346887280401814
1.0617753688475675,39625714621.109604,39648733491.35615,17.864459370553117,17.87483696692475,2.018273623415415,2.0194466830911626
1.0745810449887383,39625764316.81134,39648776869.91225,17.864481774864384,17.874856523277497,2.3936983932031284,2.3950894908891898
1.0875411656068144,39625814844.46308,39648821399.77622,17.864504554243638,17.87487659867433,2.7602292135048176,2.761833117732985
1.1006575933989453,39625865843.24486,39648867110.13641,17.86452754602243,17.874897206274223,3.1180768048502565,3.1198884136015375
1.113932213527575,39625920606.20778,39648914030.7209,17.864552234806858,17.87491835947949,3.4674469111992012,3.4694612333750934
1.127366933891388,39625973255.2474,39648962192.20443,17.864575970571327,17.874940072119223,3.808540387969739,3.8107525551859553
1.1409636853995222,39626027282.43896,39649011626.2342,17.86460032764798,17.874962358460927,4.141553319513005,4.1439585959676135
1.1547244222490889,39626084649.88922,39649062365.02855,17.864626190613336,17.874985233029598,4.46667717366988,4.469270924264282
1.1686511222060412,39626144358.48786,39649114441.49373,17.864653109038525,17.875008710660353,4.784098887113469,4.7868765703663065
1.1827457868894284,39626200933.043915,39649167889.63987,17.864678614543415,17.875032806685986,5.094000932933312,5.096958133839096
1.19701044205908,39626262394.61887,39649222744.38221,17.864706323262844,17.875057536847326,5.396561475133073,5.39969388850565
1.2114471379067577,39626325515.32093,39649279041.330795,17.86473477996648,17.87508291719845,5.691954481930038,5.695257884939684
1.2260579493508208,39626390953.60426,39649336817.04968,17.86476428150519,17.875108964223536,5.980349786325408,5.98382005053077
1.2408449763344431,39626455118.3587,39649396109.08854,17.864793208898924,17.87513569485109,6.261913181874765,6.2655462871803
1.2558103441274293,39626524037.568794,39649456955.80598,17.864824279743708,17.87516312637433,6.53680654750963,6.540598566682096
1.2709562036316695,39626590396.16889,39649519396.75384,17.86485419618879,17.875191276624406,6.805187919659129,6.809135023844411
1.2862847316902777,39626661616.37685,39649583472.49425,17.864886304392353,17.875220163887946,7.0672115916305245,7.071310047406712
1.3017981314004599,39626735561.947235,39649649224.4035,17.86491964127096,17.875249806818623,7.32302822917014,7.327274368800525
1.3174986324301545,39626807994.480606,39649716695.09172,17.86495229602714,17.875280224626348,7.572784894372107,7.577175148808532
1.3333884913384921,39626885641.40006,39649785928.12171,17.864987301584797,17.875311436950547,7.816625178809962,7.8211560621713145
1.34946999190012,39626960691.85407,39649856968.37953,17.86502113657804,17.875343464027196,8.054689265864415,8.059357380190097
1.3657454454334392,39627041074.41095,39649929861.88469,17.86505737544301,17.875376326603273,8.287114018853504,8.291916051373427
1.3822171911327976,39627124745.246574,39650004655.56511,17.865095096762555,17.875410045835288,8.51403308966644,8.51896578017098
1.3988875964046932,39627206134.83496,39650081397.82951,17.865131789627497,17.875444643547343,8.735576922968118,8.740637103843895
1.415759057208029,39627293127.89099,39650160138.22474,17.86517100870354,17.875480142076636,8.95187288575077,8.95705746751512
1.4328339983984741,39627378428.231606,39650240927.629425,17.86520946465276,17.875516564360787,9.163045330111693,9.168351297440894
1.4501148740769754,39627468998.273766,39650323818.302,17.86525029634132,17.87555393395946,9.36921566069839,9.37464007254759
1.467604167942475,39627562086.29485,39650408863.76799,17.86529226321022,17.87559227500356,9.570502428041156,9.576042394273355
1.4853043936488803,39627656374.9362,39650496118.9484,17.865334771354707,17.875631612253127,9.767021352311081,9.772674054755198
1.5032180951663396,39627755929.476234,39650585639.96228,17.86537965352409,17.875671971008305,9.958885426908813,9.964648103400188
1.5213478471468749,39627851661.58541,39650677484.76631,17.86542281242712,17.875713377397712,10.14620494097249,10.152074911881876
1.5396962552944244,39627954624.783104,39650771712.781395,17.8654692313215,17.87575585821006,10.32908758183302,10.335062237598226
1.5582659567393489,39628058569.27669,39650868384.70802,17.865516092613472,17.875799440810955,10.507638510616012,10.513715285623116
1.5770596204174525,39628164557.97738,39650967563.06878,17.865563875495255,17.87584415338745,10.681960369525413,10.688136769192045
1.5960799474535783,39628273473.048805,39651069311.98036,17.86561297767264,17.875890024845273,10.852153379369502,10.8584269687565
1.615329671549826,39628385738.02868,39651173697.19452,17.86566359008912,17.875937084827285,11.018315393504627,11.024683789638184
1.6348115593784562,39628500453.72279,39651280786.39209,17.865715307361004,17.87598536384603,11.180541944383402,11.187002818319154
1.65452841097953,39628618999.733,39651390648.73259,17.865768751454144,17.876034893080693,11.338926303762198,11.345477377397463
1.6744830601633456,39628745472.14637,39651503354.73528,17.86582576900731,17.876085704323476,11.493559562952333,11.500198579237773
1.6946783749177292,39628861434.63432,39651618977.77814,17.865878048371208,17.876137830655356,11.644530577843781,11.651255378358334
1.7151172578202367,39628989459.09052,39651737593.11018,17.865935765631782,17.876191306000855,11.79192612257011,11.79873462257942
1.7358026464553273,39629118705.26616,39651859277.33394,17.86599403368008,17.876246164894685,11.93583097701343,11.942721102952026
1.7567375138365704,39629251834.39522,39651984109.376045,17.866054052280123,17.87630244291934,12.076327869221005,12.083297602506043
1.7779248688339402,39629387660.62478,39652112170.24251,17.866115286813876,17.87636017659475,12.213497575020694,12.220544943847397
1.7993677566062685,39629526965.02088,39652243543.16619,17.866178089409313,17.87641940344479,12.34741895441761,12.354542035627029
1.8210692590389104,39629669769.66889,39652378313.58869,17.866242470023185,17.876480161989086,12.478169003347125,12.485365917909546
1.8430324951866892,39629816847.99441,39652516569.226494,17.866308777338915,17.87654249177286,12.60582289784556,12.613091806467379
1.8652606217221832,39629967296.389404,39652658400.07488,17.86637660398294,17.876606433368686,12.730454032145447,12.737793136025807
1.88775683338942,39630122561.024536,39652803898.45354,17.866446601932314,17.876672028397035,12.852134064611368,12.859541602483766
1.9105243634630407,39630278519.04608,39652953159.468796,17.866516912481057,17.876739319734696,12.970932941419914,12.97840720413705
1.9335664842130058,39630439860.82207,39653106280.78265,17.866589650187606,17.876808351410627,13.086918954910496,13.094458281926096
1.9568865073748998,39630607691.16384,39653263362.424095,17.866665313134014,17.876879168520883,13.200158810289059,13.207761558727986
1.9804877846259143,39630776005.83589,39653424507.344284,17.86674119443102,17.87695181747894,13.310717606002948,13.318382177719524
2.0043737080665673,39630952979.26084,39653589821.05114,17.86682097935326,17.87702634585093,13.418658910244508,13.42638373983241
2.0285477107082346,39631129077.51206,39653759412.13659,17.86690036972096,17.87710280259334,13.52404477733455,13.531828340321931
2.0530132669665586,39631310659.71762,39653933392.412224,17.86698223241958,17.87718123811419,13.626935774969754,13.634776604472808
2.0777738931608125,39631499638.47295,39654111876.46021,17.867067429704445,17.877261704070552,13.727391079922322,13.735287722457388
2.102833148019282,39631691289.74232,39654294982.04944,17.867153831838706,17.87734425355617,13.82546845173391,13.833419483367859
2.1281946331907466,39631892247.059494,39654482830.17489,17.867244429418136,17.87742894111921,13.921224292080469,13.92922830844461
2.153861993762124,39632091571.548065,39654675545.19492,17.86733429086951,17.877515822824144,14.01471364282615,14.022769283518256
2.1798389187823672,39632305787.389046,39654873254.3572,17.867430865788712,17.87760495603803,14.105990272502213,14.114096190681307
2.206129141792668,39632508547.855156,39655076089.50041,17.867522276281704,17.8776964001977,14.195106621937628,14.203261539216008
2.232736441363065,39632727402.42487,39655284186.324936,17.867620942478798,17.877790216480946,14.28211389769286,14.29031659579464
2.2596646416355184,39632952654.174255,39655497683.1468,17.86772249271615,17.877886467244785,14.367062187302274,14.375311413953725
2.2869176128735367,39633182350.29024,39655716722.45965,17.86782604660712,17.87798521672962,14.450000329669555,14.458294862871712
2.314499272018431,39633414787.61272,39655941451.11831,17.86793083631611,17.878086531142,14.530975987100664,14.539314655474138
2.3424135832522777,39633652118.13849,39656172020.4094,17.86803783202775,17.87819047868647,14.610035695216654,14.618417375874301
2.3706645585676736,39633899645.79426,39656408585.65502,17.868149424911103,17.87829712938689,14.68722492704555,14.695648506162035
2.399256258344359,39634153684.87834,39656651306.51893,17.86826395334143,17.87840655522446,14.762588086632297,14.771052452557393
2.4281927919327986,39634414983.272064,39656900347.22825,17.868381754486037,17.878518830237685,14.836168510463079,14.844672570947465
2.4574783182447963,39634681829.32024,39657155876.60768,17.868502056679482,17.878634030537807,14.908008503079392,14.916551191819563
2.4871170463512398,39634952838.69346,39657418068.66198,17.868624235824598,17.878752234571376,14.978149350228856,14.986729644607065
2.5171132360870474,39635231260.98266,39657687102.63278,17.86874975693433,17.878873523145895,15.04663136963557,15.055248281461742
2.547471198663417,39635519006.95907,39657963162.725426,17.868879481441606,17.87899797930665,15.11349395134057,15.122146500461822
2.578195297287452,39635815079.310135,39658246438.17789,17.869012959728042,17.879125688367786,15.178775556949523,15.187462768269071
2.6092899477892684,39636117998.366684,39658537123.906334,17.86914952471444,17.879256738203356,15.242513723600103,15.251234642252934
2.6407596192566607,39636423375.02881,39658835421.17379,17.869287197663066,17.87939121954876,15.304745067672794,15.313498792097544
2.6726088346774195,39636741130.71492,39659141537.02044,17.86943045144659,17.879529225743916,15.365505368043857,15.37429102089731
2.7048421715894047,39637064538.70736,39659455684.50659,17.869576253459154,17.879670852842793,15.424829572452252,15.433646285750978
2.7374642627384485,39637399832.088394,39659778083.0102,17.86972741376099,17.879816199747545,15.482751798441063,15.491598717870696
2.770479796744201,39637741013.59155,39660108958.64761,17.869881228604697,17.8799653683982,15.53930535611556,15.548181642218474
2.803893518774003,39638091361.54256,39660448544.690315,17.870039175957725,17.88011846396053,15.594522752181486,15.603427596681907
2.837710231224885,39638453778.97059,39660797080.97819,17.87020256459261,17.880275594561542,15.648435756201932,15.657368350794643
2.8719347944137956,39638823772.899345,39661154814.76288,17.87036936894102,17.88043687166968,15.701075376334355,15.710034924014769
2.9065721272761507,39639201031.84764,39661522001.22882,17.8705394485779,17.88060241032974,15.752471860573165,15.761457603577382
2.941627208072808,39639589954.02555,39661898903.34746,17.870714786348135,17.880772329097123,15.80265476225954,15.811665961926233
2.977105075105571,39639985174.20882,39662285792.61505,17.87089296344788,17.880946750370477,15.851652929086224,15.860688873735533
3.013010827441318,39640396328.58952,39662682948.87131,17.87107832416123,17.88112580030993,15.89949454858176,15.908554532531456
3.0493496256448713,39640815383.44215,39663090660.62718,17.87126724664402,17.88130960898486,15.946207148453997,15.955290466920612
3.086126692520694,39641247907.74064,39663509225.64846,17.871462241556568,17.88149831063701,15.991817591502565,16.000923556438956
3.123347313863546,39641688776.13066,39663938951.24446,17.871660998235576,17.881692043810624,16.036352106126117,16.04548004702982
3.161016839218183,39642143258.57272,39664380154.73816,17.87186589253713,17.881890951564404,16.079836300430628,16.088985566159323
3.1991406826482205,39642607441.47215,39664833163.915276,17.8720751600955,17.882095181673982,16.122295182769854,16.131465137578562
3.237724323514275,39643086306.13349,39665298317.16715,17.87229104663201,17.882304886696303,16.163753174991754,16.172943195739247
3.2767733072614837,39643578139.77419,39665775963.65747,17.872512779972986,17.882520224044825,16.204234137588184,16.2134435998694
3.3162932462165258,39644080400.69566,39666266464.64022,17.87273921424454,17.88274135658367,16.2437613430057,16.252989647723595
3.356289820394258,39644595674.61192,39666770193.75201,17.872971515164025,17.882968452759403,16.28235751272418,16.291604089015955
3.396768778314074,39645126954.44373,39667287536.73352,17.87321103202979,17.883201686475495,16.32004485971658,16.329309138535013
3.4377359378261105,39645672504.60487,39667818892.3697,17.873456982387566,17.88344123751614,16.35684507725421,16.366126488951334
3.4791971869474256,39646229194.30586,39668364673.660255,17.873707954783658,17.883687292073986,16.392779318622484,16.402077323333092
3.521158484708249,39646804211.04529,39668925307.92075,17.87396718955777,17.883940042795686,16.4278682579427,16.437182327371804
3.56362586200845,39647391710.22447,39669501237.34956,17.87423205178971,17.88419968903752,16.462132086283802,16.471461701322024
3.606605422484327,39648001387.57131,39670092919.317825,17.874506912604108,17.884466436996096,16.495590537416515,16.50493517166275
3.6501033433858567,39648620922.13049,39670700828.04373,17.874786217345157,17.884740500463185,16.528262862858455,16.53762200249307
3.6941258764645224,39649260374.00844,39671325455.05186,17.875074501410246,17.885022101032792,16.56016784666675,16.569541006669155
3.7386793488718437,39649918939.88577,39671967308.75887,17.87537140263893,17.885311467914384,16.591323876958565,16.60071055667766
3.7837701640687524,39650591851.43653,39672626916.95364,17.875674771327,17.885608839051,16.621748876321437,16.631148595262616
3.8294048027459335,39651280882.07729,39673304827.59257,17.875985406983787,17.885914461477793,16.651460326939876,16.660872645817967
3.875589823755259,39651993797.14111,39674001608.421555,17.876306810454086,17.88622859115163,16.680475347947517,16.68989982253612
3.922331865052462,39652722216.2312,39674717849.35293,17.87663520360394,17.88655149402267,16.708810649093472,16.718246840326795
3.9696376446511854,39653472210.17197,39675454163.28008,17.876973323342877,17.886883446401608,16.73648253237136,16.74593002451788
4.017513961588521,39654250175.55142,39676211185.3172,17.877324053444426,17.88722473461695,16.763506980143863,16.772965320326705
4.06596769690221,39655041534.60701,39676989576.57035,17.87768082181646,17.887575656715118,16.78989955176,16.799368302123153
4.115005814619619,39655852638.41521,39677790025.7781,17.87804649171454,17.887936523200096,16.81567539467546,16.82515418250209
4.164635362758645,39656692538.94329,39678613248.372635,17.87842514403672,17.888307656610145,16.84084937982176,16.850337821144596
4.214863474340702,39657553267.05443,39679459989.25429,17.878813186057346,17.888689392768658,16.865436031049402,16.874933733479168
4.265697368415905,39658440553.43357,39680331024.37415,17.879213201340903,17.889082081497627,16.889449516597,16.89895609916084
4.317144351100639,39659354493.14043,39681227161.9217,17.879625232743148,17.889486087153088,16.912903699964147,16.922418770364395
4.369211816627631,39660289431.580666,39682149245.63694,17.88004673100354,17.889901790118312,16.935812086324646,16.94533527990503
4.421907248408684,39661255341.33723,39683098155.331535,17.880482192061258,17.89032958703876,16.958187884450954,16.967718849187072
4.4752382201102385,39662249379.942986,39684074809.1381,17.880930334446955,17.89076989183612,16.980044027844116,16.98958239597925
4.529212396741896,39663264730.212616,39685080168.05903,17.881388084769245,17.891223137759063,17.001393091872927,17.010938542042098
4.583837535758073,39664318978.19888,39686115235.86353,17.8818633713476,17.891689777336826,17.022247412265344,17.031799620598232
4.639121488172954,39665403989.10479,39687181061.82755,17.88235252677181,17.892170283614437,17.042619082144757,17.052177683639865
4.695072199688863,39666514737.11148,39688278746.812836,17.88285328525216,17.892665152893358,17.062519837942297,17.072084509110415
4.75169771183828,39667663266.65591,39689409443.65586,17.88337107678169,17.89317490490681,17.081961176061277,17.09153160795017
4.8090061631396015,39668853134.914116,39690574359.63711,17.883907505041932,17.89370008393301,17.100954403583142,17.11053023099061
4.867005790266854,39670062321.181335,39691774764.76489,17.88445264243942,17.89424126252975,17.119510460281347,17.12909137574278
4.925704929233514,39671316923.31029,39693011993.91996,17.885018254668076,17.89479904250127,17.137640050060845,17.147225793080462
4.9851120165906035,39672608317.40429,39694287449.75809,17.885600453816892,17.895374056206816,17.155353715439798,17.164943993791937
5.0452355906392325,39673943103.93355,39695602609.29574,17.886202215575594,17.89596696952966,17.17266173884652,17.18225625502731
5.106084292657776,39675316458.74617,39696959033.77047,17.886821365071977,17.896578486322475,17.1895741682209,17.199172626681055
5.1676668681438365,39676733698.3898,39698358367.3377,17.887460299165003,17.89720934781978,17.206100816403367,17.21570293766868
5.229992168071196,39678255423.91279,39699802335.21684,17.888146338622928,17.897860331802175,17.222251617552253,17.23185680203777
5.293069150161929,39679709179.14012,39701292779.15148,17.888801735035127,17.898532268582848,17.238035665646784,17.247643625114936
5.356906880173848,39681261219.24564,39702831653.82039,17.889501441215106,17.899226039389557,17.253461816939915,17.263072609676147
5.4215145332034815,39682870241.47655,39704421020.14453,17.890226836644445,17.899942573347218,17.2685393785263,17.27815276191578
5.486901395004776,39684526672.69734,39706063073.00372,17.890973605466833,17.90068285997341,17.283277166312672,17.292892897387645
5.5530768633236836,39686244214.700554,39707760147.949036,17.89174792486087,17.901447952204535,17.29768381013527,17.307301646988545
5.620050449248863,39688018709.06271,39709514734.522675,17.892547920084656,17.902238972400802,17.31176778576853,17.32138746290712
5.687831778578659,39689848953.19957,39711329492.68173,17.893373048977185,17.903057119750567,17.325537339644875,17.335158624590814
5.756430593204574,39691750636.93175,39713207267.579544,17.89423038497968,17.9039036769342,17.339000600733605,17.34862324473805
5.825856752511429,39693708703.30973,39715151110.98285,17.89511313996817,17.904780019779572,17.352165507809747,17.361789275341906
5.896120234794399,39695742005.93167,39717164303.070366,17.89602981370958,17.905687627089534,17.365039832926033,17.374664513821486
5.967231138693149,39697846464.02486,39719250376.47176,17.8969785664693,17.90662809147938,17.37763124216122,17.387256609252844
6.039199684643272,39700031413.473816,39721413145.791824,17.897963607143794,17.90760313268723,17.389947248465276,17.39957306873858
6.11203621634521,39702295362.336395,39723656741.972206,17.898984263120834,17.908614613065353,17.401995228336776,17.41162126396775
6.1857512022509145,39704640225.07167,39725985652.3658,17.900041397495933,17.909664555646877,17.41378238587731,17.42340843801821
6.2603552370684294,39707083113.9451,39728404764.24621,17.901142724991058,17.910755163761166,17.425315856608872,17.434941712444164
6.335859043284609,39709612852.97834,39730919421.51961,17.902283207140325,17.91188884660124,17.43660263779724,17.446228094731545
6.412273472706223,39712247696.09034,39733535488.09674,17.903471073357306,17.913068247793742,17.447649599672168,17.457274486218203
6.489609508019627,39714996409.2317,39736259421.640976,17.90471027559516,17.914296278646795,17.45846359369085,17.468087690559123
6.567878264369249,39717852605.08584,39739098368.58471,17.90599793426021,17.91557616098624,17.46905132120517,17.478674422893036
6.647090990955133,39720835637.29847,39742060275.1031,17.90734277455579,17.916911477185916,17.479419394870472,17.489041319892465
6.727259072649714,39723946631.44021,39745154021.96795,17.908745303922856,17.918306230963815,17.489574379461885,17.499194950889223
6.808394031634124,39727208934.32136,39748389591.50591,17.910216047802987,17.919764922651883,17.499522815628985,17.50914183034927
6.89050752905422,39730614716.223114,39751778278.86132,17.911751476324355,17.921292644439593,17.509271170932408,17.518888432073215
6.973611366696582,39734190786.00538,39755332956.99319,17.913363675724224,17.92289519984255,17.51882586217134,17.528441205605624
7.057717488684729,39737942065.820435,39759068414.08352,17.915054865056312,17.924579255816273,17.52819332287789,17.537806595475022
7.142837983195795,39741896956.29783,39763001794.176216,17.91683784817533,17.926352541409397,17.537380012873616,17.546991064136485
7.228985084197899,39746061386.90204,39767153179.85271,17.91871529826151,17.92822411045133,17.54639242155535,17.55600111984023
7.3161711732084855,39750477969.074165,39771546373.21955,17.92070642582918,17.930204693644825,17.555237144980698,17.564843351128932
7.404408781073854,39755161381.03793,39776209974.358315,17.922817848261364,17.93230718476355,17.56392092799522,17.573524470457578
7.493710589770156,39760144778.03623,39781178908.38906,17.925064512934913,17.934547329098002,17.57245061169237,17.582051370708882
7.58408943422613,39765476731.22835,39786496640.22186,17.92746831718367,17.936944721931898,17.58083331203992,17.590431200374937
7.67555830416779,39771213079.46797,39792218520.540955,17.930054434835856,17.939524317012037,17.589076534248317,17.598671466690874
7.768130345985381,39777414514.00687,39798417064.4585,17.932850227326124,17.9423188063236,17.59718822819869,17.60678018244676
7.861818864622859,39784191378.01094,39805190732.96315,17.935905440659642,17.94537257903023,17.60517707042131,17.61476608452106
7.956637325490131,39791674276.5794,39812679621.786644,17.939278955528167,17.948748794485198,17.613052819312983,17.6226389781412
8.052599356398389,39800062860.10517,39821096268.36584,17.94306078031052,17.95254327093283,17.620826768011185,17.630410321782104
8.149718749518765,39809689660.85419,39830794896.06746,17.947400830515132,17.95691570287967,17.628512788465677,17.638094333759742
8.24800946336461,39821168453.006836,39842464562.58245,17.952575813931702,17.96217673817754,17.63612948671274,17.64571047787753
8.3474856247977,39835956831.546234,39854155693.708595,17.95924285804938,17.967447450365214,17.643706117105083,17.653270940570593
8.448161531058608,39860722529.756424,39860366967.49252,17.970407976803443,17.970247678681936,17.651314800881572,17.660747714463657
8.550051651821585,39865901785.02644,39861058484.016426,17.972742940253962,17.97055943504932,17.65890251487989,17.668084037747303
8.653170631274223,39855759950.75486,39860507487.0206,17.968170697506544,17.970311029095274,17.666283469322234,17.675247261068677
8.757533290222188,39875805897.03685,39859967013.61718,17.977208010683686,17.970067367491982,17.673543414861903,17.6822349461647
8.863154628219347,39878686478.3201,39859436702.254555,17.97850666303078,17.96982828724114,17.68075324856563,17.689051362309847
8.970049825723585,39866610635.80052,39858890627.75665,17.973062511420675,17.96958210049664,17.687742682474283,17.69570053642964
9.078234246278617,39872023243.11687,39858337494.98422,17.9755026769651,17.96933273167051,17.694531499116167,17.702186309188278
9.187723438722127,39872182894.97994,39857781842.53321,17.975574652808277,17.969082226897786,17.701189066947382,17.708512500850855
9.298533139420517,39858614241.7628,39857219125.00944,17.96945749740986,17.968828536978585,17.70761685505162,17.714682840846436
9.410679274530622,39859357166.37548,39856646393.96511,17.969792430083892,17.968570332664303,17.713824319886662,17.720700930277626
9.524177962288718,39878412186.08538,39856064039.12547,17.97838300387335,17.96830778965476,17.71999103558329,17.726570271372495
9.639045515327101,39854682801.833115,39855477790.36047,17.967685086500346,17.968043491146997,17.725985317773088,17.732294316237624
9.755298443018628,39866800874.12139,39854886019.20117,17.97314827655542,17.967776702978426,17.731776722198994,17.737876456860906
9.872953453849549,39857779555.92093,39854287347.3832,17.969081196024458,17.96750680378618,17.737446779346058,17.743319988818598
9.992027457820912,39868815473.81012,39853682031.154594,17.974056518454184,17.967233909094546,17.742993903696078,17.74862812366902
10.112537568878977,39865205263.65068,39853069154.89703,17.97242892754941,17.966957606115358,17.748448794769345,17.75380399332412
10.234501107374921,39885125601.32629,39852446180.27359,17.981409612603453,17.96667675049027,17.753862306944367,17.758850636997458
10.357935602554209,39878536259.60843,39851813561.31472,17.978438939934886,17.966391546909822,17.759217908680483,17.76377101086278
10.48285879507597,39868803557.58152,39851175039.55205,17.97405114626131,17.966103682168566,17.764359358382094,17.76856802356837
10.60928863956282,39871744232.85919,39850530519.167336,17.97537689078156,17.965813113068773,17.769343130922277,17.773244534198458
10.737243307181362,39867408035.48091,39849876165.05527,17.973422003087354,17.965518110630057,17.774201143261347,17.7778033129877
10.866741188253847,39878577869.35098,39849210514.36786,17.97845769885349,17.965218015356726,17.778981051896903,17.782247036321266
10.997800894901342,39852170421.274025,39848540414.418304,17.966552430071296,17.964915914222715,17.783565136786702,17.786578346197615
11.130441263718758,39874600203.7813,39847862187.53889,17.976664448040513,17.964610149225233,17.78802093720522,17.790799838612077
11.264681358482123,39862008556.84738,39847174075.67666,17.97098775634649,17.964299927781337,17.79242259104827,17.79491401908826
11.400540472888565,39859382929.817825,39846482023.68948,17.969804045015596,17.963987930011065,17.796639013249788,17.7989233563956
11.538038133329287,39892429886.232635,39845776979.408134,17.984702603081683,17.96367007492532,17.80091914743787,17.80283024373931
11.677194101695985,39857550744.48654,39845061024.00101,17.968978040974456,17.96334730077717,17.805085918395662,17.806636980753197
11.818028378221166,39860647089.58217,39844334058.292725,17.97037396611264,17.963019562855376,17.808985451225393,17.810345823103603
11.960561204352672,39850004103.939575,39843596327.0913,17.965575789312258,17.962686971526736,17.812751854607004,17.813958973804883
12.104813065662881,39832978422.604904,39842857025.781334,17.95790010206302,17.96235367234612,17.816281056746995,17.817478634379757
12.250804694792999,39861944589.49135,39842106858.95841,17.97095891794587,17.962015474666725,17.819791886027364,17.820906953066828
12.39855707443289,39844828544.82382,39841347239.20345,17.963242492198823,17.96167301532235,17.82328134769806,17.824245985453803
12.548091440336803,39854805514.2425,39840584380.25513,17.96774040893106,17.961329095652555,17.82665087895138,17.827497779309756
12.699429284375467,39888985532.30334,39839807498.03367,17.983149785134646,17.960978853871087,17.830177174460772,17.830664308936477
12.852592357625056,39872721175.45537,39839017136.711975,17.975817325773928,17.960622535307383,17.833713989213404,17.8337474475376
13.007602673493352,39877776429.32037,39838217159.87821,17.978096385675883,17.960261881782753,17.83710783093322,17.836749047583044
13.164482510883603,39869639734.418335,39837406907.00411,17.9744281198319,17.959896595511257,17.84040438778317,17.839670934615466
13.32325441739661,39866483184.88,39836586609.87215,17.973005052727167,17.959526780987385,17.84356269132898,17.842514888666
13.483941212571365,39868890369.46178,39835752929.36918,17.974090283657887,17.959150932838885,17.84664234514394,17.845282630884707
13.646565991164776,39852539598.05329,39834909712.66299,17.966718866024234,17.95877078548426,17.849573970465634,17.84797584458781
13.811152126471006,39854347468.80974,39834059384.065414,17.96753390832655,17.958387431875924,17.852359055492922,17.85059620665797
13.977723273680795,39855076061.73188,39833200290.70079,17.9678623798451,17.958000126848,17.855091668266006,17.85314535823879
14.146303373281274,39862509802.501465,39832329934.07677,17.971213732905085,17.95760774400528,17.857803346010346,17.855624879394888
14.316916654496875,39870816926.83703,39831445126.3355,17.97495883344391,17.957208846165944,17.860534871057652,17.858036282366385
14.489587638771654,39859029618.884964,39830547510.41822,17.969644761861574,17.956804174017112,17.86318245226341,17.86038103546975
14.664341143293623,39859953578.57678,39829637625.84672,17.970061310573243,17.95639397079138,17.865709698900226,17.862660583854506
14.84120228456165,39848628004.95426,39828718380.50134,17.96495540266061,17.955979547448333,17.868121128755377,17.864876356918614
15.020196481995317,39849150524.889275,39827791712.67624,17.965190970302444,17.955561777829036,17.870418113260268,17.867029776044912
15.201349461588306,39859244410.81706,39826852630.65436,17.969741596499908,17.955138411517893,17.87271768123648,17.86912221241253
15.384687259605924,39872027482.9499,39825896939.60363,17.97550458840886,17.954707557358926,17.87508502845344,17.871154955679813
15.570236226327143,39851754284.9012,39824926866.73995,17.966364823326636,17.954270219447793,17.877355229888252,17.873129254648344
15.758023029831811,39860964959.4012,39823945553.30377,17.9705172713507,17.953827813949797,17.879513510784314,17.875046357232776
15.948074659833509,39835271982.78794,39822958301.17856,17.958934107710505,17.953382731112853,17.881531517339443,17.876907526941956
16.14041843155869,39871307779.62776,39821958135.553566,17.97518012458833,17.952931826483315,17.883558925423074,17.878713988022724
16.335081989672556,39857729045.15773,39820939553.23389,17.969058424259064,17.952472619056028,17.885656643922403,17.88046686912583
16.532093312252265,39863284447.754944,39819906051.60628,17.97156296619437,17.952006685557734,17.88766242775485,17.8821672617384
16.731480714808132,39846013875.97382,39818859938.00038,17.96377687499475,17.951535066201764,17.88955739560113,17.88381626245018
16.933272854353273,39848926993.96667,39817804258.42699,17.96509019586536,17.95105913422104,17.891331438625468,17.885414970483808
17.13749873352231,39851677378.85681,39816736900.288345,17.966330151777658,17.950577937193202,17.8930936920344,17.886964463839142
17.34418770473983,39855311757.726166,39815655093.67117,17.967968638660974,17.950090226358355,17.894848320534997,17.888465768880256
17.553369474439055,39866649646.23982,39814556035.93709,17.973080098495497,17.949594738203146,17.89664158450833,17.889919857893652
17.765074107331372,39852206262.609825,39813444519.19895,17.966568588419314,17.94909363315563,17.898374952696674,17.891327690998505
17.979332030727445,39867388555.2033,39812318877.42216,17.973413220794562,17.948586160117486,17.90007214879172,17.89269022205508
18.196174038910378,39856126353.31,39811178104.61987,17.968335882756126,17.948071865559715,17.901749223921946,17.894008368076232
18.415631297561585,39866593850.16515,39810022286.76843,17.97305494395334,17.94755078824302,17.903383017636532,17.895283019470785
18.637735348240156,39857880373.05295,39808848481.50937,17.96912664740814,17.947021601664055,17.90498685715214,17.89651503020079
18.862518112916142,39861425197.304955,39807658935.69424,17.970724760386826,17.94648531877081,17.90652548813899,17.897705230448178
19.090011898558522,39844486985.22858,39806458626.2614,17.963088506899876,17.945944183316218,17.90795548332791,17.8988544693923
19.320249401778593,39865860416.03998,39805244056.0865,17.972724289875416,17.945396618691845,17.90937651201038,17.899963583725604
19.553263713529255,39857375657.31663,39804012939.874855,17.968899106432502,17.944841594618367,17.910831749918483,17.90103335947567
19.789088323861044,39874064791.38223,39802775320.058876,17.97642306808961,17.944283638525206,17.912297131834396,17.90206460586916
20.027757126735455,39869453601.96936,39801525727.42217,17.97434420574722,17.943720284725746,17.913791616443564,17.90305813688736
20.269304424896426,39935050348.53391,39800231641.02161,18.003917184431586,17.943136871804466,17.915578633929883,17.904014543475046
20.513764934800466,39848784331.24461,39798913987.17106,17.965025879235966,17.942542833970634,17.917208068463438,17.90493434236647
20.76117379160629,39844580542.95644,39797601754.71063,17.963130685526668,17.941951240261897,17.91831837315163,17.905818304882718
21.011566554224647,39855546624.92234,39796273943.50639,17.968074523829827,17.9413526231887,17.919438972272136,17.906667225134218
21.264979210429043,39866389304.59516,39794926684.90953,17.97296272868203,17.940745238648248,17.9206494877936,17.90748174615456
21.52144818202804,39858088603.0234,39793563203.05946,17.96922052371756,17.940130540179187,17.921844286616786,17.9082624925278
21.78101033010006,39879882959.694855,39792174872.867096,17.9790460726821,17.93950463933294,17.92308380456673,17.90901004481745
22.043702960291224,39855361990.2489,39790769581.07094,17.96799128498723,17.93887109168752,17.924277912050275,17.90972496641787
22.309563828177094,39856051091.94504,39789351456.121414,17.96830195267791,17.938231758472075,17.92531726229213,17.910407871422223
22.578631144689147,39876433741.122574,39787902173.76564,17.97749106160826,17.937578378564385,17.92644515224714,17.91105928284348
22.85094358160664,39837197822.42174,39786437671.334114,17.959802333917175,17.936918136990545,17.927443726384727,17.91167969965296
23.126540277114675,39844595280.40513,39784961323.94182,17.96313732961008,17.9362525553535,17.928250102528693,17.91226971173614
23.405460841429427,39862374569.806915,39783456671.26526,17.9711527659547,17.935574212846262,17.929172162544468,17.912829824486725
23.687745362491093,39828102619.49336,39781942204.153114,17.95570194393722,17.934891445697414,17.92998263225925,17.913360543287578
23.9734344117255,39862077609.912544,39780415853.14534,17.971018887537152,17.934203320932365,17.93077449929038,17.913862448588123
24.26256904987534,39867952764.44152,39778861420.223,17.973667583223328,17.93350253599887,17.93175952512454,17.91433600907645
24.555190832901552,39874235222.41792,39777275821.4879,17.976499903506756,17.93278770058323,17.93278615451142,17.914781579781618
24.851341817956033,39859485839.5908,39775666565.97153,17.969850439824512,17.932062199981818,17.933742570464876,17.915199531292846
25.15106456942623,39834848505.798965,39774046713.78625,17.95874319159615,17.931331922084574,17.934465666538316,17.91559033544635
25.454402165052805,39865776942.81042,39772406682.67626,17.9726866576426,17.9305925469235,17.935207007467515,17.9159544707483
25.76139820212097,39837589471.7745,39770740263.81314,17.95997890117954,17.92984127537271,17.935943530385273,17.916292320144148
26.072096803726463,39876269718.03401,39769043091.33611,17.977417115085668,17.929076139171364,17.9367207808115,17.916604201091726
26.38654262511724,39804463946.47286,39767337627.1577,17.945044921905282,17.92830726482261,17.937299173583526,17.916890521028208
26.70478086011153,39872471324.148254,39765607059.800575,17.97570468531893,17.927527073208783,17.93784805359639,17.917151706656686
27.02685724759327,39839916571.52307,39763837206.26364,17.96102802746804,17.92672917020805,17.938570044678446,17.917388009129535
27.35281807808605,39825500511.95639,39762059378.421074,17.954528835898248,17.92592767215142,17.939024664263567,17.9175997665817
27.68271020040616,39840148566.58591,39760257741.55266,17.961132617793133,17.9251154402726,17.939470682456246,17.917787390283376
28.016581028395926,39847680501.05989,39758421591.00365,17.964528239517023,17.924287648592507,17.940024357764788,17.91795114019214
28.354478547738374,39826056467.886894,39756569337.045494,17.95477947748862,17.923452597013103,17.94048872354812,17.918091312190437
28.696451322853907,39841312586.95528,39754698568.84771,17.96165739305066,17.92260919865977,17.940909260527608,17.91820827992899
29.042548503880234,39861358783.21644,39752793565.7993,17.9706948189259,17.921750366210073,17.941508519034556,17.9183023109493
29.39281983373656,39842500932.737946,39750862090.92965,17.962193134933315,17.920879599470243,17.942098680990213,17.918373624708757
29.747315655272857,39870350075.657196,39748934733.19108,17.97474836294479,17.920010688856454,17.942724373982088,17.918422641014264
30.10608691850536,39850198319.81648,39747018240.63229,17.965663347648437,17.919146676591243,17.943374814369406,17.918449968361234
30.469185187939466,40030155437.55142,39744999428.49512,18.046793407988222,17.918236535594513,17.944869688529298,17.91845562856588
30.8366626499808,39884543969.31947,39742898696.24074,17.981147395468604,17.917289462554557,17.946502146827267,17.918439151685398
31.208572120435743,39818285345.9209,39740831624.4279,17.951276022877078,17.916357564650138,17.946966980581923,17.918400808156854
31.58496705210235,39836455722.45355,39738754493.97468,17.959467773017586,17.91542113200927,17.94716668978353,17.9183412406858
31.965901542452947,39876759727.07015,39736621638.43674,17.97763802584024,17.91445957683064,17.947674657570168,17.91826059932661
32.35143034140928,39807629198.51152,39734471280.94574,17.946471912357893,17.9134901312472,17.948013139899643,17.918158993513153
32.74160885921138,39850119005.39106,39732301159.085205,17.96562759032913,17.912511775293815,17.948204901782347,17.91803672083823
33.13649317438156,39846949438.48467,39730085275.64734,17.96419865460487,17.911512788650317,17.94860064797235,17.917893920164282
33.53614004178425,39828189394.95057,39727847959.483345,17.955741064913195,17.910504139491735,17.94886940440699,17.91773071976502
33.94060690078302,39844552135.68994,39725585315.038765,17.96311787867982,17.90948407158541,17.949120115104495,17.91754735309533
34.34995188349621,39844054841.28139,39723280780.08166,17.962893683461093,17.908445118180964,17.949449075465356,17.917343938419144
34.764233823151955,39852299224.45701,39720938289.224304,17.966610498405238,17.907389053119495,17.949811895209194,17.91712052441707
35.1835122625439,39812853146.20799,39718580064.828026,17.94882702449328,17.906325894907287,17.949997960284506,17.916877298892693
35.60784746258914,39866421944.9879,39716181951.41999,17.972977443949013,17.905244753533474,17.950258016882316,17.916614433391814
36.03730041098919,39836636871.533714,39713734189.45936,17.9595494404503,17.90414122910464,17.950636260583142,17.91633191473425
36.4719328309954,39840138912.359055,39711253108.422165,17.961128265378417,17.90302268343782,17.950866244468212,17.91602976597387
36.91180719028024,39831381344.880486,39708725302.14324,17.957180091575076,17.901883072632103,17.951062320114026,17.915708024278366
37.356986709915475,39838445446.522125,39706130237.547455,17.960364800241486,17.90071313976203,17.951245212928413,17.915366544454727
37.807535373458514,39826927397.69813,39703802813.17345,17.95517211874131,17.89966386712266,17.95139939160226,17.91500687499165
38.26351793614863,39836099898.33343,39701721697.59656,17.959307356843446,17.898725637868644,17.951538053484718,17.914632190888078
38.724999934213855,41174476584.46768,39698892703.54374,18.56268766583108,17.89745024259062,17.9589125457136,17.914240137417035
39.19204769429011,39771019213.58895,39695812731.42939,17.92996703428921,17.896061698882946,17.965676989730575,17.91382580761887
39.66472834295417,39799893917.68033,39693139281.991974,17.942984616003745,17.89485642777779,17.964986086205485,17.913390580990985
40.143109816371364,39865859455.06746,39690389401.760185,17.97272385664021,17.8936166993806,17.96481923158919,17.91293670000701
40.62726087005974,39814309672.64189,39687586231.397736,17.949483670248423,17.892352946195892,17.96472955529979,17.91246391459024
41.11725108877194,39817963303.58975,39684758951.85171,17.95113083654554,17.8910783238689,17.96438798211295,17.911972260204834
41.61315089649633,39812298375.344986,39681892735.502884,17.94857691716684,17.889786147664623,17.964043461801126,17.911461846719668
42.11503156657874,39818035538.34157,39678992900.38813,17.951163402135872,17.888478815113423,17.963707854561623,17.910932731259752
42.62296523196612,39815203907.72414,39676062922.13486,17.949886818215525,17.88715789313226,17.9633954411064,17.910385016500147
43.13702489557402,39843031256.69608,39673080026.98535,17.962432220862592,17.885813114628846,17.963224899975398,17.90981869878172
43.65728444077888,39834432231.343544,39670037803.912,17.958555522599717,17.88444158931985,17.963159921758262,17.909233619194914
44.18381864203688,39807927243.91077,39666946255.36985,17.94660628015356,17.88304782661168,17.96290843735936,17.908629642300436
44.71670317563108,39815141083.00012,39663808785.6172,17.94985849494766,17.881633361245985,17.962560966398954,17.9080067072549
45.25601463054789,39753553420.647156,39660667285.95687,17.92209293154137,17.880217079077166,17.961929142638844,17.90736499778869
45.80183051948482,39833068466.96459,39657478943.78238,17.957940696758172,17.878779678899523,17.961412545772937,17.90670468564755
46.35422928999115,39816312631.170715,39654199627.32603,17.95038666396352,17.87730126478995,17.9612402707932,17.90602547414098
46.91329033574276,39792721486.65671,39650884135.66364,17.939751069206302,17.87580654181366,17.960856386089084,17.905327133743125
47.479094007952895,39768787559.04202,39647565230.441055,17.92896093755723,17.874310279902158,17.96022777842381,17.904609907277234
48.05172162692088,39827471053.91929,39644205290.53605,17.9554172152542,17.872795518326388,17.959802287847776,17.903874003608603
48.631255493719785,39839960297.08766,39640759877.86494,17.96104774026261,17.871242223066822,17.95976549603958,17.903119188200005
49.21777890202509,39832381757.05413,39637240205.96509,17.957631107356136,17.869655449522075,17.95975515902349,17.902345056417154
49.811376150086275,39790587810.52816,39633681360.06375,17.93878914408084,17.86805101516377,17.95948029862303,17.901551461234277
50.41213255284251,39793853176.24247,39630099286.828705,17.940261268777924,17.866436109227518,17.959007631302228,17.90073853103128
51.02013445418457,39806263946.307106,39626480600.616005,17.94585641576005,17.864804697063985,17.95863017323444,17.899906403884668
51.6354692393646,39838032636.78677,39622826816.43904,17.960178693244668,17.863157461686598,17.958498217222335,17.899055151681722
52.2582253475557,39849707588.999,39619102186.7986,17.965442111493214,17.861478287051685,17.958600754342342,17.898184660595692
52.8884922845628,39910826146.1405,39615238174.390945,17.992996188215393,17.85973627448929,17.959091197548187,17.89729426151559
53.526360635686835,39769732739.4374,39611344152.3638,17.929387053197857,17.857980732691317,17.95913644368504,17.89638352496126
54.171922078744295,39786968700.89533,39607486854.96895,17.937157541026828,17.85624174745788,17.95852422751288,17.895452970761568
54.825269397243595,39862305945.549866,39603542074.59706,17.971121828083582,17.854463322277333,17.95842276151974,17.894502793381754
55.48649649372027,39856250736.354324,39599488421.626236,17.968391958359128,17.852635814067273,17.958691093548396,17.893532408411485
56.15569840323338,39816725966.50796,39595394207.74389,17.95057300791742,17.85079001978306,17.958708577727098,17.892541498744183
56.83297130702432,39814385522.045425,39591268556.574715,17.949517865432046,17.848930052628056,17.95850325748803,17.891530166433498
57.51841254634043,39848630119.949684,39587052974.98611,17.964956356163913,17.84702954214558,17.95847435643632,17.890498245293582
58.21212063642555,39815856641.89234,39582757500.51468,17.95018109033501,17.845093013557875,17.958451851228695,17.88944531649328
58.91419528067912,39788546021.86758,39578413924.0431,17.937868644578963,17.84313479914732,17.958109175900052,17.888371195204687
59.6247373849859,39806462120.425804,39573988728.45047,17.94594575859022,17.841139788391626,17.957725895654978,17.887275689669234
60.34384907221895,39765556700.868835,39569518024.278336,17.92750436989356,17.839124261004816,17.957227038916084,17.88615862875045
61.07163369691718,39772877809.038666,39565084100.89406,17.930804944803008,17.83712531549915,17.956562188312628,17.885020479157554
61.808195860139854,39847628964.73204,39560595651.1335,17.964505005396358,17.835101787869405,17.956353553404455,17.88386164282603
62.553641424500675,39976245335.36076,39555876795.9816,18.022489118729187,17.832974386586105,17.957237666841667,17.882681082557916
63.308077529382736,39793781349.87462,39551059915.08093,17.94022888729932,17.830802792358327,17.957803303477444,17.88147756328848
64.07161260633724,39771184889.087524,39546259562.734505,17.930041725767744,17.82863864969801,17.957265534704998,17.880251197390155
64.84435639466776,39799057553.18412,39541378784.19565,17.94260755783068,17.82643824850051,17.956770299723633,17.87900218179246
65.62641995720267,39759638520.79989,39536442163.40571,17.924836277004882,17.82421267194314,17.95622298042112,17.87773032615477
66.41791569625771,39791017894.12823,39531425943.36057,17.93898303865341,17.82195120965667,17.955647958800217,17.876435447514776
67.21895736979077,39797375451.98022,39526295709.64373,17.94184921621081,17.819638346591052,17.955287292968837,17.87511705624015
68.02966010775216,39731968499.686386,39521137347.18006,17.912361802470077,17.817312802243602,17.95461752228207,17.87377495302724
68.85014042863149,39791228470.05449,39515922845.0479,17.939077972590002,17.8149619484516,17.95393478260759,17.872409248723486
69.68051625620426,39804355536.77002,39510588015.27377,17.944996047563198,17.81255684735349,17.953653323301406,17.87101955800529
70.52090693648064,39785824780.6891,39505162990.980965,17.936641827525058,17.810111083864054,17.953348660529084,17.86960532582805
71.37143325485853,39788151280.36893,39499676685.59323,17.93769068328459,17.807637693020993,17.95296534486279,17.868166325595283
72.23221745348323,39775299322.01892,39494174777.471214,17.93189663540505,17.805157267997846,17.952534413694394,17.866702734971916
73.10338324881701,39849001002.95088,39488615245.705124,17.965123561332817,17.8026508645095,17.952441429781352,17.86521474413882
73.98505584942022,39899704690.541046,39482887501.88153,17.9879823028231,17.800068625985855,17.953014297540864,17.863701721568482
74.87736197394675,39873760245.53362,39476954914.79906,17.97628576969661,17.797394037983835,17.953703365744204,17.86216226683886
75.78042986935695,39775789654.37912,39470917626.064095,17.932117691923793,17.794672247339925,17.953712036694295,17.860595356261065
76.69438932934987,39669833091.990204,39464902934.30533,17.88434929905216,17.791960644089905,17.952631176797656,17.8590012059096
77.61937171301778,39749612685.89993,39458865847.32236,17.920316330249634,17.789238944401838,17.95144207245601,17.857380460780625
78.55550996372601,39745609391.04919,39452733685.77427,17.918511524988876,17.7864743822513,17.950683140226467,17.855733121279858
79.50293862822011,39844628434.25959,39446452122.51157,17.96315227636099,17.783642465331617,17.950452916502265,17.854058510114726
80.4617938759637,39754290047.515335,39440059276.866974,17.9224250250035,17.780760378980062,17.95026844443694,17.852355882440683
81.43221351870939,39806788257.20573,39433544553.42612,17.94609279082194,17.77782334646639,17.94989083042156,17.850624656491526
82.41433703030589,39742013082.384,39426903461.93487,17.916890201294212,17.774829343449515,17.949452843691393,17.84886418391477
83.40830556674398,39700519002.61769,39420244367.11298,17.898183426938427,17.771827223991792,17.94845844962873,17.847074390071217
84.41426198644395,39750747628.24529,39413500503.92765,17.920827996262737,17.768786888416095,17.947537197451254,17.84525541864627
85.4323508707883,39768667256.42301,39406597461.004944,17.928906701532213,17.765674789845633,17.947000681801878,17.84340665572601
86.46271854490156,39743449805.89522,39399567344.80447,17.9175379192985,17.762505402834332,17.94643652236899,17.841527279422305
87.50551309868081,39716594597.69237,39392441151.86691,17.905430786836288,17.759292701551416,17.945607583236484,17.839616824284107
88.56088440808018,39718514221.397896,39385212146.03825,17.90629621071626,17.756033649136832,17.944666036189805,17.837674964242044
89.62898415665175,39694903828.6806,39377844648.367905,17.89565193829231,17.752712160450685,17.94363013960494,17.835701153508204
90.70996585734608,39714516804.21944,39370321547.940834,17.90449405528627,17.749320521379815,17.942598820776194,17.83369457789632
91.80398487457624,39606164511.10402,39362788332.211075,17.85564559522505,17.745924322027435,17.941113928407386,17.8316551333076
92.91119844654749,39701025315.95795,39355185683.94365,17.898411688161783,17.742496820406814,17.93959866992208,17.82958317174409
94.03176570785615,39765753855.880974,39347315684.01802,17.92759325327996,17.7389487886486,17.938970630433552,17.827477658664662
95.16584771236167,39663440799.34704,39339335096.73287,17.88146746201022,17.735350900795424,17.938151403507685,17.825337375605667
96.31360745633391,39661919644.130135,39331341607.183945,17.880781679663365,17.731747196215174,17.93680028707684,17.82316248996283
97.47520990187972,39745304624.593994,39323207269.262115,17.918374127139817,17.728079992968485,17.935921091484097,17.820952996334647
98.65082200065248,39732701435.79853,39314930180.84174,17.912692232028807,17.72434843352013,17.93543766190953,17.818708200030006
99.84061271784705,39762129612.47046,39306465284.34235,17.925959335765153,17.72053220456287,17.93505688472892,17.81642717064722
101.04475305648423,39765665684.85339,39297792866.160934,17.92755350313905,17.716622418613827,17.934860345045717,17.814108654729303
102.26341608198875,39618921393.755264,39289101224.87442,17.86139678013104,17.712703966313068,17.933898849751134,17.811752335500135
103.49677694706244,39765440584.63117,39280306596.49254,17.92745202121468,17.708739084344135,17.932968319734833,17.809358453244734
104.74501291685849,39703164623.0085,39271319604.8975,17.89937615187559,17.70468747927535,17.93250305138856,17.80692631772364
106.00830339445916,39769150424.37172,39262112852.83703,17.929124528119605,17.700536799604546,17.93207272430707,17.804454633408096
107.28682994666,39674961537.24287,39252710891.57504,17.886661355824543,17.696298113777065,17.931496846833777,17.801942121926746
108.58077633006585,39619583386.14679,39243278225.13541,17.861695226134984,17.69204558513555,17.930137094901756,17.799388549322078
109.89032851750162,39665529330.86025,39233769752.44347,17.882409034590516,17.687758880764274,17.928762428938114,17.796794318139206
111.21567472474072,39710711944.34343,39224066334.186424,17.9027787104574,17.68338428909152,17.92790697747467,17.794158941892924
112.5570054375567,39744510643.66467,39214098619.24733,17.91801617674855,17.678890544555948,17.927493227233242,17.79148094058735
113.91451343910114,39661633105.82688,39203932391.92518,17.880652499611333,17.6743073046905,17.92682343969587,17.78875885456772
115.28839383761098,39646250652.62565,39193633801.306015,17.873717628837127,17.669664391485043,17.92564692531594,17.78599196336099
116.67884409445062,39605763841.26918,39183291771.725655,17.855464961259102,17.665001894694413,17.924199112100098,17.783180392459638
118.08606405249265,39662874390.013435,39172871484.91198,17.881212107712535,17.66030411719835,17.92287750324258,17.78032454937439
119.51025596483952,39807228409.70273,39162207126.40638,17.946291224754923,17.65549630487098,17.92266591685504,17.777423756291935
120.95162452389278,39716834413.949425,39151315403.58823,17.905538903190063,17.650585989899483,17.922740001295537,17.774476560996394
122.410376890773,39854032251.09448,39140102660.518654,17.96739179873633,17.645530949380614,17.92306957133883,17.771481131201966
123.88672272509324,39607457135.77774,39128759546.35481,17.856228349156073,17.64041713366642,17.922794920391095,17.768436205124868
125.38087421509283,39691756538.41304,39117320203.579,17.894233045544258,17.63525993521087,17.921670737385593,17.765341746361404
126.89304610813464,39691198378.52855,39105565493.89136,17.893981410345397,17.629960559902802,17.92101769064445,17.762196723295112
128.42345574156886,39582505561.38428,39093691023.28725,17.844979431849584,17.624607192785454,17.919793201036835,17.759000016353173
129.97232307397022,39625684961.43366,39081690354.785576,17.864445999082573,17.619196931874896,17.918252710097004,17.75575153627385
131.53987071675215,39638513799.46713,39069378897.15783,17.870229623630717,17.6136465579148,17.917046855688913,17.752450170023973
133.12632396616075,39618404768.16237,39056771390.808,17.86116386983523,17.607962716320923,17.915829635972923,17.749093930235425
134.731910835656,39481198689.793846,39044115682.2799,17.799307258898512,17.602257143740907,17.913797367008165,17.74568228642802
136.3568620886835,39567184668.747986,39031357422.857285,17.83807231442246,17.596505338145132,17.911546850762395,17.742215744387906
138.00141127184006,39648052402.74076,39018226156.38662,17.874529911770953,17.590585369796496,17.910240569072876,17.738693056384943
139.66579474844085,39571263707.052475,39004843502.446335,17.839911267101503,17.584552068444776,17.908981972716237,17.735112221941595
141.35025173249107,39542470173.15831,38991310636.15982,17.8269302793438,17.57845104686689,17.907190870924804,17.731472477152373
143.05502432306622,39597825379.772385,38977537431.46027,17.85188606497344,17.572241673531668,17.905586749486698,17.727773129093503
144.78035753910876,39524235564.25339,38963518514.161354,17.818709571325417,17.5659215255949,17.90391912315703,17.724012993953263
146.5264993546428,39613350364.14935,38949178388.743515,17.858885193072016,17.559456567414454,17.902379125275882,17.720190481838433
148.2937007344144,39449814020.848816,38934677545.285675,17.785158109827318,17.552919152726332,17.900470077807377,17.71630450198966
150.0822156699622,39535644862.461464,38920047605.172424,17.823853224789676,17.54632353739811,17.898199256755504,17.71235501133258
151.8923012161215,39571833443.53314,38905007808.823975,17.840168121376767,17.539543146599424,17.896632289199943,17.708340627294817
153.72421752796987,39536483022.6209,38889580951.36594,17.824231092501527,17.532588257055867,17.895104632002795,17.704258632121817
155.57822789821867,39403573049.981476,38873979435.20097,17.764311294742384,17.525554626134305,17.89271145268869,17.70010763458589
157.45459879505376,39428608154.72636,38858269048.75619,17.77559787003393,17.518471913228755,17.889803924131286,17.695887757400385
159.35359990043426,39455713099.182724,38842350872.58429,17.787817591081534,17.51129552248867,17.887243799505296,17.69159893816311
161.2755041488532,39553042859.62323,38826007589.43738,17.83169676316866,17.50392748078769,17.885411118427143,17.68723942330301
163.22058776656405,39523160913.69513,38809244200.065796,17.81822508665633,17.496370042613897,17.883977988571957,17.682806374038154
165.189130311282,39362837636.4833,38792386175.6351,17.74594654987055,17.48876994012011,17.88155884845558,17.678298793981345
167.1814147123639,39506928196.39132,38775183999.57611,17.810906891350065,17.48101468376122,17.87912007634625,17.673716097579543
169.1977273114714,39464924891.63307,38757459255.740715,17.791970543111113,17.473023838192162,17.877278321310673,17.669055430060585
171.23835790372596,39286853441.44591,38739646274.60922,17.711690598198032,17.46499321260636,17.874300539184556,17.664315390608532
173.30359977936027,39378220854.70813,38721650036.49539,17.752881765540312,17.45687996928239,17.870938889705016,17.65949640673387
175.3937497658705,39473581134.49643,38703109018.04199,17.795873036742147,17.44852112265927,17.868654227859114,17.654596449126334
177.5091082706783,39331406690.34221,38684249144.98423,17.731776537652866,17.44001852682735,17.866166079526728,17.649612831201978
179.64997932430765,39340134503.8387,38665215372.20294,17.735711297469635,17.431437531789886,17.86302904088529,17.644544908116924
181.81667062408056,39396452838.41023,38645816481.4841,17.76110129003861,17.422691930646938,17.86031522569572,17.63939179247472
184.00949357834142,39393065349.404625,38625980585.48375,17.759574108502896,17.413749314430042,17.857946470709518,17.63415121661179
186.22876335121506,39372451956.03766,38605758386.84967,17.75028097317866,17.404632541411917,17.855505108000656,17.628820857377345
188.4747989079024,39301808709.63756,38585247433.42322,17.718432881171097,17.395385589082053,17.852632629344534,17.623399239889224
190.74792306052458,39348176787.22654,38564363001.442444,17.73933699977437,17.385970261430174,17.849702309427595,17.61788498685981
193.04846251451977,39319499898.973236,38543093163.29612,17.726408599366366,17.376381181131773,17.846933491233198,17.612276239797097
195.37674791559772,39284053157.76687,38521544623.51626,17.710428146416696,17.366666453786845,17.843887603343347,17.60657169419235
197.73311389726268,39368640741.87308,38499494240.10921,17.748562763646124,17.356725480299126,17.841180156400767,17.60076944405159
200.11789912890913,39314535378.10323,38476857974.31204,17.724170444616995,17.34652037347642,17.83869520373845,17.594865992496143
202.53144636449608,39180066834.92926,38453953603.23808,17.66354799656481,17.336194396762277,17.835259475487867,17.58885918663351
204.97410249181,39180175437.686584,38430859585.62052,17.66359695794164,17.32578292170431,17.831191906680623,17.582749033007374
207.44621858232193,39302190854.90748,38407285650.73454,17.71860516370817,17.31515508556302,17.827876809726703,17.5765343950241
209.94814994164432,39293742193.759056,38383147056.72249,17.714796254133546,17.30427268417004,17.82524257845255,17.57021216684851
212.48025616059775,39249152804.20737,38358576824.51062,17.69469402138846,17.293195687344344,17.82238635102456,17.563779581032787
215.04290116689413,39233049034.76608,38333561423.710785,17.687433959642007,17.281917995181573,17.81927457374562,17.55723456914089
217.63645327744084,39222698603.85026,38308041244.36905,17.68276767527764,17.270412733728527,17.816095425971586,17.550574719661792
220.26128525127794,39160379409.582855,38282045730.50838,17.654672315367016,17.258693177232924,17.812601843291542,17.543797519967576
222.91777434315375,39151901558.42638,38255644139.30257,17.650850246062205,17.24679054890372,17.80881466288105,17.536901045345658
225.60630235774448,39107117103.820854,38228782956.131836,17.63066007214654,17.234680722746976,17.80483159880478,17.529883496826063
228.32725570452996,39220406852.209015,38201329644.90527,17.68173448497498,17.22230394752201,17.80131381232703,17.522742121929113
231.08102545333108,39022488046.43031,38173507801.54601,17.59250675751796,17.209761026970096,17.797417446019725,17.51547473109031
233.86800739051486,39221116408.39868,38145126852.51436,17.682054374164178,17.196966044829797,17.793629875147733,17.508079349717107
236.68860207588085,39137165595.8956,38116056466.08118,17.644206832651644,17.18386024365277,17.7905354264122,17.500552338137453
239.54321490022994,39045118653.02751,38086660057.68321,17.602709313003768,17.170607462006128,17.786574118276814,17.492891403495246
242.4322561436301,39162664112.19159,38056722157.10832,17.655702327754625,17.157110559462577,17.782849544468615,17.48509507882428
245.35614103438468,39152366136.67186,38026095781.19523,17.65105969185442,17.143303271609266,17.779781873495676,17.477159998429208
248.31528980870976,39101170358.582634,37994903372.87425,17.62797910122372,17.12924079938768,17.776457165499846,17.46908275392212
251.31012777113347,39100415621.78998,37963068604.96469,17.62763884326505,17.114888732217935,17.77293539958178,17.46086025758337
254.3410853556237,39042224697.777275,37930541335.581116,17.601404631271656,17.100224464635787,17.76918043358989,17.4524888202791
257.408598187451,38952523960.74449,37897460409.495346,17.560964851508615,17.08531059202427,17.76472360767798,17.44396532004379
260.5131071457995,38913985932.935455,37863878024.30034,17.543590753940943,17.070170646622177,17.759689152640657,17.435287726361913
263.6550584271334,38963469366.65793,37829692684.470795,17.565899368427853,17.054758871205813,17.754835244344346,17.426453788629654
266.8349036093247,38944512251.43288,37794813548.22554,17.557352932913467,17.039034311578533,17.750257168247575,17.417460282730712
270.05309971655794,38996652739.153496,37759120803.576,17.580859426950283,17.02294295290621,17.74596704620793,17.40830293501333
273.31010928501604,38858969148.98862,37722781220.20116,17.51878753938912,17.0065599799567,17.741315646637087,17.398977833026986
276.6064004293574,38846468341.7377,37685888790.61738,17.513151800945828,16.989927767372468,17.73597639694411,17.38948254728083
279.9424469099964,38920532825.02927,37648249512.66878,17.546542289047164,16.972958853169178,17.731095194587777,17.379814162523854
283.3187282011958,38825114293.93238,37609916717.557526,17.50352475641016,16.95567728065061,17.726210170245555,17.36996908923912
286.7357295599775,38928843824.75865,37570661415.55673,17.550289136729635,16.937979814387166,17.721491640715968,17.35994287581258
290.1939420958668,38788557675.622406,37530478221.20795,17.487043937609347,16.91986402645282,17.71668186017899,17.349729931577855
293.69386284147885,38610231487.895676,37489709737.64862,17.40664914938128,16.901484372606614,17.710283270025613,17.339326610366893
297.2359948239523,38687034052.253586,37448163395.10337,17.441274046462514,16.88275403662425,17.70350225572256,17.328730136514924
300.8208471372484,38571637549.80928,37405727131.08321,17.38924984578546,16.863622497378206,17.69666963283419,17.31793617581096
304.44893501532135,38586798178.04437,37362514075.02837,17.39608471121887,16.844140757009598,17.689467758256807,17.30694050963606
308.1207799061689,38461563100.046555,37318656801.38309,17.339624985910387,16.824368584049918,17.681844163789904,17.295740332118143
311.836909546778,38633699674.58823,37273825024.58944,17.41722931106867,16.804157075874034,17.67466118201701,17.28433183317118
315.5978580389755,38587372062.039536,37227750245.607544,17.396343435317927,16.78338518507031,17.668313265309603,17.272708097155018
319.4041659261899,38360108691.319885,37180952881.71001,17.293886298797965,16.762287531337364,17.660648841676455,17.260863742893385
323.2563802711419,38365342968.796074,37133436899.67524,17.296246067907536,16.740865903017763,17.651987701717523,17.24879630063203
327.15505473447257,38495850283.62146,37084895145.71422,17.355082675538483,16.718981825980826,17.644260695724874,17.236501730004605
331.100749654316,38312761959.27678,37035632464.955284,17.272540973445473,16.696772733543824,17.636425909530136,17.223976093630057
335.0940321268354,38584773186.283806,36985225523.58067,17.395171784262768,16.674047774138273,17.62926620334754,17.211214891313666
339.13547608772984,38527743865.76482,36933079781.4066,17.369461257926947,16.65053891123641,17.623413697761205,17.19820828805759
343.2256623947215,38150922085.25369,36880059997.695435,17.199578709378677,16.62663600422261,17.61537263637619,17.18494817168819
347.36517891104063,37900984251.35683,36826612797.51343,17.086899245512658,16.602540405058008,17.60417894399505,17.171433612266004
351.5546205899174,38392718860.51982,36771789869.60662,17.30858794010108,16.577824586617115,17.594565504349827,17.157660977981905
355.79458956008955,37940293892.280235,36715877392.091866,17.104621209390455,16.55261756656915,17.585359532615758,17.14362322647735
360.08569521234466,38188770992.52392,36658999657.706924,17.216642130760828,16.526975379804206,17.57530492353639,17.129315669170804
364.428554287106,38198434772.64731,36600670165.174614,17.220998852375338,16.500678696970546,17.566859478640506,17.114731774640013
368.82379096307136,37987966487.38652,36541360848.34353,17.126113443574955,16.473940279986646,17.557534681320615,17.09986511908786
373.2720369469261,38218994763.81385,36480857280.4082,17.230267912387646,16.4466634588242,17.548554738529017,17.084710784149188
377.7739315641329,38064406223.35547,36419082777.98397,17.160574766747803,16.418813662315902,17.540183427598297,17.069262417723753
382.3301218508199,38205850249.777336,36356041146.38639,17.224341971639415,16.390392606012014,17.531949726456833,17.0535134315763
386.94126264677766,38095712978.78671,36291490823.21117,17.17468879007263,16.36129138634327,17.52407023611167,17.037456115965984
391.60801668957356,38101774298.37943,36225387483.10099,17.177421414547204,16.33149002011057,17.51582532872713,17.02108142334435
396.33105470980524,37786220215.54532,36157978020.870605,17.035160179742896,16.30109981489358,17.506112621225395,17.00438161165701
401.11105552750286,37788706851.41064,36089366425.44415,17.03628122969266,16.270167652014887,17.4949682743894,16.987350991587164
405.94870614969005,37717160988.44637,36019266486.64535,17.00402621109483,16.238564499351934,17.48371677744538,16.969983022967398
410.84470186912574,37751840943.85901,35947616642.04423,17.019660974035144,16.206262602716833,17.472538367274954,16.952269470495793
415.7997463642362,37541037261.11206,35874685800.40817,16.92462435799921,16.173383194238646,17.46067634927876,16.934203411888287
420.81455180024926,37704732826.09631,35800240287.805,16.998423223149345,16.139820926707678,17.448855771931967,16.91577826094467
425.88983893155137,37712880674.794846,35723874851.39803,17.002096517458963,16.10539310000345,17.438227992925633,16.896984169832635
431.02633720527984,37487205654.346924,35645913739.149895,16.90035545682979,16.070245894822246,17.426682819490523,16.87781111478
436.22478486616023,37467120176.765976,35566422699.99299,16.89130032175869,16.034408952752685,17.414105273067026,16.858251383992968
441.48592906261183,37403604376.04976,35485147462.4045,16.86266549580962,15.997767640574102,17.401377849631437,16.83829643133763
446.81052595413337,37389214767.28878,35401921163.06497,16.856178229055526,15.960246731302714,17.38853748163296,16.81793566688729
452.1993408199794,37152690174.38525,35316987109.25137,16.749545856101154,15.921955915148674,17.374654210638184,16.79715917298764
457.65314816915196,37100897458.211006,35230332429.59658,16.726196147896964,15.882889389314041,17.35956601869735,16.775958489389986
463.17273185171797,37200074090.939285,35141575275.57708,16.77090794534525,15.842875005043918,17.345093178887456,16.754323236477067
468.7588851714661,36902941058.64116,35050792866.38534,16.636951472032557,15.80194757506382,17.329893356936726,16.732241668370705
474.41241099992544,37118488137.05394,34959697264.57749,16.734126552950723,15.760878948468871,17.31463434925275,16.70971192543901
480.1341218917604,36811786599.80902,34868345679.62068,16.59585631092765,15.719694917000902,17.29923332771823,16.686741587902862
485.9248402015522,40663936462.879265,34770860655.76715,18.33252088281249,15.67574574751536,17.30326472735961,16.66330678348096
491.7853982019932,36892323160.96628,34669466687.38833,16.632164605639677,15.63003430872259,17.30738667015176,16.63936495624365
497.7166382035078,36328100434.85672,34568718463.114655,16.37779609612749,15.584613990719452,17.288358166495307,16.614910837201727
503.71941267531,36816560968.86888,34465438813.55544,16.598008739543904,15.538052430353988,17.269409573583903,16.589946391307386
509.79458436792675,36354208319.25517,34359378249.74848,16.389566312628236,15.490237150527134,17.25101889830546,16.564455330664476
515.9430264371982,36070667401.35593,34251596764.029583,16.261737571717607,15.441646027542127,17.229086222196013,16.53842612366562
522.1656225697697,36134386398.17797,34141803369.128296,16.29046400455911,15.392147875619226,17.206510331309797,16.511851575520147
528.4632671101007,36448269739.09034,34028987302.012222,16.431972018848274,15.34128701250013,17.186493891259587,16.484717686876476
534.8368651890073,36212631462.23527,33913201950.528225,16.325739223723314,15.289087507025743,17.16735195189056,16.457005711270842
541.2873328537482,35813305908.67726,33795388908.142628,16.145711300053758,15.23597385774161,17.145267265012585,16.428702688491907
547.8155971996863,36056562109.958755,33675066349.766956,16.255378483749503,15.181728843461967,17.122892888130487,16.399798375198664
554.4225965035367,36169628156.41744,33551423646.540524,16.30635204504584,15.125987008409298,17.102947366055318,16.37027585787749
561.1092803582181,35783128206.00791,33424792042.262814,16.132106287541355,15.068897687212756,17.081998127630648,16.340116100131123
567.8766098093348,35695334133.60675,33295340957.198425,16.092526089319502,15.010537259603588,17.059021816454322,16.309303185176955
574.7255574933044,35429279394.15642,33162745427.428474,15.972580641554089,14.950759222110975,17.03469442473678,16.27782072682489
581.6571077771479,35451213215.56517,33026888254.674053,15.98246906540068,14.889510738239428,17.009648887548583,16.24565037239365
588.6722568999686,34840396332.75029,32888675073.81904,15.707094514046059,14.827200095328172,16.98203154773358,16.21277844738588
595.7720131161401,35317013322.73829,32747275779.252567,15.921967732973952,14.763453056897173,16.954386630367022,16.17919194907631
602.9573968402125,35667944320.47438,32601340169.564384,16.08017794093786,14.697660911697536,16.93181215421953,16.144866522252826
610.229440793577,34466012928.535995,32452454419.352802,15.538311258588182,14.630538754761288,16.905178043685744,16.10977974293155
617.5891901528903,35115785581.016815,32300310851.710964,15.831248238055458,14.561947876120561,16.87628542408834,16.07391648556431
625.0377027002941,34662085922.20511,32144182015.77072,15.626706838644134,14.491560319128961,16.849089123033902,16.037256441432863
632.5760489754474,34681925045.95291,31984202623.15256,15.635650910026287,14.419436815821076,16.820235284438972,15.999776645053506
640.2053124293863,34507790007.01836,31820033364.61282,15.557145617244037,14.345424395423876,16.791234820551875,15.961453567211326
647.9265895802449,33922859983.056934,31651995361.749054,15.29344163745237,14.26966782917461,16.758854504206674,15.922264160151311
655.7409901708554,34188213599.086357,31479375686.651875,15.4130709977734,14.19184570781181,16.725561861777134,15.882183796623814
663.6496373282415,33310733474.374016,31302789643.929745,15.017476667518956,14.112235429088011,16.68975234548679,15.84118795400615
671.6536677250424,33372779327.6196,31122740867.280453,15.045448797107417,14.03106404616346,16.650466482641594,15.7992586627582
679.7542317428836,33751405963.102757,30937834359.086838,15.216145028352033,13.947702652317053,16.614474911037355,15.756373557976818
687.9524936377117,33655510532.45072,30747181937.918034,15.172912495107262,13.861750828749098,16.580830775475174,15.712498627565562
696.249631707129,33301501963.761127,30551782134.95577,15.013314825950934,13.773658743233147,16.54557276178259,15.667601314953522
704.6468384597479,32289548539.682053,30352827785.09683,14.557095903410112,13.683964161478995,16.503834112932058,15.621661544069466
713.145320786579,34144296547.67764,30148073339.342087,15.393271875206974,13.59165472271932,16.46767702679947,15.57465398240835
721.746300134495,32567016421.743805,29937430225.01081,14.682186737811996,13.496690495735935,16.43374851439894,15.526541501345815
730.451012681785,33531762848.5754,29721093760.44315,15.117123331632767,13.399159535888481,16.397433977277363,15.477288431062421
739.2607095158205,32289450874.85265,29498553510.19443,14.557051873178896,13.298831723585431,16.36042681027212,15.426858241350232
748.176656812871,32678529444.203396,29271325860.27927,14.73246014935965,13.196390691074356,16.319791953320756,15.375220704612698
757.2001360200866,32083093074.634956,29043544993.856823,14.46401959418949,13.09370025198697,16.278986242210618,15.322376569975638
766.3324440396711,35565210793.99492,28810839603.830128,16.033862589219044,12.988789690115967,16.254694097649857,15.268325030184407
775.5748934152812,47890866574.82231,28560472978.63922,21.59063750211141,12.875916914287648,16.31568174156796,15.212973664212559
784.9288125206746,32038028532.20841,28301130823.532593,14.44370314829244,12.758997700658982,16.35548557441052,15.156211292086489
794.3955457506266,31064466211.03911,28040251241.077435,14.004792085172708,12.641385368718998,16.3049615671402,15.09801543689049
803.9764537141556,31110324793.278885,27772095645.926994,14.025466508007653,12.52049279226059,16.250712810186137,15.038372808663453
813.6729134300795,29735583536.971886,27496936478.330055,13.405691961273389,12.396442795510447,16.190606950371237,14.977241432868341
823.4863185249237,30849034643.016975,27213707898.600403,13.907669079799433,12.268754866004581,16.130609341397186,14.914576049442097
833.4180794332223,29094307363.342785,26922544209.94739,13.116585449034037,12.137489551653603,16.068516642382622,14.850327534176262
843.4696236002361,30416094344.39784,26622325966.657116,13.71248662193061,12.00214217279016,16.005681404270245,14.784442625429953
853.6423956871075,28788956393.382877,26312915962.115364,12.978924083207167,11.862650872561744,15.94260972308417,14.716862643737029
863.9378577784973,28795083285.610306,25995539937.343636,12.981686269790076,11.719568251745063,15.872427622398819,14.64753615678422
874.3574895927261,28988554577.0745,25668496255.730328,13.06890892454289,11.572127161573162,15.804980209493108,14.576410315558366
884.9027886944416,28900592731.807846,25330899649.43953,13.029253089286662,11.419928496782251,15.739685208898486,14.503419733944732
895.5752707098593,28881316925.7245,24982131606.098396,13.020562978385112,11.262693413463506,15.675366661498868,14.428492552567299
906.3764695445994,27844806029.396477,24622182252.660675,12.553272811592178,11.100417460551872,15.606900959772036,14.351555278128394
917.307937604142,27990525064.34897,24251503261.07436,12.618967318412206,10.933304265293971,15.535337918322877,14.272538532713108
928.3712460169497,26724420895.81181,23869841482.668385,12.04816962570206,10.761239700684342,15.45944173920958,14.191375619741432
939.5679848602816,29403504518.12838,23472907003.47562,13.255980790215224,10.582289744977217,15.393015963454355,14.107977031415833
950.8997633887208,25960878332.470314,23062002550.97801,11.703941761777669,10.39704170675225,15.323890279451762,14.022239606546348
962.368210265473,25854201296.946056,22639420760.088528,11.655848558030652,10.20652917451746,15.237554097911074,13.934081860681461
973.9749737964391,26294253664.60495,22200903221.012115,11.854237349706098,10.008832329551737,15.155061262550138,13.843413531981795
985.7217221671224,25713000730.667778,21745767421.858658,11.592191112266038,9.803643475046393,15.073736056922838,13.750120224628324
997.6101436823909,24514444057.15018,21276124518.625454,11.051845854089825,9.591914383376997,14.9848127846533,13.654097972125406
1009.6419470091245,22901135343.641457,20790024524.587757,10.324517949969646,9.372765942104813,14.882966263838407,13.55524600184747
1021.8188614217956,24461473359.388897,20281651377.511272,11.02796507649289,9.14357609612056,14.783351374204285,13.453424330430066
1034.1426370510137,22262182220.019398,19751483691.818428,10.03645873827398,8.904560619145554,14.682563868128558,13.348467987912297
1046.6150451350566,20492001154.607815,19201491581.694317,9.238408077889899,8.656607697680695,14.562979030856418,13.240229037909266
1059.2378782744452,21101038574.423225,18627803214.09322,9.51298039401017,8.397971793385633,14.44010246590869,13.128552705803038
1072.0129506895892,19341363852.689487,18030098845.80674,8.719666308134853,8.128508756442251,14.313916279589083,13.013265612524629
1084.9420984815295,19554026663.926228,17407786222.325966,8.81554107499502,7.847951580773496,14.182521014967127,12.894193607432447
1098.027179895836,20614483416.56196,16755184100.241482,9.293626751249233,7.553738991635625,14.061064953816063,12.771132999400416
1111.270075589688,20297984369.213043,16068263286.66632,9.15093949812973,7.244054508157227,13.946415419854628,12.643833117561769
1124.6726889021647,19305194373.124107,15344191270.711836,8.703360023079098,6.917621149565316,13.827468251658301,12.512012623377558
1138.2369461278074,17305789381.270428,14579369063.052984,7.801968348915496,6.5728163836434526,13.69532716076814,12.375362471859832
1151.9647967934795,16058803744.488281,13770739614.038225,7.239789863127618,6.20826200081697,13.54900351676022,12.23354541072599
1165.8582139385567,13846867335.545135,12915401771.597975,6.242582658522118,5.822650074811974,13.387643332968782,12.086200363111205
1179.919194398505,14862952892.3616,11999993029.492832,6.700664470303089,5.409956387463944,13.22382297262662,11.93288761600894
1194.1497590918812,12929616505.863918,11018364938.982246,5.829058502904319,4.967409033868004,13.058890829972452,11.773073906985733
1208.5519533107824,10447545363.367298,9966037640.805784,4.710066466951691,4.492988359249242,12.874268244226691,11.606181900651608
1223.1278470148095,16383777059.68943,8816386796.861708,7.386297570091019,3.9746913143040894,12.712736072984065,11.431481119362637
1237.879535128577,8991108664.371525,7556378907.353008,4.053461166989939,3.406642006829563,12.54682612915219,11.248047034801672
1252.8091378427982,15755002642.970592,6151417351.20076,7.102827224429847,2.7732432434997496,12.381942105287175,11.054721964193927
1267.918800919016,10633832661.74643,4396075606.265585,4.794050362383352,1.981882593384813,12.22935695913445,10.849088343937787
1283.210695998004,7310273192.157194,2176816354.679508,3.2956901768874376,0.9813740319174257,12.03534542741445,10.627085406979996
1298.6870209118815,0.0,0.0,0.0,0.0,11.789012937559907,10.386866302659882
1314.35,0.0,0.0,0.0,0.0,11.509710120390865,10.140782848917269
