A_fit=3.1125315951391666
beta_fit=0.07417088846132323
