R_kpc,Sigma_bar,Sigma_eff,kappa_bar,kappa_eff,kappa_bar_mean,kappa_eff_mean
10.72,13006627378.013193,14358319039.976316,5.4336636929991,5.998347964661579,0.0,0.0
10.794401006338012,13007183643.569284,14358924175.117592,5.4338960791410225,5.9986007666179155,0.07464711838487499,0.08240466765435746
10.86931838485364,13007748355.178156,14359531719.77023,5.43413199371572,5.998854575174505,0.1482719810133606,0.16368077249984242
10.944755719372424,13008321652.701433,14360141485.623592,5.434371495151948,5.999109311662479,0.22088868010452095,0.24384383157075426
11.02071661859304,13008903678.700346,14360753283.253992,5.434614643006251,5.999364896947975,0.29251111509453515,0.3229091476505882
11.09720471625996,13009494578.500864,14361366922.091263,5.434861497990172,5.999621251418184,0.36315299530077233,0.4008918122088655
11.174223671337256,13010094500.260963,14361982210.38466,5.435112121998361,5.9998782949670915,0.4328278425496152,0.47780670829738797
11.251777168183665,13010703595.039913,14362598955.1681,5.435366578137511,6.000135946980963,0.5015489937686117,0.5536685134065464
11.329868916728808,13011322016.8698,14363216962.224659,5.435624930756246,6.0003941263235125,0.5693296035433738,0.6284917022821382
11.408502652650672,13011949922.829304,14363836036.050373,5.435887245475936,6.000652751320778,0.6361826466398013,0.7022905497033193
11.48768213755431,13012587473.119896,14364455979.817268,5.436153589222533,6.0009117397456775,0.7021209204920756,0.7750791332221713
11.567411159151815,13013234831.144413,14365076595.33563,5.436424030259395,6.001171008802245,0.7671570476569414,0.8468713358654437
11.64769353144346,13013892163.588326,14365697683.01545,5.4366986382212374,6.00143047510953,0.8313034782346723,0.9176808487988999
11.72853309490019,13014559640.503527,14366319041.827065,5.436977484149135,6.001690054685148,0.8945724922573188,0.987521173954907
11.809933716647315,13015237435.39505,14366940469.260914,5.437260640526752,6.001949662928469,0.9569762020445932,1.056405626623657
11.891899290649532,13015925725.31057,14367561761.286457,5.437548181317729,6.00220921460346,1.0185265545279292,1.1243473380085909
11.974433737897163,13016624690.933006,14368182712.310125,5.437840182004372,6.002468623821113,1.0792353335430942,1.1913592577464334
12.057541006593748,13017334516.67623,14368803115.132372,5.438136719627632,6.002727804021506,1.1391141620918852,1.2574541563924049
12.1412250723449,13018055390.784054,14369422760.903708,5.438437872828463,6.002986667955436,1.1981745045732928,1.3226446278710224
12.225489938348515,13018787505.43269,14370041439.079765,5.438743721890622,6.003245127665643,1.2564276689846154,1.3869430918930021
12.310339635586235,13019531056.836727,14370658937.375298,5.439054348784941,6.003503094467598,1.3138848090928934,1.4503617963386528
12.395778223016297,13020286245.35888,14371275041.717089,5.439369837215179,6.003760478929825,1.3705569265771644,1.5129128196082993
12.481809787767716,13021053275.623594,14371889536.195772,5.439690272665484,6.00401719085378,1.4264548731419362,1.574608072940145
12.568438445335772,13021832356.634787,14372502203.01646,5.44001574244957,6.004273139253217,1.4815893526022514,1.635459302695975
12.6556683397789,13022623701.897743,14373112822.448204,5.440346335761656,6.004528232333082,1.5359709229408316,1.695478092615209
12.743503643916922,13023427529.54556,14373721172.772177,5.440682143729274,6.00478237746786,1.589609998337657,1.7546758660376798
12.831948559530685,13024244062.470154,14374327030.228619,5.441023259468008,6.005035481179416,1.6425168511724222,1.81306388809559
12.921007317563024,13025073528.458185,14374930168.9624,5.44136977813828,6.00528744911425,1.6947016140002094,1.870653267875011
13.010684178321187,13025916160.332048,14375530360.967247,5.44172179700424,6.005538186020196,1.746174281500861,1.9274549605474183
13.100983431680614,13026772196.09619,14376127376.028477,5.442079415494901,6.005787595722504,1.7969447124023643,1.9834797694715858
13.19190939729019,13027641879.089003,14376720981.664309,5.442442735267593,6.006035581099315,1.8470226313786993,2.0387383482663037
13.283466424778833,13028525458.140589,14377310943.065605,5.442811860273866,6.006282044056493,1.8964176309224583,2.093241202854235
13.375658893963603,13029423187.73663,14377897023.033995,5.443186896827952,6.0065268855017715,1.9451391731927155,2.1469986934773946
13.468491215059199,13030335328.188671,14378478981.91838,5.443567953677905,6.006770005318232,1.993196591838424,2.2000210366845407
13.561967828888964,13031262145.811186,14379056577.54966,5.443955142079566,6.007011302337029,2.0405990937978076,2.2523183072909365
13.656093207097273,13032203913.10568,14379629565.173725,5.444348575873479,6.007250674309404,2.087355761074016,2.303900440310751
13.750871852363478,13033160908.952238,14380197697.382534,5.444748371564911,6.007488017877887,2.133475552487508,2.3547772328625816
13.846308298617284,13034133418.808859,14380760724.043287,5.445154648407126,6.007723228546711,2.1789673054054632,2.404958346048364
13.942407111255669,13035121734.919024,14381318392.225582,5.445567528488098,6.007956200651378,2.2238397374486154,2.4544533068060783
14.039172887361236,13036126156.527853,14381870446.126476,5.445987136820816,6.008186827327355,2.268101448175833,2.5032715097365523
14.136610255922143,13037146990.107325,14382416626.99334,5.446413601437365,6.008415000477845,2.3117609207468384,2.551422218904756
14.234723878053567,13038184549.591103,14382956673.044502,5.446847053487038,6.008640610740634,2.3548265235634256,2.5989145696159097
14.333518447220628,13039239156.619295,14383490319.387482,5.447287627338578,6.008863547453932,2.3973065118894574,2.6457575701666896
14.432998689462947,13040311140.793915,14384017297.934776,5.447735460686902,6.009083698621195,2.4392090294500903,2.6919601035719385
14.533169363620706,13041400839.945415,14384537337.317085,5.448190694664452,6.00930095087487,2.480542110010506,2.737530929267154
14.634035261562323,13042508600.411026,14385050162.793875,5.448653473957468,6.009515189439034,2.521313678934528,2.78247868478708
14.735601208413646,13043634777.325464,14385555496.16114,5.449123946927442,6.009726298090859,2.561531554723441,2.82681188742071
14.837872062788794,13044779734.92477,14386053055.656239,5.449602265738042,6.009934159120859,2.601203450535403,2.8705389358430313
14.940852717022569,13045943846.86394,14386542555.859735,5.450088586487812,6.0101386532918815,2.640336975685746,2.9136681117237857
15.044548097404519,13047127496.5492,14387023707.594051,5.45058306934898,6.010339659796765,2.6789396371285523,2.956207581313578
15.148963164414548,13048331077.485699,14387496217.818787,5.451085878712712,6.010537056214614,2.7170188409198,2.9981653970075675
15.25410291296024,13049554993.641552,14387959789.522596,5.451597183341195,6.0107307184656245,2.754581893662474,3.0395494988870952
15.359972372615822,13050799659.82919,14388414121.611477,5.45211715652695,6.01092052076442,2.7916360039339714,3.0803677162395156
15.466576607862713,13052065502.104956,14388858908.793194,5.452645976259768,6.011106335571761,2.828188283696102,3.1206277690564455
15.573920718331829,13053352958.18821,14389293841.45783,5.453183825401792,6.011288033544652,2.8642457496881026,3.1603372695108076
15.682009839047527,13054662477.900875,14389718605.554123,5.453730891871153,6.011465483484674,2.899815324802967,3.199503723412862
15.790849140673242,13055994523.628923,14390132882.461483,5.454287368834747,6.011638552284521,2.9349038394474514,3.2381345316455117
15.900443829758858,13057349570.806925,14390536348.85746,5.45485345491067,6.0118071048726325,2.969518032886121,3.276236991579159
16.010799148989744,13058728108.427267,14390928676.580425,5.4554293543809464,6.011971004155827,3.003664554569767,3.3138182984663276
16.121920377437554,13060130639.575466,14391309532.48724,5.4560152774151645,6.012130110959841,3.0373499654485894,3.3508855468163357
16.2338128308128,13061557681.993347,14391678578.305677,5.456611440305747,6.01228428396768,3.070580739270491,3.3874457317502666
16.346481861719088,13063009768.671743,14392035470.481306,5.457218065715562,6.012433379655644,3.1033632638648383,3.423505750336434
16.459932859909195,13064487448.474783,14392379860.01858,5.45783538293872,6.012577252226953,3.1357038424120867,3.4590724029066178
16.574171252542893,13065991286.797684,14392711392.315815,5.458463628175383,6.012715753542797,3.167608694699655,3.4941523943533
16.689202504446598,13067521866.26045,14393029706.993763,5.459103044821557,6.012848733050724,3.199083958364417,3.5287523354081074
16.805032118374744,13069079787.439697,14393334437.717407,5.459753883774823,6.012976037710193,3.2301356901222,3.5628787439016714
16.921665635273033,13070665669.641378,14393625212.01066,5.4604164037571525,6.013097511915165,3.2607698669847345,3.596538046005158
17.039108634543517,13072280151.717068,14393901651.063545,5.4610908716559186,6.013212997413545,3.290992387464435,3.6297365774536496
17.157366734311495,13073923892.926943,14394163369.531479,5.461777562884413,6.013322333223334,3.320809072767454,3.6624805847516004
17.276445591694245,13075597573.852703,14394409975.326214,5.462476761763235,6.013425355545293,3.3502256679754314,3.6947762263605326
17.396350903071657,13077301897.363977,14394641069.397936,5.463188761924014,6.013521897671909,3.379247843216415,3.7266295738692086
17.51708840435876,13079037589.642096,14394856245.508114,5.463913866737101,6.013611789892505,3.407881194825406,3.758046613146464
17.638663871280045,13080805401.265411,14395055089.99245,5.464652389764979,6.013694859394206,3.4361312464950005,3.789033245476832
17.761083119645825,13082606108.360714,14395237181.513447,5.465404655243269,6.013770930158569,3.4640034504166644,3.81959528867921
17.884352005630408,13084440513.825668,14395402090.801933,5.466170998591431,6.013839822853612,3.4915031884131196,3.8497384782087005
18.008476426052237,13086309448.627703,14395549380.386917,5.466951766955378,6.013901354720946,3.518635773062429,3.8794684682417873
18.13346231865603,13088213773.18513,14395678604.313095,5.467747319784459,6.013955339457767,3.545406448814326,3.9087908327450345
18.25931566239674,13090154378.83701,14395789307.845133,5.46855802944551,6.0140015870933174,3.5718203930993724,3.9377110665274246
18.386042477725624,13092132189.408604,14395881027.158068,5.469384281876841,6.014039903859545,3.5978827174316144,3.9662345862765114
18.513648826878256,13094148162.880198,14395953289.012873,5.4702264772854035,6.014070092055564,3.6235984685053646,3.9943667315785403
18.642140814164478,13096203293.167492,14396005610.416218,5.4710850308905705,6.0140919499055245,3.648972629286806,4.022112765922604
18.77152458626044,13098298612.022825,14396037498.26347,5.4719603737183915,6.0141052714094645,3.6740101201011752,4.049477877689045
18.901806332502645,13100435191.067205,14396048448.96381,5.472852953450498,6.0141098461867015,3.698715799716299,4.076467181122153
19.032992285184022,13102614143.964188,14396037948.046268,5.473763235332264,6.014105459311247,3.7230944664233085,4.103085717287302
19.165088719852054,13104836628.747654,14396005469.74541,5.474691703145263,6.014091891138726,3.7471508591154357,4.1293384550126175
19.29810195560898,13107103850.316902,14395950476.565285,5.47563886024962,6.014068917124208,3.7708896583658187,4.155230291815277
19.43203835541409,13109417063.113688,14395872418.820118,5.476605230702372,6.014036307630329,3.7943154875053557,4.180766054812492
19.566904326388123,13111777573.997414,14395770734.150158,5.477591360458616,6.013993827725028,3.8174329137016834,4.2059505016172976
19.702706320119734,13114186745.336409,14395644847.01081,5.4785978186629185,6.013941236968131,3.8402464490404467,4.2307883212191575
19.839450832974126,13116645998.335123,14395494168.133236,5.479625199039296,6.013878289186006,3.8627605516101444,4.255284134849465
19.977144406403863,13119156816.619167,14395318093.954252,5.480674121388897,6.013804732233399,3.8849796265919125,4.279442496831983
20.11579362726172,13121720750.10262,14395116006.01324,5.481745233205619,6.013720307741488,3.9069080273557075,4.303267895418204
20.25540512811583,13124339419.16467,14394887270.313583,5.4828392114209485,6.013624750851112,3.9285500565645295,4.326764753607704
20.39598558756694,13127014519.165752,14394631236.64588,5.4839567642906175,6.013517789930041,3.9499099672884217,4.349937429953423
20.537541730567916,13129747825.33682,14394347237.869942,5.485098633437164,6.0133991462730165,3.9709919641301603,4.372790219351911
20.68008032874545,13132541198.079317,14394034589.152325,5.486265596064046,6.013268533783229,3.9918002043647136,4.395327353818443
20.823608200723953,13135396588.717812,14393692587.155687,5.487458467358871,6.0131256586336574,4.012338799094776,4.417553003246978
20.968132212451774,13138316045.752428,14393320509.176159,5.4886781031054195,6.012970218906696,4.032611814424878,4.43947127615488
21.113659277529653,13141301721.663874,14392917612.224228,5.489925402526522,6.012801904210187,4.052623272656847,4.4610862204123025
21.260196357541417,13144355880.330519,14392483132.044395,5.491201311382622,6.012620395267872,4.072377153509649,4.48240182395608
21.407750462387014,13147480905.124495,14392016282.068253,5.4925068253540195,6.01242536348202,4.091877395367007,4.503422015488014
21.556328650617846,13150679307.762424,14391516252.29512,5.493842993738353,6.012216470465812,4.1111278965565115,4.524150665157343
21.705938029774458,13153953737.996237,14390982208.093704,5.495210923499053,6.011993367542713,4.130132516664379,4.544591585227186
21.856585756726485,13157306994.241205,14390413288.917505,5.496611783705321,6.011755695209823,4.14889507789045,4.564748530724698
22.008279038015058,13160742035.251156,14389808606.925983,5.4980468104095745,6.011503082561851,4.167419366448591,4.584625200074659
22.161025130197515,13164261992.966421,14389167245.502392,5.49951731201483,6.011235146671925,4.185709134018245,4.604225235716154
22.31483134019459,13167870186.677643,14388488257.658352,5.5010246751917835,6.010951491925086,4.203768099253561,4.623552224701928
22.46970502563988,13171570138.66917,14387770664.313831,5.502570371414018,6.010651709299726,4.221599949357326,4.642609699280015
22.62565359523183,13175365591.529896,14387013452.44,5.504155964189796,6.01033537559175,4.239208341727877,4.66140113745709
22.782684509088224,13179260527.347414,14386215573.050756,5.505783117080636,6.010002052575512,4.25659690568814,4.679929963543011
22.940805279102925,13183259189.034554,14385375939.026943,5.507453602610707,6.009651286094855,4.273769244307224,4.698199548675855
23.100023469305313,13187366104.075987,14384493422.755291,5.509169312187241,6.0092826050767565,4.29072893632634,4.716213211326712
23.260346696222104,13191586111.028662,14383566853.561588,5.510932267171383,6.008895520459003,4.3074795382024975,4.733974217783441
23.42178262924168,13195924389.16407,14382595014.91496,5.512744631261582,6.008489524022251,4.324024586285225,4.751485782612337
23.58433899098102,13200386491.705006,14381576641.376871,5.514608724378611,6.008064087115434,4.340367599143898,4.768751069096726
23.748023557655067,13204978383.186533,14380510415.264694,5.516527038273537,6.007618659261934,4.35651208006567,4.785773189651164
23.912844159448742,13209706481.563223,14379394962.995409,5.5185022541184825,6.00715266663212,4.372461519747219,4.802555206209898
24.078808680891562,13214577705.795687,14378228851.069881,5.520537262386432,6.006665510365736,4.388219399206906,4.819100130587975
24.245925061234733,13219599529.78346,14377010581.652008,5.522635185382298,6.006156564725041,4.4037891929483335,4.835410924813155
24.414201294830978,13224780043.673677,14375738587.690105,5.524799402855302,6.005625175056711,4.419174372411182,4.851490501426598
24.583645431517002,13230128023.772911,14374411227.519403,5.527033581205426,6.005070655536971,4.434378409751288,4.86734172374992
24.754265576998506,13235653012.53147,14373026778.874372,5.529341706897744,6.004492286670186,4.449404781998996,4.882967406115896
24.926069893237973,13241365410.367245,14371583432.227789,5.5317281248228625,6.003889312506168,4.464256975653535,4.898370314059706
25.099066598845113,13247276581.463947,14370079283.358873,5.534197582495307,6.003260937535442,4.478938491781481,4.9135531644670944
25.27326396946999,13253398976.135735,14368512325.035461,5.5367552811727165,6.002606323214381,4.493452851700064,4.928518625675299
25.44867033819898,13259746272.921701,14366880437.674074,5.5394069352174,6.001924584063336,4.507803603341478,4.943269317521908
25.6252940959533,13266333544.291843,14365181378.815878,5.542158841321851,6.001214783270115,4.521994328413214,4.957807811336046
25.803143691890455,13273177450.75552,14363412771.224953,5.545017959599724,6.00047592771789,4.536028650492814,4.9721366298652905
25.982227633808453,13280296469.321264,14361572089.376286,5.547992009027468,5.99970696234041,4.54991024422434,4.986258247130686
26.16255448855273,13287711163.742805,14359656644.052238,5.551089580342621,5.998906763687008,4.5636428458199445,5.00017508820073
26.344132882425992,13295444505.907347,14357663564.705862,5.5543202703073415,5.998074132554668,4.577230265115407,5.013889528873643
26.52697150160088,13303522260.225384,14355589779.172813,5.55769484229155,5.9972077855124635,4.590676399485916,5.027403895255151
26.711079092535464,13311973446.172495,14353431990.216919,5.56122541950492,5.996306345103198,4.603985250001736,5.04072046321652
26.896464462391698,13320830898.498562,14351186648.270435,5.564925719030528,5.995368328455347,4.617160940297734,5.053841457714458
27.08313647945667,13330131950.467623,14348849919.569984,5.5688113372559265,5.994392133971488,4.630207738752964,5.066769051950678
27.27110407356685,13339919273.407047,14346417648.681,5.57290010060418,5.993376025672471,4.643130084736813,5.079505366343967
27.460376236535325,13350241916.68131,14343885314.129341,5.5772124999945065,5.992318114662033,4.655932619889893,5.092052467281457
27.650962022581837,13361156607.222282,14341247975.494051,5.581772233735557,5.991216337024199,4.668620225691021,5.1044123656078275
27.842870548765987,13372729388.832096,14338500209.825016,5.586606892362478,5.990068427261063,4.6811980689445525,5.1165870148009045
28.03611099542337,13385037711.503368,14335636034.580608,5.591748831473739,5.988871886099114,4.693671657346622,5.128578308768585
28.230692606604688,13398173124.437569,14332648813.356623,5.597236296769606,5.987623941106459,4.706046908017048,5.140388079184222
28.426624690517976,13412244790.3468,14329531139.382195,5.60311489219091,5.986321498021936,4.71833023290995,5.152018092253569
28.623916619973897,13427384134.409876,14326274689.909424,5.6094395220723205,5.9849610799247595,4.730528646486895,5.1634700447737165
28.82257783283409,13443751087.803703,14322870041.937523,5.616276999447231,5.983538750251224,4.7426499031828895,5.17474555929915
29.02261783246268,13461542615.115614,14319306435.728704,5.623709608469394,5.982050014000831,4.7547026753921005,5.18584617816634
29.224046188180846,13481004583.218548,14315571466.528088,5.631840062767945,5.980489688948837,4.766696787569141,5.196773356036487
29.4268725357246,13502448637.568256,14311650675.488878,5.640798555708834,5.9788517347506875,4.778643529648867,5.207528450481244
29.631106577705783,13526276789.864985,14307526995.716051,5.650753032164802,5.9771290215205815,4.790556085218655,5.218112709932902
29.836758084076134,13553018258.452248,14303179984.328674,5.661924579002972,5.975313009016943,4.8024501301991815,5.228527258004791
30.043836892594705,13583386496.614838,14298584728.331818,5.674611249292562,5.973393289558202,4.814344692859036,5.238773072680595
30.25235290929845,13618370931.08318,14293710234.319118,5.68922638708855,5.9713569153030805,4.826263429248349,5.2488509580240565
30.462316108976086,13659391491.587769,14288516963.867771,5.706363183877012,5.969187368634348,4.838236588404871,5.258761504575821
30.673736535645343,13708573967.122837,14282952874.812248,5.726909711726228,5.966862908356758,4.850304185327161,5.268505031847649
30.886624303033315,13769276435.996782,14276946660.89895,5.752268845313258,5.9643537454873545,4.862521433590907,5.278081500820236
31.10098959506033,13847191475.54382,14270395235.055658,5.7848187223275715,5.961616814251649,4.874968782459769,5.287490372270053
31.31684266632717,13952955021.404972,14263137781.566357,5.829002623540891,5.958584932090166,4.887772480042652,5.2967303565344075
31.534193842605518,14109512997.903364,14254891735.964212,5.894406464830812,5.955140054544514,4.901153526027992,5.305798908171678
31.753053521331974,14379717739.484398,14245567701.048424,6.007287510111387,5.951244834936714,4.915576479797395,5.314692451274467
31.973432172105465,15049499198.577692,14237201385.028591,6.287096186930351,5.9477497130823,4.932502569715139,5.323413065123479
32.195340337188,12746861967.902523,14232665093.565447,5.325143794904581,5.945854626715344,4.9444811294534965,5.331976892373693
32.41878863200904,12750289478.649881,14230504115.580742,5.326575675757628,5.944951854053715,4.949720391486566,5.340403878794106
32.64378774567329,12753783505.51759,14228333183.05537,5.328035344462024,5.944044922771667,4.954907540756415,5.348702668021207
32.87034844147202,12757345812.753746,14226152163.689423,5.329523538052095,5.943133777599437,4.960043679986046,5.356874963666763
33.09848155739801,12760978234.536385,14223960922.599743,5.331041022776179,5.942218362188081,4.965129907076135,5.3649224451722874
33.32819800666392,12764682678.976416,14221759322.233747,5.332588595768895,5.941298619073472,4.970167315584132,5.372846768126003
33.55950877822438,12768461132.423899,14219547222.278603,5.33416708685014,5.94037448963836,4.975156995220637,5.380649564574955
33.79242493730173,12772315664.106052,14217324479.565441,5.335777360462671,5.939445914072353,4.980100032364612,5.388332443332283
34.02695762591525,12776248431.128872,14215090947.96808,5.337420317761581,5.938512831329608,4.9849975105991895,5.39589699027973
34.263118063414204,12780261683.877375,14212846478.295994,5.339096898870319,5.937575179084117,4.989850511269969,5.403344768665373
34.50091754701461,12784357771.854,14210590918.181044,5.34080808531974,5.9366328936823916,4.994660114067901,5.410677319396648
34.74036745233946,12788539149.999071,14208324111.957283,5.342554902688551,5.9356859100932455,4.999427397639049,5.417896161328674
34.981479233963185,12792808385.542465,14206045900.533625,5.344338423465676,5.934734161854603,5.004153440223797,5.425002791547905
35.224264425959376,12797168165.441782,14203756121.258415,5.346159770157627,5.93377758101692,5.008839320328261,5.431998685651135
35.4687346424526,12801621304.468906,14201454607.775415,5.348020118666762,5.9328160980830225,5.013486117431052,5.438885298019862
35.71490157817409,12806170754.014835,14199141189.870506,5.349920701969597,5.931849641944063,5.0180949127288,5.445664062090035
35.96277700902103,12810819611.69144,14196815693.308073,5.351862814128048,5.9308781398111705,5.02266678992426,5.452336390617185
36.21237279261995,12815571131.819191,14194477939.656342,5.353847814670799,5.929901517142479,5.027202836061255,5.458903675936934
36.46370086889405,12820428736.901566,14192127746.100662,5.355877133386859,5.92891969756513,5.031704142411162,5.465367290220914
36.71677326063414,12825396030.20063,14189764925.243376,5.357952275579157,5.92793260279166,5.036171805416271,5.4717285857280205
36.97160207407404,12830476809.543932,14187389284.889313,5.360074827832519,5.926940152530395,5.040606927695873,5.4779888950510625
37.22819949946953,12835675082.511156,14185000627.815285,5.362246464358068,5.925942264389145,5.045010619121756,5.484149531358719
37.48657781168153,12840995083.170334,14182598751.522043,5.364468953984962,5.924938853771592,5.049383997970537,5.490211788632823
37.74674937076336,12846441290.558086,14180183447.967037,5.366744167880718,5.923929833765637,5.05372819216124,5.496176941900881
38.00872662255193,12852018449.12751,14177754503.275793,5.369074088093547,5.922915115022835,5.058044340587593,5.502046247463821
38.27252209926313,12857731591.421284,14175311697.429783,5.3714608170243,5.92189460562799,5.062333594555783,5.507820943118881
38.53814842009139,12863586063.267708,14172854803.928276,5.373906587952386,5.920868210957895,5.066597119339845,5.513502248377576
38.80561829181326,12869587551.8446,14170383589.421118,5.376413776759788,5.9198358335279195,5.070836095868543,5.519091364678632
39.074944509395294,12875742117.012157,14167897813.309315,5.37898491502071,5.918797372825151,5.075051722559557,5.524589475595811
39.34613995660623,12882056226.38241,14165397227.30973,5.381622704652229,5.917752725126538,5.079245217319034,5.529997747040477
39.61921760663305,12888536794.672485,14162881574.979322,5.384330034354571,5.916701783300138,5.083417819727294,5.535317327458761
39.89419052270191,12895191227.984081,14160350591.194513,5.387109998109343,5.91564443658762,5.0875707934345185,5.540549348023168
40.17107185870278,12902027473.766111,14157804001.579607,5.3899659160519935,5.914580570365476,5.09170542879404,5.545694922818406
40.44987485981881,12909054077.35585,14155241521.878092,5.3929013580925025,5.9135100658823765,5.095823045765112,5.550755149021228
40.73061286315996,12916280246.161375,14152662857.259205,5.395920170728316,5.912432799969481,5.099924997122321,5.555731107074002
41.01329929840092,12923715922.752884,14150067701.551064,5.399026507579056,5.91134864472007,5.1040126720148775,5.560623860851702
41.29794768842358,12931371868.380009,14147455736.39021,5.402224864276812,5.910257467134256,5.108087499926533,5.5654344578219765
41.58457164996401,12939259758.740501,14144826630.275831,5.405520118474578,5.9091591287238785,5.11215095509567,5.570163929197853
41.873184894263666,12947392294.205774,14142180037.514423,5.408917575894199,5.908053485071618,5.116204561465919,5.574813290082598
42.16380122772549,12955783327.181982,14139515597.038845,5.412423023532889,5.906940385337649,5.1202498982506945,5.579383539606173
42.45643455257425,12964448009.877243,14136832931.081902,5.416042791394632,5.90581967170551,5.124288606210983,5.583875661052632
42.75109886752156,12973402966.489727,14134131643.68142,5.419783824423678,5.904691178757587,5.128322394765238,5.588290621977646
43.04780826843569,12982666494.774666,14131411318.989094,5.423653766711409,5.90355473276861,5.132353050074405,5.592629374315288
43.34657694901567,12992258803.1502,14128671519.349411,5.427661060549956,5.902410150903107,5.136382444274994,5.596892854472977
43.647419201470385,13002202291.046118,14125911783.108387,5.431815063551007,5.901257240299974,5.140412546070594,5.601081983413316
43.95034941720233,13012521882.197733,14123131622.102846,5.436126187883048,5.900095797023599,5.144445432939282,5.605197666721306
44.2553820874959,13023245423.193878,14120330518.7696,5.440606066769225,5.8989256048561876,5.148483305273989,5.609240794655142
44.56253180421071,13034404163.019,14117507922.800264,5.4452677548214155,5.897746433900271,5.1525285028491234,5.613212242178399
44.871813260479655,13046033333.88626,14114663247.249046,5.45012597068973,5.896558038952696,5.1565835241047635,5.617112868971016
45.18324125141163,13058172859.771595,14111795863.977215,5.455197393060519,5.895360157601501,5.160651048867035,5.62094351941587
45.49683067479952,13070868227.346424,14108905098.288105,5.46050102449823,5.894152507984627,5.1647339652903215,5.624705022557075
45.812596531832654,13084171565.371655,14105990222.565317,5.466058642374297,5.892934786132205,5.168835402027885,5.628398192025174
46.130553927814496,13098142994.393377,14103050448.673777,5.471895362717572,5.891706662792015,5.1729587669335615,5.632023825923295
46.45071807288533,13112852330.777292,14100084918.810572,5.4780403520937195,5.890467779607321,5.177107793998039,5.635582706666808
46.773104282749685,13128381260.800846,14097092694.393246,5.4845277358564575,5.889217744474831,5.181286600773351,5.639075600767003
47.097727979409115,13144826146.458372,14094072742.43631,5.491397770303963,5.887956125853331,5.185499759304684,5.642503258546759
47.424604691899994,13162301692.394505,14091023918.673359,5.4986983745812115,5.886682445712767,5.189752384669932,5.645866413772541
47.75375005703614,13180945805.238499,14087944946.405159,5.506487160721102,5.885396170697788,5.194050246781054,5.6491657831823066
48.085179820157165,13200926132.951141,14084834389.65134,5.514834165529584,5.884096700911577,5.198399913374938,5.652402065882089
48.41890983588141,13222449017.374386,14081690618.581078,5.523825590613145,5.882783355474123,5.202808935518154,5.655575942574548
48.7549560688645,13245771989.026054,14078511764.28241,5.533569022218693,5.8814553536266025,5.2072860921420085,5.658688074569043
49.09333459456311,13271221590.063377,14075295658.494114,5.544200876975413,5.880111789553702,5.211841718268528,5.661739102502414
49.4340616000038,13299219437.833532,14072039751.609049,5.555897290233778,5.878751598128592,5.216488154742333,5.664729644668893
49.77715338455746,13330321447.300741,14068740998.39189,5.568890501672046,5.877373507170244,5.2212403792541835,5.667660294809409
50.12262636071909,13365278860.924809,14065395694.135246,5.583494351208885,5.875975968995815,5.2261169165880235,5.670531619132676
50.470497054892746,13405137033.201763,14061999231.735306,5.600145547347302,5.874557058936286,5.231141195328508,5.6733441522092205
50.82078210818224,13451403084.981752,14058545726.563957,5.619473706636335,5.8731143186226165,5.236343651165267,5.676098391146937
51.173498277187264,13506347447.538107,14055027407.232426,5.642427327070032,5.871644501470445,5.241765149004936,5.678794787019746
51.5286624348047,13573587255.493671,14051433560.313988,5.670517506990923,5.870143131826233,5.247462900211546,5.681433731633174
51.88629157103615,13659327169.545532,14047748538.756119,5.706336312626272,5.868603672959228,5.253521539702751,5.684015535719435
52.246402793800385,13775361278.006495,14043947517.75253,5.754810855947137,5.867015754029649,5.260076242925027,5.686540389516202
52.60901332975184,13947834113.751047,14039985551.092836,5.826863307238082,5.865360598256674,5.267369336319408,5.68900828023885
52.974140525104765,14252011901.983711,14035895052.673923,5.953936971770869,5.8636517469073475,5.2759313048442955,5.691419160084339
53.341801846462886,15080009559.554495,14032010232.718273,6.299842230611144,5.862028820030658,5.287629648918141,5.693774036935874
53.71201488165499,12531869549.347456,14028636409.332474,5.235328313533332,5.860619367671855,5.294197802802154,5.696075739682444
54.084797340576415,12539541574.703506,14025526997.306086,5.238533387717236,5.8593203761082995,5.293411168259285,5.69832722140928
54.46016705603593,12547399194.066517,14022402291.15498,5.241815995868091,5.858014995253516,5.292679904634822,5.700529884103742
54.83814198460918,12555449635.656841,14019262107.237617,5.245179157655588,5.856703148389205,5.29200433720918,5.702684310119999
55.2187402074974,12563700590.29949,14016106258.866592,5.248626086007679,5.855384757524619,5.291384829609259,5.70479107274937
55.60197993139243,12572160254.725538,14012934556.20492,5.252160205200212,5.85405974335324,5.290821786061266,5.706850736327059
55.98787948934779,12580837380.21397,14009746806.15435,5.255785171177618,5.852728025206119,5.290315653876427,5.7088638563367775
56.37645734165552,12589741327.390608,14006542812.23455,5.2595048944457625,5.851389521001406,5.289866926199489,5.7108309795132906
56.76773207672929,12598882128.150053,14003322374.452154,5.263323565940534,5.8500441471896405,5.2894761450544205,5.7127526439428085
57.16172241199377,12608270555.84799,14000085289.158422,5.267245686351461,5.84869181869429,5.289143904727496,5.714629379161239
57.558447194779816,12617918205.132074,13996831348.893814,5.2712760994719545,5.847332448846817,5.288870855534466,5.716461706250208
57.957925403226135,12627837583.05076,13993560342.217854,5.2754200302610395,5.8459659493156035,5.288657708026625,5.718250137930855
58.36017614718731,12638042213.412853,13990272053.522284,5.279683128440719,5.844592230027894,5.288505237700105,5.719995178655288
58.76521866914757,12648546756.78375,13986966262.82469,5.284071518625747,5.843211199083583,5.288414290284447,5.7216973246956755
59.173072345141776,12659367149.018873,13983642745.540316,5.288591858197508,5.841822762659881,5.288385787700552,5.723357064230855
59.583756685681934,12670520761.878973,13980301272.228058,5.293251404402864,5.840426824905206,5.288420734795402,5.724974877430379
59.997291336690665,12682026590.084303,13976941608.306908,5.298058092498109,5.839023287820728,5.288520226982188,5.726551236535841
60.4136960804411,12693905470.195215,13973563513.737942,5.30302062718879,5.837612051127507,5.288685458940624,5.728086605939387
60.832990836503,12706180338.023438,13970166742.66573,5.308148590166135,5.836193012116694,5.288917734564856,5.729581442259187
61.255195662695776,12718876532.972979,13966751043.012249,5.313452567248863,5.834766065479883,5.289218478387121,5.731036194411684
61.68033075604808,12732022159.908611,13963316156.014568,5.318944299557778,5.833331103115973,5.289589248756766,5.732451303680342
62.10841645376366,12745648522.02588,13959861815.695255,5.324636864352048,5.831888013909924,5.290031753119414,5.733827203780631
62.53947323419466,12759790641.992996,13956387748.252872,5.33054489274204,5.830436683478131,5.29054786582469,5.735164320920829
62.973521717820894,12774487893.6933,13952893671.35533,5.336684833606788,5.828976993873213,5.291139648998605,5.7364630738582045
63.410582668236394,12789784773.705532,13949379293.31587,5.343075275888477,5.827508823239774,5.291809377157181,5.737723873950062
63.85067699314278,12805731850.924456,13945844312.125217,5.349737345307056,5.826032045410069,5.292559566422436,5.738947125198916
64.29382574534922,12822386945.481228,13942288414.306131,5.356695196867376,5.824546529425484,5.293393009447178,5.740133224290988
64.74005012377967,12839816605.91117,13938711273.54705,5.3639766319625,5.823052138965723,5.294312817484669,5.741282560626972
65.18937147448699,12858097978.662806,13935112549.058086,5.371613879381971,5.821548731662009,5.295322471487594,5.74239551634373
65.64181129167396,12877321200.123535,13931491883.574116,5.379644594607212,5.820036158262851,5.296425884738786,5.7434724663252235
66.09739121872154,12897592493.956585,13927848900.904612,5.388113153758599,5.818514261610458,5.297627480380403,5.744513778200563
66.55613304922439,12919038234.658798,13924183202.89371,5.397072351192062,5.816982875370778,5.29893228843592,5.745519812326293
67.01805872803301,12941810356.502949,13920494365.601652,5.406585659145073,5.815441822438246,5.300346068694161,5.746490921749249
67.48319035230406,12966093669.962898,13916781934.443474,5.416730284254891,5.813890912904923,5.301875468439783,5.7474274521450015
67.95155017255695,12992115937.600674,13913045417.905006,5.427601376872791,5.812329941435279,5.303528227951893,5.748329741725153
68.42316059373846,13020162033.274916,13909284279.281517,5.439317946231356,5.810758683814926,5.305313452763151,5.749198121104148
68.89804417629456,13050594300.331371,13905497925.605251,5.452031365305684,5.80917689232497,5.3072419812885485,5.7500329131124035
69.37622363724952,13083882599.63988,13901685692.474867,5.4659379237160595,5.807584289404336,5.309326892141584,5.7508344325366725
69.85772185129261,13120650023.1059,13897846822.732777,5.481297925057388,5.805980558741997,5.311584222035761,5.751602985759175
70.34256185187259,13161744948.447954,13893980435.584866,5.498465788586338,5.804365332376382,5.314034012023524,5.752338870251821
70.83076683229916,13208359493.95087,13890085480.251896,5.5179395350160245,5.802738171332745,5.31670188649345,5.7530423738555925
71.3223601468529,13262234407.516628,13886160663.319162,5.5404463812028055,5.801098535272661,5.319621539174553,5.753713773728111
71.81736531190215,13326036417.038372,13882204328.529198,5.567100382474859,5.799445732276097,5.322838857447078,5.75435333475178
72.31580600702806,13404110855.06408,13878214243.56705,5.599716849981934,5.797778829768576,5.326419236203425,5.754961307006105
72.81770607615746,13504148923.469961,13874187184.882812,5.641508869113171,5.7960964810761615,5.33046174422777,5.7555379214695535
73.32308952870332,13641460617.061869,13870118013.851067,5.698872361001606,5.794396539480758,5.335130167300807,5.756083381933087
73.83198054071333,13852613642.049582,13865997136.651428,5.787083892876669,5.792674997056867,5.340735116151542,5.756597847068826
74.34440345602653,14259380379.094822,13861847391.137337,5.957015235288974,5.790941394572551,5.348038139792269,5.757081511694949
74.86038278743769,15931388785.70327,13857741075.352467,6.655515400576664,5.789225935342132,5.361218476637326,5.75753484143833
75.37994321786994,12336878487.675192,13853687564.412369,5.1538686221410055,5.787532535924723,5.368648830892046,5.75795852926748
75.90310960155576,12349888850.435926,13849631151.893997,5.1593038463318095,5.785837924340619,5.365735728156428,5.758353125036815
76.42990696522551,12363283009.736414,13845549686.328938,5.164899405808844,5.784132846566762,5.362938416544747,5.7587189479653835
76.96036050930512,12377081477.236574,13841442873.873392,5.1706638695468765,5.782417179846627,5.360257567049171,5.75905624869659
77.4944956091212,12391306643.863935,13837310416.824041,5.17660659160568,5.780690799811331,5.357693964572459,5.759365272733102
78.03233781611512,12405983032.158785,13833152013.550772,5.18273781655004,5.778953580451529,5.355248517874907,5.759646260485138
78.57391285906536,12421137593.357325,13828967358.426098,5.189068803559558,5.77720539408793,5.352922270961684,5.759899447317679
79.11924664531813,12436800059.106838,13824756141.750616,5.195611973361581,5.775446111340151,5.350716416175994,5.7601250635966155
79.66836526202677,12453003360.346874,13820518049.674015,5.202381083223492,5.773675601093726,5.348632309324316,5.76032333473384
80.22129497739985,12469784129.36188,13816252764.110956,5.2093914366908,5.771893730464953,5.346671487237284,5.760494481231235
80.77806224195737,12487183305.618732,13811959962.650417,5.216660136682526,5.770100364763033,5.344835688269482,5.760638718723551
81.33869368979653,12505246872.180536,13807639318.457905,5.224206393136283,5.768295367449209,5.343126876370528,5.76075625802017
81.9032161398656,12524026757.859224,13803290500.168491,5.23205189989259,5.7664786000920865,5.34154726952902,5.760847305145701
82.47165659724669,12543581951.744547,13798913171.768808,5.240221300301788,5.7646499223183305,5.340099373614747,5.760912061379361
83.044042254448,12563979892.671997,13794506992.465746,5.248742767689774,5.762809191757819,5.338786022943976,5.760950723293125
83.62040049270428,12585298218.590683,13790071616.538113,5.25764873617594,5.760956263981667,5.337610429297993,5.760963482788521
84.20075888328677,12607626992.756804,13785606693.167112,5.266976830690335,5.759090992431408,5.336576241680926,5.7609505271320245
84.78514518882228,12631071570.021063,13781111866.239883,5.276771064397211,5.757213228336922,5.3356876198759515,5.7609120389889155
85.37358736462106,12655756334.837786,13776586774.117882,5.287083400290034,5.755322820619671,5.334949325950827,5.760848196455432
85.96611356001411,12681829645.391285,13772031049.35941,5.297975816655427,5.753419615776788,5.334366839431874,5.760759173089028
86.56275211970004,12709470475.998243,13767444318.381186,5.309523082010876,5.751503457739689,5.333946504160339,5.760645137936456
87.16353158510051,12738897497.8255,13762826201.036789,5.32181654867589,5.7495741876979665,5.333695718273311,5.760506255559259
87.76848069572613,12770381737.666142,13758176310.081017,5.334969441116935,5.747631643875615,5.333623183992117,5.760342686056182
88.37762839055078,12804264618.0885,13753494250.472475,5.349124392420946,5.745675661239686,5.333739242123779,5.760154585081741
88.99100380939623,12840984320.876366,13748779618.442698,5.364464457916589,5.743706071111398,5.334056329466727,5.759942103859837
89.60863629432617,12881115444.493,13744032000.217886,5.381229682522283,5.741722700632131,5.3345896195129825,5.759705389190871
90.23055539104956,12925430702.359905,13739250970.206322,5.399742875890484,5.7397253720061965,5.33535794540955,5.759444583449864
90.85679085033419,12975000804.2936,13734436088.332424,5.420451338992203,5.73771390138711,5.336385174275397,5.759159824571753
91.48737262943006,13031364051.391653,13729586895.941854,5.443997714272696,5.735688097166905,5.337702336597725,5.758851246017475
92.12233089350185,13096831622.867949,13724702909.171068,5.471347522632771,5.733647757206189,5.339351090403857,5.758518976709708
92.76169601707268,13175078960.796246,13719783607.477032,5.5040362210030755,5.731592664042301,5.3413897136984625,5.758163140917517
93.40549858547674,13272405935.749678,13714828411.980253,5.54469565059878,5.729522575841875,5.343904334273763,5.757783858047413
94.05376939632214,13400793939.76839,13709836639.217678,5.598331171612658,5.727437207080596,5.347032411534187,5.757381242242198
94.70653946096482,13586866413.293262,13704807381.394135,5.6760650233079675,5.725336178516903,5.351020439101949,5.756955401508251
95.36384000599153,13907728140.084724,13699740622.107407,5.810108589304711,5.723219483298587,5.356409675373843,5.756506439725048
96.02570247471377,14772837517.450697,13694639571.256897,6.171517683118898,5.721088462396934,5.365133443282825,5.7560344685408245
96.6921585286721,12138368526.479181,13689506923.415438,5.070938871214737,5.718944241499806,5.368625429760922,5.7555396150079146
97.36324004915042,12157256517.227713,13684339545.46541,5.078829540070022,5.716785511712365,5.3645903167633575,5.755022003117018
98.03897913870132,12176798764.235613,13679134079.391846,5.086993531776739,5.714610870186394,5.3607209193196255,5.75448173652684
98.71940812268184,12197039676.244242,13673890073.329903,5.0954493985820255,5.712420128150313,5.357018843568485,5.753918906568382
99.40455955079938,12218028941.058683,13668607070.475182,5.104217898120789,5.7102130947689895,5.353485943648377,5.753333600710484
100.09446619866941,12239822448.91531,13663284609.154003,5.113322379162802,5.707989577173094,5.350124351246013,5.752725902584736
100.7891610693827,12262483430.428883,13657922222.919998,5.1227892570027995,5.70574938049945,5.346936510656174,5.7520958920105265
101.48867739508471,12286083871.87185,13652519440.684914,5.132648604709198,5.703492307945685,5.343925220689135,5.751443645020397
102.19304863856489,12310706292.912104,13647075786.891323,5.142934895793875,5.701218160842378,5.341093685168413,5.750769233885921
102.90230849485772,12336446003.841785,13641590781.739342,5.153687947194681,5.698926738747777,5.3384455743179595,5.750072727144379
103.6164908928541,12363414005.555374,13636063941.481806,5.164954130773644,5.696617839571104,5.335985100111124,5.749354189626556
104.33562999692522,12391740763.677645,13630494778.809433,5.176787950001028,5.694291259733473,5.33371710974464,5.748613682486115
105.05976020855591,12421581190.61796,13624882803.352669,5.189254121264093,5.691946794377529,5.3316472029665345,5.747851263231125
105.78891616799119,12453121326.394068,13619227522.340708,5.202430364855771,5.689584237642771,5.32978188127591,5.747066985758457
106.52313275589293,12486587455.706701,13613528441.47246,5.216411213734295,5.687203383029407,5.32812874042964,5.746260900392143
107.26244509500818,12522258796.212557,13607785066.080187,5.231313314190785,5.684804023884467,5.326696722910758,5.745433053927007
108.00688855185005,12560485552.407742,13601996902.706757,5.247282968060474,5.682385954060731,5.325496455196974,5.7445834896796
108.75649873838871,12601715260.395407,13596163461.278563,5.264507138543303,5.6799489688244815,5.324540707880953,5.743712247549179
109.51131151375571,12646532362.524784,13590284258.16494,5.283229982950877,5.677492866133613,5.323845038757885,5.742819364092877
110.27136298595892,12695719696.199732,13584358820.596325,5.303778540342226,5.675017448483366,5.323428717299485,5.741904872621326
111.03668951361004,12750357910.70669,13578386693.250643,5.326604264012808,5.672522525657865,5.323316098525989,5.740968803324546
111.80732770766363,12811994062.669239,13572367448.463003,5.352353454126551,5.670007918995329,5.323538747757169,5.740011183444344
112.58331443316861,12882944713.542086,13566300702.851929,5.381993880075413,5.66747346833387,5.324138891040707,5.739032037521416
113.36468681103203,12966882248.314335,13560186146.172918,5.417059721658821,5.664919044065386,5.325175373186723,5.738031387769681
114.1514822197945,13070082178.28558,13554023595.85076,5.460172643733664,5.662344569917045,5.3267348021232035,5.737009254685003
114.94373829741848,13204442556.233131,13547813113.341719,5.516303190585908,5.659750071562889,5.328954801166206,5.735965658136556
115.74149294308828,13396306523.22475,13541555304.655672,5.5964565032885885,5.657135802170303,5.332080980175502,5.734900619641261
116.54478431902393,13721558371.950436,13535248604.477657,5.73233409170087,5.6545011078115,5.336649410050384,5.733814157646163
117.35365085230578,14577594936.722532,13528883207.09172,6.089952916834948,5.6518418920392435,5.344550076809942,5.732706257633733
118.16813123671346,11943310025.972668,13522450246.454304,4.989451006497036,5.649154450964925,5.347204855052898,5.731576851716238
118.98826443457662,11968865668.97599,13515955838.898285,5.000127161468088,5.6464413397548405,5.342363760566993,5.730425865196896
119.81408967863881,11995449823.83059,13509406890.85609,5.011232988739398,5.643705443648186,5.3377387974396,5.729253261781975
120.64564647393397,12023148832.697817,13502802739.552576,5.022804558712128,5.640946485763251,5.333333147828718,5.728059023517526
121.48297459967651,12052061922.263525,13496142715.782516,5.034883324441298,5.638164186532087,5.329150482798224,5.7268431288740285
122.32611411116442,12082304048.881363,13489426144.268278,5.047517310226129,5.635358263849929,5.325195037738666,5.725605552759649
123.17510534169504,12114009585.50765,13482652344.130129,5.060762651868232,5.6325284332716725,5.321471705504235,5.72434626653568
124.0299889044948,12147337167.275732,13475820629.504725,5.074685620964341,5.629674408270254,5.317986152765932,5.7230652380348985
124.89080569466141,12182476159.840527,13468930310.359932,5.089365327129419,5.626795900577051,5.314744967247945,5.721762431583784
125.75759689112117,12219655444.937572,13461980693.576378,5.10489738826196,5.623892620633712,5.311755846735689,5.720437808029873
126.63040395859773,12259155587.0737,13454971084.394104,5.121399013314754,5.620964278196516,5.30902784564376,5.719091324776002
127.50926864959659,12301326055.218626,13447900788.373857,5.139016196848681,5.6180105831557166,5.306571702577296,5.717722935823866
128.39423300640192,12346610213.482006,13440769114.096722,5.157934159166853,5.615031246663347,5.3044002845997085,5.7163325918303425
129.28533936308793,12395582635.192299,13433575376.955215,5.178392934687345,5.612025982716994,5.302529204304174,5.7149202401817
130.1826303475437,12449006693.046602,13426318904.607552,5.2007114308707845,5.608994510438377,5.300977700938706,5.713485825093334
131.08614888351252,12507926972.293116,13418999045.064323,5.2253260348583135,5.605936557451646,5.2997699402095515,5.712029287746985
131.99593819264564,12573824625.07011,13411615179.132755,5.252855514479872,5.602851865082112,5.298937007826531,5.710550566485062
132.91204179656935,12648893764.054945,13404166740.483456,5.284216484784605,5.5997401967393525,5.298520115771778,5.709049597095658
133.83450351896724,12736569263.256954,13396653250.01685,5.320843902710396,5.596601352274176,5.2985760746677,5.707526313249955
134.76336748767605,12842630951.910412,13389074379.626957,5.365152356401372,5.593435194616648,5.29918737972648,5.705980647215559
135.6986781367976,12977815883.290895,13381430084.612541,5.421627369649189,5.590241705092329,5.300482837566577,5.704412531123575
136.64048020882325,13165192908.063614,13373720930.880583,5.499906212182251,5.587021120115173,5.30268661435295,5.702821899539147
137.5888187567752,13467789275.090296,13365946469.467075,5.6263192203634285,5.583773252125458,5.306267247619412,5.7012086882518265
138.54373914636116,14172033982.954407,13358095354.318092,5.920525303838736,5.580493361182577,5.312691826390973,5.699572799979106
139.50528705814483,11739369989.333523,13350152012.083416,4.904252780974848,5.577174941345733,5.314037287009959,5.697914061487236
140.47350848973065,11771972592.808079,13342123066.647259,4.917872882300761,5.573820759816456,5.308501707301797,5.696232276461885
141.44844975796445,11806067744.495802,13334019850.639896,4.932116512294041,5.570435550927474,5.303233578447776,5.694527302858894
142.43015750114947,11841804732.477524,13325841435.016964,4.947046037715956,5.567018926560138,5.298238221970018,5.692799030317057
143.41867868127693,11879359698.087326,13317586882.141712,4.962735043573906,5.563570495006235,5.293521820377891,5.691047344634701
144.4140605862728,11918942838.176544,13309255246.604109,4.979271341947553,5.5600898613101775,5.289091580190436,5.689272127775497
145.41635083225955,11960808222.087729,13300845576.33008,4.996761073139224,5.556576627732399,5.284955941582204,5.687473257879725
146.42559736583422,12005267446.021381,13292356914.093006,5.015334409937937,5.553030394380801,5.28112485253859,5.685650609282891
147.4418484663624,12052709063.986378,13283788299.594713,5.035153675115726,5.5494507600801075,5.277610134241196,5.683804052544434
148.46515274828712,12103626969.08907,13275138772.371593,5.056425198027789,5.54583732358593,5.2744259787205925,5.681933454490333
149.49555916345503,12158663109.871092,13266407375.932789,5.0794171598391635,5.542189685313543,5.271589643830724,5.680038678275357
150.53311700345725,12218674066.751984,13257593163.79758,5.104487406576381,5.5385074498600675,5.269122452530485,5.678119583473695
151.57787590198856,12284839183.18709,13248695208.582966,5.13212862212502,5.534790229800906,5.2670512801766,5.676176026211739
152.6298858372204,12358845099.941969,13239712616.22597,5.163045419481564,5.531037651631278,5.265410861951736,5.67420785936604
153.68919713419282,12443220378.191486,13230644549.388285,5.198294133286197,5.527249365543764,5.264247559815163,5.672214932866522
154.75586046722117,12541990454.128677,13221490268.572659,5.239556434417534,5.523425062605134,5.263625920494892,5.670197094180943
155.82992686232072,12662093845.463642,13212249211.049908,5.289730966057154,5.519564507728997,5.263641094178053,5.6681541891374705
156.91144769964686,12816891971.363262,13202921162.911037,5.354399610126017,5.515667611552483,5.2644452386981,5.66608606345711
158.0004747159535,13036806817.7344,13193506718.00357,5.446271490633511,5.5117346221620185,5.266314228194936,5.663992566078549
159.0970600070682,13414557107.500801,13184001815.105612,5.604080888478897,5.507763842936851,5.269874119697943,5.661873538019801
160.20125603038386,14531729591.452206,13174391708.334774,6.070792157160728,5.503749113620101,5.277682152979324,5.659728768409554
161.31311560736845,11545267670.930723,13164668270.373325,4.823164371998427,5.499687038934117,5.27997824008657,5.657557983703965
162.43269192609114,11586216227.12048,13154840426.003317,4.840271088181066,5.495581347306168,5.273820621341726,5.655360916574588
163.56003854376786,11629326091.752304,13144914497.812263,4.8582807150775835,5.491434680067726,5.267988822164806,5.653137347092205
164.6952093893219,11674858403.564537,13134889222.839851,4.877302346309264,5.487246509603027,5.2624915223389035,5.6508870727923295
165.838258765965,11723131710.907942,13124763327.166796,4.897469059003459,5.48301630371808,5.257338946400236,5.648609886712111
166.98924135379434,11774540968.958588,13114535527.687658,4.918945850091211,5.478743526381274,5.252543226594203,5.646305577394359
168.14821221240854,11829585157.533882,13104204534.622688,4.941941173958009,5.474427638772727,5.248118894693535,5.643973928903782
169.31522678354116,11888908642.723087,13093769055.128487,4.966724221726383,5.470068100792687,5.244083565134224,5.6416147208606136
170.4903408937131,11953365300.33315,13083227798.59848,4.993651709540782,5.4656643732758585,5.240458911684052,5.639227728499338
171.67361075690357,12024122060.447527,13072579484.66461,5.02321113546219,5.461215921334202,5.237272112211688,5.636812722764825
172.86509297723873,12102834469.771866,13061822855.724606,5.056094122596667,5.456722219590338,5.234558075225186,5.634369470466082
174.06484455169968,12191962661.05193,13050956697.510426,5.093328418844734,5.452182760770246,5.23236304767603,5.631897734522953
175.27292287284845,12295384214.644144,13039979875.04675,5.1365339266597365,5.447597070725323,5.230750841444469,5.629397274371791
176.48938573157474,12419704153.872126,13028891401.1319,5.188469968222736,5.4429647370410565,5.229814498879387,5.626867846665551
177.71429131985883,12577450867.480762,13017690583.822006,5.254370417702369,5.438285470650173,5.229700746610994,5.624309206584787
178.94769823355688,12796535019.567665,13006377412.479755,5.345895266405149,5.433559267108816,5.230670488852675,5.621721110663975
180.18966547520301,13158784138.287912,12994948612.691349,5.497228877110294,5.428784758494093,5.233296476432023,5.6191033093233225
181.44025245683227,14119395855.274345,12983390974.839577,5.898535138753659,5.423956426341042,5.239688300686694,5.61645550901184
182.69951900282223,11328419963.567726,12971694285.84227,4.732573823029506,5.419070004020648,5.240702824331229,5.613777353029095
183.96752535275502,11377507167.796106,12959865544.898876,4.7530805502274776,5.414128415526566,5.233863693403604,5.6110684805233655
185.24433216429958,11429490431.54226,12947911435.804749,4.774797138598307,5.409134453088869,5.227408568063762,5.608328574860647
186.5300005161126,11484773546.108303,12935830292.009262,4.79789227646327,5.404087420487444,5.221349956281763,5.605557338070947
187.8245919107609,11543863835.1419,12923620432.1972,4.8225779039360335,5.398986615334098,5.2157028096867535,5.602754466670747
189.12816827766275,11607412550.263052,12911280163.282146,4.849126088646411,5.393831330323095,5.210485200489784,5.5999196516626455
190.44079197605097,11676277186.282158,12898807784.86211,4.8778950586179155,5.388620855092532,5.205719284055511,5.597052578556374
191.7625257979563,11751621568.654106,12886201596.004332,4.909371014918313,5.383354479058774,5.201432714642761,5.594152927421808
193.09343297121058,11835084557.48062,12873459905.914581,4.944238609638712,5.378031495873666,5.19766081367922,5.59122037299137
194.4335771624718,11929081652.32622,12860581051.469189,4.98350694467023,5.372651210748742,5.194450059127878,5.588254584842029
195.78302248026904,12037385398.385164,12847563427.783861,5.0287520428554116,5.3672129532256845,5.191864060631482,5.585255227712944
197.1418334780704,12166353896.527767,12834405546.063015,5.082630071765711,5.361716101343528,5.189994649722761,5.582221962072726
198.51007515736964,12327888899.199024,12821106156.820385,5.150113121264543,5.356160133115447,5.188984848388425,5.579154445199168
199.88781297079703,12548022716.867363,12807664566.50268,5.242076479474352,5.350544758801814,5.189084706555014,5.576052333508169
201.2751128252495,12900728930.872831,12794077944.012886,5.389423435271392,5.344868795680269,5.19082828356071,5.57291527800039
202.67204108504393,13763150179.905872,12780334512.91346,5.749709533484931,5.3391273240126464,5.19603979685725,5.569742892465542
204.07866457509124,11101163091.71064,12766422804.218727,4.63763472946542,5.3333155525022296,5.195980854962996,5.566534729298826
205.4950505840934,11158747824.41175,12752347858.283062,4.661691393983849,5.327435586813289,5.188476329240326,5.5632903287612105
206.9212668677628,11220099315.204262,12738116016.427652,4.687321663718044,5.321490076103498,5.181416224792053,5.56000927010221
208.35738165206286,11285815825.434044,12723725122.056328,4.7147754690196235,5.315478119430745,5.174817776558077,5.556691150275268
209.80346363647217,11356672266.240093,12709172998.408754,4.7443765376620455,5.309398807429117,5.168701924808379,5.5533355593358635
211.25958199727,11433700556.651585,12694457453.225643,4.776555965332145,5.303251224257839,5.163094509426855,5.5499420804340085
212.72580639084703,11518321633.88194,12679576286.070627,4.811907364403232,5.29703445066007,5.158028057696139,5.546510289841219
214.2022069570357,11612574276.832722,12664527300.188503,4.8512824575066595,5.290747568916815,5.153544583902537,5.54303975703225
215.6888543224672,11719538926.311136,12649308322.617035,4.895968133155962,5.284389671248857,5.1497002251893695,5.539530044857482
217.18581960394883,11844191665.343729,12633917240.55575,4.948043205550152,5.277959875010231,5.146573484665739,5.535980709875213
218.6931744118668,11995327564.942022,12618352073.377975,5.011181913724742,5.271457352772044,5.144281341475096,5.53239130299071
220.21099085361107,12190621684.631207,12602611135.576572,5.092768210984642,5.264881400394887,5.143015212397277,5.528761370761614
221.73934153702504,12473520710.708132,12586693493.878403,5.210952435234618,5.258231627993494,5.143139530327821,5.525090458467608
223.27829957387968,13000038996.582552,12570591602.54049,5.430911323154492,5.251504883249554,5.145587195926997,5.521378093238827
224.8279385833699,15977974057.142174,12554290024.46704,6.674976917439519,5.244694717144078,5.158081656577993,5.517623742673515
226.38833269563713,10901534059.488997,12537787470.534546,4.554237474133502,5.237800591131341,5.164302848040287,5.513826833828038
227.95955655531424,10970701451.53664,12521091116.800642,4.583132923813565,5.230825503089475,5.156121175390993,5.509986818606304
229.54168532509814,11045135802.70316,12504199967.400654,4.614228704425313,5.223769036984904,5.148464019445013,5.506103174094837
231.1347946893434,11125852134.46188,12487111255.154144,4.647948852513113,5.216630036797128,5.141357324568887,5.5021753737480275
232.73896085768442,11214234787.266895,12469822189.121696,4.684871691745777,5.209407336580069,5.13483356739414,5.498202882304385
234.35426056868008,11312248294.081324,12452329964.161156,4.725817927685569,5.202099764454298,5.128934393813008,5.494185155797421
235.98077109348526,11422822983.077353,12434631777.273533,4.772011737618038,5.194706149435715,5.123714933081659,5.490121641640803
237.6185702395465,11550619806.343008,12416724857.214306,4.8254002862769365,5.187225333806005,5.119251357605407,5.486011778844327
239.26773635432454,11703718057.09883,12398606522.886833,4.889358788540161,5.179656197507134,5.115655385654728,5.481854998479757
240.92834832904268,11897931249.926203,12380274314.185335,4.970493516544396,5.171997712802468,5.113105838363062,5.477650724683979
242.60048560246005,12170578513.539158,12361726353.035793,5.084394952653313,5.164249095105632,5.111931758802606,5.473398377062147
244.28422816467224,12645200179.461979,12342956071.114452,5.282673448614156,5.1564076004261,5.1129201145885705,5.469097358909015
245.97965656093692,14417078767.66257,12323949848.904348,6.022895496443648,5.148467539058716,5.120354139993116,5.464747023717276
247.68685189552747,10648204380.290983,12304703064.683083,4.4484061744266885,5.140426980227388,5.121900640381389,5.460346681606803
249.40589583561328,10726553064.040827,12285220194.277813,4.481137211144588,5.132287793758843,5.11287404101947,5.455895651846397
251.13687061516566,10811411687.950283,12265500822.34019,4.51658784799101,5.124049806136677,5.104439836494007,5.451393274659556
252.87985903889222,10904176109.986895,12245541458.615936,4.555341220204506,5.115711559268225,5.096631268799488,5.446838888095812
254.63494448619696,11006814442.71045,12225338579.342749,4.598219528763779,5.107271581062474,5.089490781919534,5.4422318191711305
256.40221091517066,11122241273.567823,12204888640.940924,4.646440375090775,5.098728391149468,5.083074257149516,5.437571383866595
258.1817428666052,11255054966.92728,12184188105.13215,4.701924777201064,5.090080511373969,5.077458383372939,5.432856887238599
259.97362546803953,11413151495.98328,12163233488.75646,4.76797136598648,5.081326486607043,5.07275468140839,5.428087623742802
261.77794443783074,11611807591.86185,12142021475.407076,4.850962166306711,5.072464931382758,5.069139707792106,5.423262878017515
263.59478608925536,11886503884.305801,12120549221.97122,4.965719607069357,5.063494657959033,5.066933443274889,5.418381926858252
265.4242373346374,12351413892.188322,12098810074.549171,5.159940949537696,5.054412886595027,5.06688168908961,5.41344402970595
267.26638568950625,13907934672.320673,12076791072.018549,5.810194870450414,5.045214202637267,5.072642011436716,5.4084483998268
269.12131927678433,10387080144.008095,12054486094.478588,4.3393186115392535,5.035896049428931,5.072636124058672,5.403394206609359
270.98912683100116,10475327157.320734,12031897610.992634,4.376184785860743,5.026459458448781,5.062816201075558,5.398280620461889
272.86989770253916,10571605802.332176,12009024483.129375,4.416406263927699,5.016903954104434,5.05366075979678,5.393106826971724
274.76372186190645,10677840895.504955,11985862336.204357,4.460787159291173,5.0072277088226524,5.045212308065435,5.387872007062178
276.6706899040431,10796851871.41142,11962406749.248722,4.510505322198223,4.997428875694377,5.037526392362602,5.382575327668961
278.59089305265235,10933028896.795122,11938653275.243587,4.567394793783982,4.987505596927855,5.030678499765385,5.377215941724984
280.52442316456666,11093788266.57536,11914597481.575281,4.634553813989397,4.977456020749274,5.024776989229263,5.37179298831969
282.4713727341406,11293172245.41707,11890235040.380613,4.71784869553796,4.967278339145505,5.0199903726036625,5.36630559323207
284.4318348976761,11562773812.27271,11865561972.996506,4.830477757847803,4.956970889985658,5.016615972128411,5.360752870418547
286.4059034378772,11998508252.366331,11840571651.10153,5.012510681380949,4.94653090421451,5.015313551168785,5.355133915544424
288.3936727883365,13213804030.627378,11815251744.390543,5.520214050953519,4.935953230709525,5.018774420028298,5.349447782239687
290.3952380380535,10103408792.278479,11789593667.173897,4.220811739631569,4.9252342827030695,5.016706796446551,5.3436934771535
292.41069493598224,10201089914.671774,11763597563.241814,4.261619118271252,4.914374120265114,5.006054372949033,5.337869996443725
294.44013989561245,10308368683.986805,11737261894.023209,4.306436020986716,4.9033721006404205,4.996136519669274,5.331976346039566
296.4836699995804,10427766221.114338,11710581202.748436,4.356315674156459,4.892225944202594,4.987005486045529,5.326011525414236
298.54138300431526,10563106188.725643,11683549965.311283,4.412855455519332,4.880933343194636,4.978731023133603,5.31997451627529
300.6133773447127,10720630835.751383,11656162616.928083,4.478663134206519,4.8694919728660855,4.971410832097362,5.313864282499009
302.6997521388464,10911618172.394455,11628413610.126045,4.558450224801144,4.857899515698295,4.965191596600787,5.307679770308869
304.8006071927079,11159716422.896132,11600297561.252638,4.662096036806675,4.84615372261036,4.96031832945696,5.301419909039274
306.9160430049818,11528234781.894457,11571808554.379576,4.8160486925795105,4.834252122157237,4.9572825970852,5.295083610303366
309.0461607718524,12299546087.246159,11542935534.91771,5.138272595370326,4.822190096160982,4.9575633278060005,5.288669751917906
311.1910623918452,9781285108.712444,11513665228.647636,4.086240977113479,4.809962099168348,4.952794653896623,5.282177157281777
313.35085047070214,9886298364.28384,11483994535.152977,4.130111436187789,4.797566835945803,4.941192662754857,5.275604619071171
315.52562832628894,10002087019.760132,11453922509.321924,4.178483438785961,4.785003911662345,4.93038375726989,5.268950934960686
317.7154999935381,10131618017.790424,11423442384.105467,4.23259645829976,4.772270499307757,4.9204274259039575,5.26221489695403
319.9205702294248,10279481614.344734,11392547291.888527,4.294368125370932,4.75936372985922,4.911404041520614,5.255395274523969
322.1409445179787,10453386404.482273,11361230295.042875,4.36701879158486,4.746280705045144,4.90342819557826,5.248490814432663
324.37672907533073,10667861236.825207,11329484457.423954,4.456618045541645,4.733018527213758,4.896676783759884,5.241500240847724
326.62803085479294,10955535098.662579,11297303042.979984,4.576797010700046,4.719574382304283,4.891459771524038,5.2344222562330085
328.8949575519756,11415918108.852222,11264676972.707205,4.769127149377643,4.705944477461609,4.888462705446192,5.227255535472567
331.17761760993886,12705834144.594322,11231592491.055454,5.3080039639988845,4.692123066151195,4.890537559177401,5.219998706083777
333.47612022437977,9512639332.283962,11198039119.32482,3.974011206917666,4.678105770779249,4.887077928160136,5.212650344930535
335.79057534885624,9632159919.041168,11164013143.8189,4.023942265442984,4.663891039907668,4.874878732279272,5.205209007769002
338.1210937000477,9765728606.917831,11129509162.04664,4.0797420749357824,4.649476616585543,4.863573507881447,5.197673244019956
340.4677867630506,9917932127.342625,11094518680.407667,4.14332679362134,4.634858952516559,4.853243803740676,5.190041583125895
342.8307667967118,10096413380.1299,11059033075.181124,4.217889328163585,4.620034445045121,4.8440051718272255,5.182312525611489
345.2101468389981,10315442032.149227,11023043652.7006,4.30939099109396,4.604999462295096,4.836034520980222,5.174484542907347
347.60604071240414,10606672188.943026,10986541819.769226,4.431055638145502,4.589750414362625,4.829638281363396,5.166556077838985
350.01856302939785,11064774441.53446,10949516970.305721,4.622432964891631,4.574282870438926,4.825481789917547,5.158525539511098
352.44782919790254,12279246995.852604,10911954190.659304,5.12979242347792,4.558590600180004,4.826189388842408,5.150391285611389
354.89395542681797,9184205305.620474,10873840924.540497,3.836804228170536,4.542668358055851,4.821448174218734,5.142151617586876
357.35705873157826,9314268339.975815,10835170889.938347,3.8911395117946808,4.526513519686304,4.808296035178533,5.133804806224043
359.8372569397521,9460861653.068562,10795936550.8858,3.9523805037781212,4.510122936837054,4.79611860956029,5.125349106401228
362.3346686966761,9629910725.11437,10756127274.811703,4.023002639587382,4.4934921676328825,4.785014437095984,5.116782744804878
364.84941347113323,9831761895.23234,10715732236.284649,4.107328217816328,4.476616689629047,4.7751274399747645,5.108103910906472
367.3816115610664,10087154699.439978,10674740491.158133,4.2140214110127525,4.459491930786248,4.7666888678700685,5.099310756580415
369.93138409933374,10447956931.853672,10633141203.963732,4.364750568821438,4.442113364466668,4.760135450615361,5.090401396594006
372.4988530595022,11114065741.47801,10590919557.972965,4.643024955351568,4.424474800816686,4.756621831541385,5.081373897964156
375.08414126168316,24084228323.154198,10548056753.247053,10.061455072868684,4.406568385952138,4.792408112173247,5.072226257759164
377.6873723784085,8907585093.11048,10504542077.620548,3.721243048336471,4.3883896447463995,4.821091927177895,5.062956415957531
380.3086709405457,9057666932.415026,10460367691.470163,3.783941411063936,4.369935302109382,4.8064147914504876,5.053562287631319
382.94816234325566,9230526051.575987,10415520439.970423,3.8561552365615794,4.351199862465983,4.792866195485027,5.0440417561978
385.60597285198963,9436422791.911282,10369986786.274841,3.9421708968824065,4.332177670647564,4.780590899559891,5.034392657554985
388.28222960853236,9695723533.32625,10323752952.723652,4.050496674445313,4.312862970883048,4.769819659524153,5.024612778948581
390.9770606370808,10058676332.363096,10276805117.086126,4.202124255453185,4.293249988781343,4.760982987155246,5.0146998588234055
393.6905948503713,10714130453.19517,10229125815.452526,4.475947526873444,4.273331428599325,4.755192949612926,5.004651576880318
396.42296205584483,17302374062.55041,10180693801.714642,7.228259795102292,4.253098414538259,4.770327251384793,4.994465533578886
399.1742929618572,8541423727.144317,10131494662.31715,3.568275052698142,4.23254492517461,4.778866706382112,4.984139260084346
401.9447191839307,8703363337.428064,10081516612.70696,3.6359271315410155,4.21166603737985,4.762702374100503,4.97367024632794
404.73437325105124,8891986462.512486,10030743116.69686,3.7147265463811605,4.190454842977287,4.747766312060965,4.963055935409199
407.54338861200836,9120582461.656883,9979156969.965958,3.8102250753092264,4.168904154669936,4.734233050392371,4.952293708727691
410.3718996417783,9417367402.417011,9926740625.293045,3.9342102953335374,4.147006641910372,4.722393970312454,4.941380883932681
413.22004164795294,9861014617.384903,9873475130.85694,4.119548868847699,4.124754387363866,4.712843671979581,4.930314710773894
416.0879508772109,10856149295.200518,9819337835.894665,4.535277482525954,4.102137928421484,4.707558655771474,4.9190923573668
418.9757645218362,8060447646.72381,9764305866.65567,3.3673419291891378,4.079147709318748,4.6971418649064045,4.90771090009454
421.8836207262821,8220605885.676904,9708361329.248552,3.434249820285118,4.055776254682894,4.67933476717279,4.8961673385696445
424.8116585937781,8405977706.328034,9651485939.966848,3.5116909664257285,4.03201592629157,4.662764051398401,4.884458609806628
427.76001819298466,8628170928.83133,9593657923.05737,3.6045146639806784,4.007857627080943,4.647590858381856,4.87258157791207
430.7288405646942,8910678218.74445,9534854881.26195,3.722535236077899,3.983292000346544,4.634074954665248,4.8605330233107615
433.71826772857673,9313811488.639675,9475053576.665394,3.890948657052238,3.9583093381900523,4.62271338238163,4.8483096396974315
436.7284426899744,10089112978.129642,9414227046.975748,4.214839503782504,3.932898376813203,4.614893124412625,4.835908022100131
439.75950944674344,7605217831.44848,9352345635.5893,3.177164595177583,3.9070467268389386,4.602245114710099,4.823324649827362
442.8116129961413,7770387178.677651,9289384920.589392,3.2461659326613206,3.8807441857391165,4.58314351930243,4.810555895426114
445.88489934176386,7962340998.822492,9225321221.731394,3.3263567825211884,3.8539808608273587,4.565329371375715,4.7975980432532035
448.97951550052807,8193694547.589859,9160126349.373352,3.4230073085683,3.8267449755662466,4.548975026465752,4.7844472798231354
452.0956095097062,8490411469.498449,9093771147.08496,3.5469641129585425,3.799024349531743,4.534361307686381,4.771099679473354
455.2333304340081,8921383031.062677,9026224918.56812,3.7270072908499343,3.7708061590028583,4.522037794226221,4.7575511987067
458.39282837271077,9800796390.185106,8957453104.876087,4.094392032622389,3.7420759665940424,4.5136482001703175,4.743797662284513
461.5742544668394,7173126079.688545,8887419145.34992,2.9966534453347573,3.712818498682139,4.500322401265109,4.729834748227013
464.7777609063961,7350615649.500879,8816090259.09392,3.070801693250708,3.6830200606822574,4.480176664453883,4.715657994988698
468.00350093764297,7559962063.046465,8743433106.399632,3.1582584930407225,3.6526667245592424,4.461418030935179,4.701262812575159
471.2516288704294,7818135788.590535,8669410029.431538,3.266113447150234,3.621742758332184,4.444259138318407,4.686644470275901
474.52230008557717,8163235657.9433155,8593981866.612568,3.4102827676099525,3.5902318018153636,4.4290679351233315,4.671798081919393
477.8156710423115,8714877813.652193,8517106145.168806,3.640737432442594,3.5581161115336384,4.416660690106211,4.6567185941742535
481.1318992857465,10424647033.028858,8438736036.328433,4.355012598535152,3.525376124245145,4.410924545261183,4.641400766834095
484.4711434544201,6765336415.088828,8358825414.504686,2.826294763524482,3.4919925704714223,4.399619676830842,4.625839164953132
487.83356328788403,6965621716.414511,8277329227.266344,2.9099661825961483,3.4579466290567096,4.378582673089191,4.610028166622348
491.21931963434616,7209305699.43295,8194198629.657076,3.011767885113666,3.4232178944755702,4.359109076111505,4.593961957686346
494.62857445836346,7526095005.552984,8109381155.522831,3.144110151941775,3.387784448406822,4.341512013626381,4.577634513112253
498.0614908485912,7998246635.477276,8022820887.7975025,3.3413567628077705,3.3516229308722707,4.326422114959976,4.5610395795948016
501.5182330255821,9053756572.95551,7934456654.394534,3.78230781477458,3.3147077865503034,4.315928957389901,4.544170653692513
504.99896634964625,6191588362.793143,7844224485.070237,2.586605113772693,3.277012291157948,4.300356834742535,4.527020962179601
508.5038573287569,6390980254.586758,7752060898.341616,2.6699033010451934,3.2385099245974645,4.277388130694111,4.509583459157935
512.0330736265197,6633938250.706663,7657898719.25778,2.771401714436521,3.199172623783695,4.256004725115616,4.491850820565417
515.5867840701909,6949796526.092893,7561664753.929425,2.903355032788725,3.158969811152809,4.2365193333452185,4.4738154201043
519.1651586587548,7418720741.656717,7463280703.358732,3.0992533552996333,3.117868776424941,4.219555090989187,4.455469301481578
522.768368571054,8445432712.850298,7362661211.855316,3.5281737355722846,3.0758338613081784,4.207121187550653,4.436804148024463
526.3965861739797,5618681332.2657,7259715731.465478,2.3472668102472785,3.0328272383846837,4.189654610409003,4.417811252501025
530.0499850307181,5824260915.767937,7154351541.3406105,2.4331499747627987,2.98881017248553,4.164936572024513,4.398481501381043
533.7287399090511,6078503862.580507,7046469579.486307,2.5393628022042805,2.9437412793573876,4.141878052424342,4.378805355945011
537.4330267897185,6417094714.363086,6935961735.570313,2.680812907957496,2.897575394702847,4.120838286207621,4.3587728139379465
541.1630228748338,6946072559.180311,6822710836.757923,2.901799304065303,2.8502635682629944,4.102578949686475,4.338373363967734
544.9189065963646,8370255840.163773,6706588797.186801,3.496767758311761,2.801752290739874,4.090183968180974,4.317595935160908
548.7008576246646,5036935888.961719,6587459133.711501,2.1042361611804816,2.7519845447768296,4.072433750556495,4.296428849462288
552.5090568770715,5257081956.543934,6465177075.965911,2.1962046369284765,2.700899850938316,4.046029330532398,4.274859782100771
556.34368652656,5538340882.05269,6339584554.316749,2.3137036908686466,2.6484321738715577,4.021427041323106,4.252875708481111
560.2049300104572,5935645687.254555,6210508229.265839,2.4796822056932344,2.594509099067364,3.9991110313712617,4.230462831798604
564.0929720392162,6655319453.103319,6077756774.482433,2.7803339502728277,2.5390506978165712,3.980309979606596,4.207606498189745
568.007998605253,23983173654.906647,5941118630.214258,10.019238357812098,2.481968588672443,4.0137197341208175,4.184291098810125
571.9501969918451,4435628400.634173,5800365237.751655,1.8530332495650532,2.4231672886841498,4.039935146336938,4.1604999761466726
575.9197557820889,4683637477.710484,5655245237.306884,1.9566418083772925,2.3625417894961185,4.010606483199648,4.136215324159339
579.9168648679222,5021817866.627926,5505476639.396511,2.097920438689351,2.2999742868556847,3.983363701942978,4.111418050660823
583.941715459206,5569873224.503971,5350743323.373737,2.326876678711934,2.2353327178359126,3.959040323774816,4.0860876091179215
587.9945000928725,7243250312.06994,5190688520.649325,3.025948625739043,2.1684680383784296,3.9414366990710668,4.060201803986065
592.0754126421377,3576563002.5961437,5024911113.478971,1.4941490955435597,2.0992126770705637,3.918302073994041,4.033736569425284
596.1846483257725,3800286600.3649497,4852956942.398725,1.5876121244390018,2.027376903729511,3.8856442209715345,4.0066657154424306
600.3224037174436,4104533080.041374,4674303864.45667,1.7147144855887608,1.9527425873119244,3.854950827560545,3.978960609639583
604.4888767551142,4585569340.515682,4488345993.392732,1.9156727499866273,1.875056612073209,3.826934225539494,3.9505897752276193
608.6842667505169,5807035980.295451,4294373819.2040477,2.425954065802624,1.7940225722941632,3.8041952156655596,3.9215183922507872
612.9087743986839,2635279446.469465,4091550164.1533337,1.1009173887301142,1.7092907276352303,3.77612859677391,3.891707679580069
617.1626017875511,2834560147.3462276,3878875679.3485684,1.1841691247566202,1.6204435889477327,3.739951423469702,3.861114117289718
621.4459524076235,3112802014.9282,3655135397.70751,1.3004077690886737,1.5269735901785266,3.705642281243688,3.829688427153085
625.7590311617106,3567834540.1906824,3418824245.9560046,1.490502682996335,1.4282519701762864,3.67391036322289,3.79737419982321
630.1020443747268,4784552939.195923,3168038760.2643657,1.998800368255975,1.3234835356905466,3.6474190444476005,3.764106016068603
634.4751998035622,1527509852.0654972,2900310855.668129,0.6381342820581801,1.211637216692707,3.6153925086653174,3.729806805518015
638.8787066470222,1685549918.5269969,2612333511.280686,0.7041572829648295,1.0913314683132702,3.57494718321123,3.694383976464042
643.312775555834,1923572782.666403,2299475755.7544985,0.803593989913492,0.9606316506072979,3.536194783214091,3.6577234178335623
647.7776186427237,2363191938.195871,1954857834.3356934,0.987249796659013,0.8166636692737529,3.499921255164316,3.619679533608748
652.273449492561,4011099056.2667575,1567340499.0602596,1.6756813797789363,0.6547739792028802,3.4701482240598014,3.5800569797814017
656.8004831725812,0.0,1116135059.4329305,0.0,0.46627787301541895,3.4339468236472155,3.538571382335791
661.3589362426677,0.0,645104747.317245,0.0,0.26949970517372634,3.386772624196514,3.495009128261825
665.949026765717,0.0,278202688.4836777,0.0,0.11622227682664724,3.340246485187077,3.4496418859892803
670.5709743180663,0.0,0.0,0.0,0.0,3.2943595038216054,3.4030476210636804
675.2249999999999,0.0,0.0,0.0,0.0,3.249102899605889,3.3562979026024578
