R_kpc,Sigma_bar,Sigma_eff,kappa_bar,kappa_eff,kappa_bar_mean,kappa_eff_mean
1.0,39625486921.47069,39628796796.662155,18.25958847661102,18.26111368080662,0.0,0.0
1.0120606264911474,39625531510.19401,39628840259.14997,18.25960902327939,18.261133708501,0.43260257796368945,0.4326387065964228
1.0242667116936537,39625580610.813156,39628884784.305756,18.259631649048032,18.261154225877178,0.8549565381213131,0.8550279081984398
1.0366200099307066,39625619176.34126,39628930398.223526,18.259649420203097,18.26117524495939,1.2673046552015093,1.2674104456692743
1.0491222966837304,39625666283.925674,39628977127.79104,18.259671127573085,18.261196778137624,1.669883975280787,1.6700234068266835
1.0617753688475675,39625714621.109604,39629025000.517525,18.259693401547622,18.261218838088247,2.0629259917455327,2.0630982627506165
1.0745810449887383,39625764316.81134,39629074044.65165,18.259716301532787,18.26124143782836,2.446656674520625,2.4468610008612313
1.0875411656068144,39625814844.46308,39629124289.16177,18.259739584883963,18.261264590706705,2.8212966377068924,2.821532254844564
1.1006575933989453,39625865843.24486,39629175763.6226,18.25976308533381,18.261288310351425,3.1870612638237423,3.187327431499312
1.113932213527575,39625920606.20778,39629228498.33112,18.259788320333918,18.261312610723508,3.544160848718726,3.544456834578395
1.127366933891388,39625973255.2474,39629282524.40247,18.25981258122941,18.261337506160928,3.8928006915434286,3.893125785697677
1.1409636853995222,39626027282.43896,39629337873.74193,18.259837477183027,18.26136301136577,4.233181214827204,4.233534742380481
1.1547244222490889,39626084649.88922,39629394579.09326,18.25986391234169,18.261389141426502,4.5654981224532865,4.565879413305521
1.1686511222060412,39626144358.48786,39629452673.99137,18.259891426311217,18.261415911796142,4.889942486889399,4.890350870824446
1.1827457868894284,39626200933.043915,39629512192.75648,18.25991749610094,18.26144333828959,5.206700818267187,5.207135660813321
1.19701044205908,39626262394.61887,39629573170.64919,18.259945817849218,18.261471437155084,5.515955222298031,5.51641590992236
1.2114471379067577,39626325515.32093,39629635643.87037,18.25997490413013,18.261500225074126,5.817883516079186,5.818369430285578
1.2260579493508208,39626390953.60426,39629699649.51059,18.260005058362093,18.26152971913821,6.112659290004126,6.113169821749372
1.2408449763344431,39626455118.3587,39629765225.55408,18.260034625746666,18.261559936850624,6.400452005651852,6.400986571678881
1.2558103441274293,39626524037.568794,39629832410.89963,18.260066384004094,18.26159089613609,6.681427123369996,6.681985152399919
1.2709562036316695,39626590396.16889,39629901245.479866,18.260096962321835,18.261622615395734,6.955746175992117,6.9563271163330915
1.2862847316902777,39626661616.37685,39629971770.28732,18.260129780888608,18.26165511351908,7.223566870416929,7.224170188874757
1.3017981314004599,39626735561.947235,39630044027.352425,18.260163855313678,18.26168840987392,7.485043205725898,7.485668359077566
1.3174986324301545,39626807994.480606,39630118059.73773,18.260197232525027,18.261722524303664,7.740325497620953,7.740971968182415
1.3333884913384921,39626885641.40006,39630193911.56709,18.260233012547076,18.261757477140762,7.989560514501486,7.990227796053063
1.34946999190012,39626960691.85407,39630271628.11106,18.26026759610709,18.261793289246075,8.232891541171064,8.2335791455636
1.3657454454334392,39627041074.41095,39630351255.84228,18.260304636722193,18.261829982034385,8.47045846891738,8.471165924987364
1.3822171911327976,39627124745.246574,39630432842.42602,18.26034319258976,18.261867577470053,8.70239790654952,8.703124728434185
1.3988875964046932,39627206134.83496,39630516436.72512,18.260380697249154,18.26190609806927,8.928843184695486,8.929588914381895
1.415759057208029,39627293127.89099,39630602088.82375,18.26042078400964,18.261945566911038,9.149924488220066,9.15068868234746
1.4328339983984741,39627378428.231606,39630689850.06134,18.260460090759853,18.26198600765277,9.365768920391451,9.366551147741914
1.4501148740769754,39627468998.273766,39630779773.164,18.260501825810366,18.262027444590878,9.576500571818542,9.57730041495279
1.467604167942475,39627562086.29485,39630871912.271034,18.26054472115599,18.26206990267298,9.78224061584842,9.783057648695936
1.4853043936488803,39627656374.9362,39630966322.862305,18.26058816975241,18.262113407464426,9.98310733284998,9.983941143676637
1.5032180951663396,39627755929.476234,39631063061.78084,18.260634044896747,18.262157985158716,10.179216216094499,10.180066392600041
1.5213478471468749,39627851661.58541,39631162187.38257,18.260678158649114,18.262203662646506,10.370679994761524,10.37154615257128
1.5396962552944244,39627954624.783104,39631263759.58907,18.26072560451702,18.26225046753991,10.557608738660882,10.558490509923532
1.5582659567393489,39628058569.27669,39631367839.832794,18.260773502570135,18.26229842814725,10.740109935507236,10.741006943510182
1.5770596204174525,39628164557.97738,39631474491.12946,18.26082234260235,18.262347573506435,10.918288498364857,10.91920038649757
1.5960799474535783,39628273473.048805,39631583778.14613,18.260872531118316,18.262397933416313,11.09224686533129,11.093173286694542
1.615329671549826,39628385738.02868,39631695767.2378,18.260924263285972,18.26244953845354,11.262085054674554,11.263025665453236
1.6348115593784562,39628500453.72279,39631810526.49401,18.2609771247529,18.26250241999406,11.42790071241115,11.428855175174885
1.65452841097953,39628618999.733,39631928125.76539,18.261031751245344,18.26255661022533,11.589789173845615,11.590757155453568
1.6744830601633456,39628745472.14637,39632048636.71052,18.26109003025719,18.262612142167928,11.747843545597167,11.748824687890243
1.6946783749177292,39628861434.63432,39632172132.93474,18.261143466251884,18.26266904973949,11.902154649407134,11.903148649609154
1.7151172578202367,39628989459.09052,39632298690.01806,18.261202460451493,18.262727367767603,12.052811179203564,12.053817765507208
1.7358026464553273,39629118705.26616,39632428385.46429,18.26126201762448,18.262787131966338,12.199899790542155,12.200918659265412
1.7567375138365704,39629251834.39522,39632561298.79676,18.261323364078486,18.262848378980383,12.343505041748882,12.344535903151936
1.7779248688339402,39629387660.62478,39632697511.66994,18.261385953367572,18.262911146436448,12.48370949573932,12.484752066646426
1.7993677566062685,39629526965.02088,39632837107.917534,18.261450145410205,18.262975472965458,12.620593757220574,12.621647763913181
1.8210692590389104,39629669769.66889,39632980173.60289,18.261515950383412,18.263041398225756,12.754236525589242,12.75530170015013
1.8430324951866892,39629816847.99441,39633126797.08332,18.261583724684915,18.26310896293276,12.88471464007935,12.885790716840383
1.8652606217221832,39629967296.389404,39633277069.06488,18.261653051928388,18.26317820888419,13.012103118700441,13.013189835932282
1.88775683338942,39630122561.024536,39633431082.67316,18.261724598515265,18.26324917899271,13.136475205189688,13.1375723029735
1.9105243634630407,39630278519.04608,39633588933.53686,18.26179646461747,18.26332191732442,13.25790239321576,13.259009629223987
1.9335664842130058,39630439860.82207,39633750719.86912,18.261870811576017,18.26339646913634,13.376454486020583,13.377571632772174
1.9568865073748998,39630607691.16384,39633916542.53895,18.261948148492554,18.26347288090933,13.49219966459881,13.493326478677796
1.9804877846259143,39630776005.83589,39634086505.135735,18.262025708590482,18.263551200377805,13.605204467638503,13.606340718164471
2.0043737080665673,39630952979.26084,39634260714.05634,18.26210725867761,18.26363147656988,13.715533869717298,13.716679326884554
2.0285477107082346,39631129077.51206,39634439278.56911,18.26218840548106,18.26371375983686,13.823251298048342,13.824405742278223
2.0530132669665586,39631310659.71762,39634622310.91483,18.262272079313377,18.263798101899773,13.928418660330518,13.9295819000484
2.0777738931608125,39631499638.47295,39634809926.4511,18.26235916150646,18.26388455591587,14.031096442565362,14.032268269772805
2.102833148019282,39631691289.74232,39635002243.70252,18.26244747520508,18.26397317650178,14.131343682168993,14.132523889673434
2.1281946331907466,39631892247.059494,39635199384.4284,18.26254007716907,18.26406401976469,14.229218028650354,14.230406400562853
2.153861993762124,39632091571.548065,39635401473.74946,18.26263192671888,18.26415714336076,14.324775741622053,14.325972078987341
2.1798389187823672,39632305787.389046,39635608640.21003,18.262730638265545,18.26425260652374,14.418071779192537,14.419275869585867
2.206129141792668,39632508547.855156,39635821015.90807,18.26282407112803,18.26435047012492,14.509159742393827,14.510371416683405
2.232736441363065,39632727402.42487,39636038736.72756,18.26292492022011,18.2644507967802,14.598091970682427,14.59931109513781
2.2596646416355184,39632952654.174255,39636261942.38842,18.263028717159074,18.264553650873097,14.684919659731365,14.686146040457349
2.2869176128735367,39633182350.29024,39636490776.41809,18.263134562080573,18.264659098541653,14.769692728958232,14.770926178204844
2.314499272018431,39633414787.61272,39636725386.312294,18.263241670161374,18.264767207752506,14.8524598951518,14.853700252705897
2.3424135832522777,39633652118.13849,39636965923.75006,18.263351033050522,18.26487804839998,14.933268723489107,14.934515855079011
2.3706645585676736,39633899645.79426,39637212544.82692,18.2634650948194,18.264991692413542,15.012165693045313,15.01341945060409
2.399256258344359,39634153684.87834,39637465410.16996,18.263582157081412,18.26510821381082,15.089196190262275,15.090456405444403
2.4281927919327986,39634414983.272064,39637724684.99521,18.26370256446337,18.265227688724043,15.164404510404369,15.165671012736432
2.4574783182447963,39634681829.32024,39637990539.13784,18.26382552822747,18.265350195413962,15.237833893960502,15.239106518062043
2.4871170463512398,39634952838.69346,39638263147.255554,18.263950410468997,18.265475814363572,15.309526540085868,15.31080514431849
2.5171132360870474,39635231260.98266,39638542689.13961,18.264078708612907,18.26560462842143,15.379523658495543,15.380808116001992
2.547471198663417,39635519006.95907,39638829349.83744,18.264211303150493,18.26573672285815,15.447865510697447,15.449155682918358
2.578195297287452,39635815079.310135,39639123319.790886,18.264347734516004,18.265872185430133,15.514591409223382,15.5158871433333
2.6092899477892684,39636117998.366684,39639424795.02281,18.26448732087176,18.26601110646552,15.579739721684197,15.581040866576018
2.6407596192566607,39636423375.02881,39639733977.35217,18.264628039702338,18.266153578963323,15.643347874562677,15.644654315109504
2.6726088346774195,39636741130.71492,39640051074.57579,18.26477446283844,18.26629969867718,15.70545243830841,15.706764066080082
2.7048421715894047,39637064538.70736,39640376300.67959,18.264923490580703,18.266449564212685,15.766089133845561,15.767405832358568
2.7374642627384485,39637399832.088394,39640709876.07264,18.26507799515925,18.266603277135257,15.825292833535135,15.826614483085374
2.770479796744201,39637741013.59155,39641052027.7792,18.26523521300886,18.26676094205861,15.88309758443654,15.884424063731156
2.803893518774003,39638091361.54256,39641402989.70044,18.265396654795598,18.266922666765378,15.939536612435202,15.940867815684673
2.837710231224885,39638453778.97059,39641763002.88143,18.265563658247334,18.26708856233012,15.994642389965332,15.995978195379488
2.8719347944137956,39638823772.899345,39642132315.72617,18.26573415298198,18.267258743218434,16.04844661121013,16.04978689297013
2.9065721272761507,39639201031.84764,39642511184.267136,18.265907995467717,18.267433327411137,16.10098019337188,16.10232485056842
2.941627208072808,39639589954.02555,39642899872.43065,18.266087212417965,18.26761243652658,16.15227334363108,16.153622280050698
2.977105075105571,39639985174.20882,39643298652.41606,18.26626933151516,18.26779619599535,16.202355547908024,16.203708680446667
3.013010827441318,39640396328.58952,39643707805.052635,18.266458793156527,18.267984735224726,16.251255617353277,16.252612854920287
3.0493496256448713,39640815383.44215,39644127620.01185,18.26665189536807,18.268178187696535,16.299001688698834,16.30036292735145
3.086126692520694,39641247907.74064,39644558396.09899,18.26685120435605,18.268376691101487,16.345621219058,16.346986358527566
3.123347313863546,39641688776.13066,39645000441.65555,18.267054358335965,18.268580387524615,16.391141017107596,16.39250996195537
3.161016839218183,39642143258.57272,39645454074.98691,18.26726378572744,18.268789423642364,16.43558725750838,16.436959919302577
3.1991406826482205,39642607441.47215,39645919624.76722,18.267477683129844,18.269003950909138,16.47898550189996,16.480361795478295
3.237724323514275,39643086306.13349,39646397430.42112,18.267698345948936,18.269224125733217,16.52136071244025,16.52274055336045
3.2767733072614837,39643578139.77419,39646887842.53085,18.26792498492743,18.26945010966435,16.56273727751161,16.56412056817857
3.3162932462165258,39644080400.69566,39647391223.32475,18.268156428840086,18.26968206961886,16.603138984441152,16.604525641560723
3.356289820394258,39644595674.61192,39647907947.16602,18.26839386919463,18.269920178104854,16.64258905739971,16.643979015252977
3.396768778314074,39645126954.44373,39648438401.04573,18.268638685141347,18.27016461344942,16.681110200800966,16.68250338451923
3.4377359378261105,39645672504.60487,39648982985.12093,18.268890076914914,18.27041556004659,16.71872458785905,16.720120911229117
3.4791971869474256,39646229194.30586,39649542113.31136,18.26914660183458,18.27067320863229,16.755453839855527,16.756853236642137
3.521158484708249,39646804211.04529,39650116213.88807,18.269411571929457,18.27093775655559,16.791319088306807,16.792721493895296
3.56362586200845,39647391710.22447,39650705730.07132,18.269682293984268,18.271209408054226,16.826340970989865,16.82774632020139
3.606605422484327,39648001387.57131,39651311120.75384,18.26996323583058,18.271488374587868,16.86053965826618,16.86194786876554
3.6501033433858567,39648620922.13049,39651932861.193634,18.270248719921163,18.271774875157373,16.893934827574736,16.895345820427085
3.6941258764645224,39649260374.00844,39652571443.733,18.270543381994717,18.272069136636112,16.926545678551904,16.927959395033408
3.7386793488718437,39649918939.88577,39653227378.61087,18.27084685187835,18.272371394144294,16.95839100613431,16.959807362552592
3.7837701640687524,39650591851.43653,39653901194.81836,18.271156932307704,18.272681891443217,16.989489129429554,16.990908053931996
3.8294048027459335,39651280882.07729,39654593441.00861,18.27147444048049,18.27300088135452,17.01985791739871,17.02127937170913
3.875589823755259,39651993797.14111,39655304686.44078,18.27180295469433,18.273328626195184,17.04951486791983,17.050938800381306
3.922331865052462,39652722216.2312,39656035521.99683,18.272138613227686,18.273665398246063,17.07847706042919,17.079903416540287
3.9696376446511854,39653472210.17197,39656786561.272484,18.27248421354158,18.2740114802546,17.106761157586394,17.10818989877837
4.017513961588521,39654250175.55142,39657558441.745895,18.272842703210262,18.27436716597338,17.134383495348565,17.135814537372084
4.06596769690221,39655041534.60701,39658351826.01948,18.273207364740376,18.274732760732334,17.161359977300403,17.16279324374965
4.115005814619619,39655852638.41521,39659167403.12332,18.273581124734264,18.27510858203938,17.187706086020523,17.189141559748
4.164635362758645,39656692538.94329,39660005889.92636,18.27396815437593,18.27549496023069,17.213437021445543,17.214874666665335
4.214863474340702,39657553267.05443,39660868032.66588,18.27436478145412,18.275892239175498,17.23856762875222,17.240007394115278
4.265697368415905,39658440553.43357,39661754608.579765,18.2747736466922,18.276300777028244,17.26311238963787,17.264554228688436
4.317144351100639,39659354493.14043,39662666427.65001,18.275194793894066,18.27672094703198,17.287085474318715,17.28852932242732
4.369211816627631,39660289431.580666,39663604334.49746,18.27562561739924,18.277153138391487,17.310500686757578,17.31194650112022
4.421907248408684,39661255341.33723,39664569210.41231,18.27607071261524,18.277597757208945,17.333371527958338,17.334819272420084
4.4752382201102385,39662249379.942986,39665561975.48335,18.276528769721438,18.278055227465074,17.355711217563343,17.35716083379372
4.529212396741896,39663264730.212616,39666583591.00903,18.27699664733061,18.27852599213018,17.377532609159367,17.378984080307486
4.583837535758073,39664318978.19888,39667635062.18304,18.277482449168698,18.279010514401676,17.398848311390516,17.400301612256353
4.639121488172954,39665403989.10479,39668717440.74425,18.277982426687554,18.279509278925193,17.419670684928935,17.42112574264131
4.695072199688863,39666514737.11148,39669831827.8894,18.278494263969037,18.28002279313675,17.440011725863048,17.441468504500037
4.75169771183828,39667663266.65591,39670979377.66984,18.279023511139577,18.28055158882799,17.459883184943056,17.461341658098306
4.8090061631396015,39668853134.914116,39672161300.56992,18.27957180736063,18.28109622379511,17.47929661940874,17.48075669798916
4.867005790266854,39670062321.181335,39673378867.37872,18.28012900540023,18.28165728362298,17.49826321106555,17.49972485994544
4.925704929233514,39671316923.31029,39674633413.44756,18.280707131257007,18.282235383647023,17.51679390063207,17.518257127772504
4.9851120165906035,39672608317.40429,39675926343.3432,18.28130221100364,18.282831171097413,17.534899463869568,17.53636424000819
5.0452355906392325,39673943103.93355,39677259136.00903,18.28191728616415,18.2834453274774,17.552590410695228,17.55405669651761
5.106084292657776,39675316458.74617,39678633350.41241,18.282550133749353,18.284078571165583,17.569877011349963,17.571344764990773
5.1676668681438365,39676733698.3898,39680050631.72359,18.283203203646433,18.284731660263237,17.586769295773887,17.588238487350765
5.229992168071196,39678255423.91279,39681512718.201454,18.28390442106943,18.28540539576726,17.603277417909066,17.604747686081502
5.293069150161929,39679709179.14012,39683021448.84052,18.284574317498702,18.28610062509393,17.61941067293029,17.62088197048491
5.356906880173848,39681261219.24564,39684578771.850334,18.285289504006872,18.28681824598628,17.63517811302662,17.636650742877876
5.4215145332034815,39682870241.47655,39686186754.10547,18.286030948114405,18.287559210868668,17.650589251203243,17.65206320474037
5.486901395004776,39684526672.69734,39687847591.699066,18.286794238480816,18.288324531709915,17.665653098410388,17.667128362827043
5.5530768633236836,39686244214.700554,39689563621.78888,18.287585688948848,18.28911528548199,17.680378475411135,17.68185503525639
5.620050449248863,39688018709.06271,39691337335.8854,18.28840338329974,18.289932620283246,17.694774045498306,17.69625185759291
5.687831778578659,39689848953.19957,39693171394.87907,18.289246767377694,18.29077776226302,17.70884823754873,17.710327288939734
5.756430593204574,39691750636.93175,39695068646.08978,18.29012307111703,18.291652023478107,17.722609360377355,17.72408961806215
5.825856752511429,39693708703.30973,39697032142.623215,18.29102535621305,18.292556810812247,17.736065528397,17.737546969564754
5.896120234794399,39695742005.93167,39699065165.45153,18.29196231048187,18.293493636151002,17.7492246856096,17.750707310148613
5.967231138693149,39697846464.02486,39701171248.72133,18.292932053486517,18.294464128043764,17.762094667698552,17.763578454978937
6.039199684643272,39700031413.473816,39703354208.93095,18.29393888724125,18.295470045148768,17.77468315383065,17.77616807419943
6.11203621634521,39702295362.336395,39705618178.69119,18.29498212425294,18.29651329179019,17.786997683702417,17.788483699636
6.1857512022509145,39704640225.07167,39707967645.991005,18.296062646712265,18.297595936051923,17.799045620799284,17.800532731740482
6.2603552370684294,39707083113.9451,39710407500.13698,18.297188340022007,18.29872023094669,17.810834258509818,17.81232244683516
6.335859043284609,39709612852.97834,39712943085.80906,18.298354054245074,18.299888639325143,17.8223707489076,17.82386000473172
6.412273472706223,39712247696.09034,39715580267.11438,18.299568200862904,18.30110386339214,17.833662114219624,17.835152456814807
6.489609508019627,39714996409.2317,39718325503.96321,18.300834819261837,18.30236887990108,17.84471535748501,17.846206754700983
6.567878264369249,39717852605.08584,39721185943.791565,18.302150966139944,18.303686982420082,17.85553732831662,17.85702975961063
6.647090990955133,39720835637.29847,39724169532.77841,18.30352555973732,18.30506183258132,17.866134785668457,17.867628252626247
6.727259072649714,39723946631.44021,39727285151.84117,18.304959118721563,18.306497522748323,17.876514439555006,17.878008946057953
6.808394031634124,39727208934.32136,39730542784.4622,18.30646240139955,18.307998653351106,17.88668297533144,17.88817849619923
6.89050752905422,39730614716.223114,39733953726.11632,18.30803179980443,18.309570429391243,17.89664700364697,17.89814351784108
6.973611366696582,39734190786.00538,39737530848.84185,18.30967966756987,18.3112187823573,17.906413083266315,17.907910601031553
7.057717488684729,39737942065.820435,39741288939.89249,18.31140827284403,18.312950526277024,17.915987790057308,17.91748633073338
7.142837983195795,39741896956.29783,39745245141.65841,18.313230702754616,18.314773560434794,17.925377726758864,17.92687731026914
7.228985084197899,39746061386.90204,39749419533.03778,18.31514968962342,18.316697137270044,17.934589526339497,17.93609018979049
7.3161711732084855,39750477969.074165,39753835912.43061,18.31718486897897,18.318732223184057,17.943629930788262,17.945131701527057
7.404408781073854,39755161381.03793,39758522875.61087,18.319343004607546,18.320891995227896,17.95250583417396,17.95400870436765
7.493710589770156,39760144778.03623,39763515338.435684,18.321639374582375,18.32319254277313,17.961224228942672,17.962728241595517
7.58408943422613,39765476731.22835,39768856753.34167,18.324096360694814,18.3256538888825,17.96979238849614,17.97129761768931
7.67555830416779,39771213079.46797,39774602453.55592,18.326739693719883,18.328301531336212,17.978217984090385,17.979724503695383
7.768130345985381,39777414514.00687,39780824924.8496,18.329597340437747,18.3311688718778,17.986509141490043,17.988017087198074
7.861818864622859,39784191378.01094,39787622581.89342,18.332720147436223,18.3343012603951,17.994674729185284,17.996184295535134
7.956637325490131,39791674276.5794,39795135442.4816,18.336168298085905,18.337763217667554,18.002724721468095,18.004236147417327
8.052599356398389,39800062860.10517,39803575892.52903,18.34003379211468,18.341652612004307,18.010670661325783,18.012184350206223
8.149718749518765,39809689660.85419,39813297804.47775,18.344469861767823,18.346132509292165,18.0185267276117,18.020043429523508
8.24800946336461,39821168453.006836,39824988936.46538,18.349759336729516,18.35151983132919,18.026311938002824,18.027833263661343
8.3474856247977,39835956831.546234,39836699732.08068,18.35657388280439,18.356916214447278,18.03405619407637,18.035566285967345
8.448161531058608,39860722529.756424,39842933797.44415,18.36798601910319,18.35978889758424,18.041833212684445,18.043213874425415
8.550051651821585,39865901785.02644,39843651424.31343,18.370372641380744,18.360119583017553,18.04958879757812,18.050718044094534
8.653170631274223,39855759950.75486,39843123582.37582,18.365699242147468,18.35987635126672,18.057133048558935,18.058045421768195
8.757533290222188,39875805897.03685,39842606644.87083,18.374936497211582,18.359638144323597,18.06455361343115,18.065193498034404
8.863154628219347,39878686478.3201,39842103851.22686,18.37626388099641,18.359406454930213,18.071922957791113,18.072166657699967
8.970049825723585,39866610635.80052,39841584311.813,18.370699282753044,18.35916704901671,18.07906702622191,18.078969029638653
9.078234246278617,39872023243.11687,39841057809.75713,18.373193434619942,18.358924434688934,18.086006038921308,18.085604531021872
9.187723438722127,39872182894.97994,39840531905.47749,18.37326700285962,18.358682095818917,18.09281089905597,18.092077080815635
9.298533139420517,39858614241.7628,39839996831.8005,18.367014511264557,18.35843553165263,18.099380895807563,18.09839049252581
9.410679274530622,39859357166.37548,39839449329.643326,18.367356854002793,18.358183240391202,18.10572569484893,18.1045484184168
9.524177962288718,39878412186.08538,39838896250.961815,18.37613748599871,18.357928379444267,18.112028843216272,18.110554444167377
9.639045515327101,39854682801.833115,39838339692.535194,18.36520288746347,18.357671915016375,18.118155743150812,18.11641211919746
9.755298443018628,39866800874.12139,39837776282.57771,18.370786945359143,18.357412293374686,18.124075276845502,18.12212490169612
9.872953453849549,39857779555.92093,39837206048.931625,18.366629884571893,18.35714952734903,18.129870778569178,18.12769614977963
9.992027457820912,39868815473.81012,39836627766.312584,18.37171528123888,18.356883052323305,18.13554062772558,18.133129135427023
10.112537568878977,39865205263.65068,39836040403.548386,18.370051681446252,18.356612393129083,18.141116203032425,18.138427040787523
10.234501107374921,39885125601.32629,39835445533.61016,18.379231055544356,18.35633827459798,18.146649483972595,18.143592975662195
10.357935602554209,39878536259.60843,39834844806.61761,18.376194659591967,18.356061457111988,18.15212357326093,18.14862999377157
10.48285879507597,39868803557.58152,39834237020.53718,18.371709790191396,18.35578138676907,18.15737877260638,18.153541078840703
10.60928863956282,39871744232.85919,39833621915.10183,18.373064865537724,18.35549794363709,18.162472806334417,18.15832913595349
10.737243307181362,39867408035.48091,39832997880.53602,18.371066727828083,18.355210385924817,18.167438297537505,18.162996991115158
10.866741188253847,39878577869.35098,39832365428.72186,18.376213833533654,18.354918949509646,18.172323957067537,18.167547397454225
10.997800894901342,39852170421.274025,39831726093.87525,18.364045172097182,18.354624341364616,18.177009460439244,18.17198305407505
11.130441263718758,39874600203.7813,39831079307.74377,18.374380908766224,18.354326299636657,18.181563841168767,18.176306601339377
11.264681358482123,39862008556.84738,39830422358.46807,18.368578625712594,18.354023574689755,18.186062877381765,18.180520599079024
11.400540472888565,39859382929.817825,39829756755.839455,18.367368725903724,18.353716862241995,18.190372583880816,18.18462754005528
11.538038133329287,39892429886.232635,39829085603.52186,18.382596900278838,18.353407592474564,18.194747411933026,18.188629883206772
11.677194101695985,39857550744.48654,39828406762.76858,18.36652444731534,18.353094779844135,18.19900636870219,18.192530034311087
11.818028378221166,39860647089.58217,39827716530.27992,18.367951255958467,18.352776717854862,18.202992174956005,18.19633031020782
11.960561204352672,39850004103.939575,39827016355.79715,18.36304692409798,18.35245407455353,18.206841906400335,18.20003296071374
12.104813065662881,39832978422.604904,39826309039.40561,18.355201419629577,18.352128140231063,18.210449188753056,18.203640205585884
12.250804694792999,39861944589.49135,39825593319.17975,18.368549149290022,18.351798333386935,18.214037691764258,18.207154220254605
12.39855707443289,39844828544.82382,39824866506.5799,18.360662005023613,18.351463415130937,18.217604354427916,18.210577106999608
12.548091440336803,39854805514.2425,39824129689.333786,18.36525943384991,18.351123886692502,18.22104843332873,18.213910909679097
12.699429284375467,39888985532.30334,39823384951.86153,18.381009727723924,18.350780708581063,18.22465274474444,18.217157641076863
12.852592357625056,39872721175.45537,39822630735.32466,18.37351504473191,18.350433162477398,18.228267808131555,18.220319269039997
13.007602673493352,39877776429.32037,39821866875.562256,18.375844526648503,18.350081172735468,18.231736735344622,18.223397705434156
13.164482510883603,39869639734.418335,39821093427.151726,18.372095103940705,18.34972476450477,18.235106225353377,18.226394816238475
13.32325441739661,39866483184.88,39820309939.170975,18.370640552841046,18.34936372999854,18.238334403336225,18.229312421043655
13.483941212571365,39868890369.46178,39819516309.04185,18.371749793465334,18.348998021948333,18.241482191538356,18.232152293321086
13.646565991164776,39852539598.05329,39818712667.079865,18.364215290285962,18.348627700404087,18.244478676258773,18.234916164684467
13.811152126471006,39854347468.80974,39817899073.563736,18.365048364617564,18.348252793142475,18.247325378621305,18.237605726760556
13.977723273680795,39855076061.73188,39817074769.72494,18.36538410325345,18.34787295051982,18.250118447831326,18.240222627258856
14.146303373281274,39862509802.501465,39816239420.191444,18.368809601785834,18.34748801799531,18.252890118845176,18.24276846889301
14.316916654496875,39870816926.83703,39815393841.498085,18.37263755908241,18.347098371831567,18.255682076264534,18.245244819069704
14.489587638771654,39859029618.884964,39814537458.09427,18.367205918762675,18.3467037468125,18.25838823266536,18.247653209330835
14.664341143293623,39859953578.57678,39813670014.13297,18.36763168321511,18.346304025042745,18.260971392210305,18.249995130405498
14.84120228456165,39848628004.95426,39812792067.80637,18.362412811986633,18.34589946373956,18.263436172638364,18.25227203938178
15.020196481995317,39849150524.889275,39811901353.07239,18.362653591336628,18.34548901870137,18.265783975722545,18.25448534941179
15.201349461588306,39859244410.81706,39810998627.537155,18.367304895774513,18.34507303903623,18.268134419434872,18.25663643203248
15.384687259605924,39872027482.9499,39810085420.910164,18.37319538835256,18.3446522296406,18.27055414193865,18.25872663879753
15.570236226327143,39851754284.9012,39809160365.34937,18.363853414733217,18.344225960207204,18.27287456940301,18.26075729002862
15.758023029831811,39860964959.4012,39808223424.22103,18.368097731687488,18.34379421385506,18.27508060019404,18.262729667143738
15.948074659833509,39835271982.78794,39807274040.918526,18.356258301660368,18.343356734097533,18.27714325320887,18.26464501794644
16.14041843155869,39871307779.62776,39806312258.807945,18.372863746081173,18.342913540917895,18.279215515752004,18.266504557895644
16.335081989672556,39857729045.15773,39805338508.665085,18.36660660900303,18.34246483281942,18.28135964426135,18.26830947625472
16.532093312252265,39863284447.754944,39804352156.11952,18.369166561526715,18.34201031748159,18.28340980413748,18.27006093296505
16.731480714808132,39846013875.97382,39803352678.28608,18.361208210526414,18.34154975395675,18.285346696330027,18.271760054173523
16.933272854353273,39848926993.96667,39802340384.77133,18.36255058736177,18.341083284912884,18.28715998835491,18.273407938209644
17.13749873352231,39851677378.85681,39801315244.13673,18.363817976109466,18.340610895862987,18.288961229930464,18.275005658888777
17.34418770473983,39855311757.726166,39800276014.281525,18.365492712943716,18.340132014441892,18.29075467790389,18.27655425759428
17.553369474439055,39866649646.23982,39799223061.37856,18.37071725892503,18.339646809383556,18.292587616122837,18.278054746308523
17.765074107331372,39852206262.609825,39798156899.33355,18.36406168793315,18.339155517497858,18.29435933341999,18.279508117847058
17.979332030727445,39867388555.2033,39797076862.86318,18.371057751235483,18.3386578322195,18.296094078350976,18.280915340638966
18.196174038910378,39856126353.31,39795982611.000946,18.365868081962276,18.338153596429695,18.297808257160092,18.28227735468738
18.415631297561585,39866593850.16515,39794874022.588486,18.37069154786275,18.337642754298177,18.299478196993753,18.283595075209675
18.637735348240156,39857880373.05295,39793750980.41064,18.366676341523846,18.337125251811706,18.301117519920513,18.28486939443904
18.862518112916142,39861425197.304955,39792613179.18208,18.368309811219547,18.33660094829355,18.302690191642352,18.28610118115762
19.090011898558522,39844486985.22858,39791460603.867325,18.360504612947608,18.336069836815287,18.304151824103418,18.287291281825556
19.320249401778593,39865860416.03998,39790292965.70348,18.37035357838046,18.335531784313783,18.30560429168267,18.288440521181528
19.553263713529255,39857375657.31663,39789109809.97876,18.366443766422343,18.334986581255965,18.307091725333873,18.289549700360915
19.789088323861044,39874064791.38223,39787911055.23449,18.3741341885154,18.334434190105338,18.30858952741933,18.290619598604188
20.027757126735455,39869453601.96936,39786696699.69005,18.372009333337374,18.33387461004138,18.31011707606722,18.291650976238486
20.269304424896426,39935050348.53391,39785466460.143105,18.402236585813718,18.33330771056329,18.311943629601615,18.29264457401258
20.513764934800466,39848784331.24461,39784219860.95915,18.36248484778863,18.332733272496714,18.313609113811548,18.29360111097709
20.76117379160629,39844580542.95644,39782956778.71405,18.360547724736062,18.332151238967302,18.31474398292615,18.294521285888507
21.011566554224647,39855546624.92234,39781677026.48772,18.365600940720384,18.331561523841497,18.315889374227506,18.29540577925239
21.264979210429043,39866389304.59516,39780380317.067535,18.370597292417003,18.330963994770546,18.317126671243958,18.296255252860508
21.52144818202804,39858088603.0234,39779066562.89346,18.366772294756583,18.33035861140641,18.318347903845257,18.297070350786395
21.78101033010006,39879882959.694855,39777735472.41514,18.376815224568954,18.329745239401483,18.31961484494111,18.29785169976822
22.043702960291224,39855361990.2489,39776386702.1986,18.365515860298224,18.329123720499965,18.32083537090754,18.29859990822775
22.309563828177094,39856051091.94504,39775020023.544655,18.36583340121362,18.328493949316325,18.321897715776725,18.299315567052847
22.578631144689147,39876433741.122574,39773635326.07461,18.37522581036641,18.327855874987605,18.32305055921531,18.29999925128515
22.85094358160664,39837197822.42174,39772232081.45,18.357145736539206,18.32720925405325,18.324071225848023,18.30065151884232
23.126540277114675,39844595280.40513,39770810043.48416,18.36055451581345,18.32655397306943,18.32489544229084,18.301272910205338
23.405460841429427,39862374569.806915,39769369224.900116,18.368747286000136,18.32589003789896,18.325837902000174,18.30186395178432
23.687745362491093,39828102619.49336,39767909151.97806,18.35295462936335,18.325217230249795,18.326666302580133,18.30242515498541
23.9734344117255,39862077609.912544,39766429560.0566,18.368610445650994,18.324535428164875,18.327475688909896,18.30295701507496
24.26256904987534,39867952764.44152,39764930282.002,18.371317741189046,18.32384455462827,18.32848250749597,18.303460013231714
24.555190832901552,39874235222.41792,39763410977.43131,18.374212723842458,18.323144452790117,18.32953185007346,18.303934616458434
24.851341817956033,39859485839.5908,39761871335.56943,18.367416147153293,18.32243497944396,18.330509425812657,18.304381277140276
25.15106456942623,39834848505.798965,39760310999.69712,18.35606316171008,18.321715970212097,18.33124851969325,18.304800433299466
25.454402165052805,39865776942.81042,39758729712.174164,18.370315113570584,18.320987306372846,18.332006262079542,18.305192509230388
25.76139820212097,39837589471.7745,39757127387.17204,18.357326210182915,18.320248948376072,18.332759079860505,18.305557917305862
26.072096803726463,39876269718.03401,39755503670.3632,18.37515022784792,18.319500732946167,18.333553526207,18.30589705771745
26.38654262511724,39804463946.47286,39753857647.64312,18.34206183093937,18.318742238859993,18.334144715364413,18.306210314233205
26.70478086011153,39872471324.148254,39752189362.00879,18.373399912214868,18.31797348593073,18.334705738821167,18.306498056805292
27.02685724759327,39839916571.52307,39750499005.45132,18.358398547384404,18.317194562628682,18.335443703263504,18.30676064790865
27.35281807808605,39825500511.95639,39748785728.77535,18.35175556743406,18.31640507764111,18.33590838087095,18.306998437809018
27.68271020040616,39840148566.58591,39747048963.41055,18.358505451670133,18.31560476896845,18.336364266788397,18.307211760743822
28.016581028395926,39847680501.05989,39745288728.59523,18.361976198268156,18.314793645475792,18.33693019163215,18.30740094005245
28.354478547738374,39826056467.886894,39743504805.825165,18.35201175422925,18.313971606475487,18.337404831063097,18.307566290318288
28.696451322853907,39841312586.95528,39741696678.13843,18.359041837076962,18.313138413749343,18.337834672019948,18.307708114647276
29.042548503880234,39861358783.21644,39739864016.250534,18.368279207332513,18.312293915561696,18.338447188546652,18.30782670435102
29.39281983373656,39842500932.737946,39738006439.10321,18.359589431734975,18.311437936319326,18.339050407269596,18.307922339960218
29.747315655272857,39870350075.657196,39736123559.54011,18.372422432125347,18.310570297618977,18.339689943118856,18.307995291165728
30.10608691850536,39850198319.81648,39734215009.20694,18.363136419578375,18.309690829721468,18.340354773875948,18.30804581714546
30.469185187939466,40030155437.55142,39732280446.33626,18.446061404696895,18.308799375138946,18.341882720693,18.308074167061545
30.8366626499808,39884543969.31947,39730319482.96673,18.37896303710687,18.30789575509722,18.34355129556523,18.30808058018816
31.208572120435743,39818285345.9209,39728331615.090385,18.348430789044347,18.306979737347337,18.34402641332092,18.30806528525793
31.58496705210235,39836455722.45355,39726316610.62768,18.356803773800568,18.306051214946073,18.344230540897083,18.308028501575237
31.965901542452947,39876759727.07015,39724274114.921486,18.375376026041074,18.30511002446596,18.344749746983844,18.307970440041966
32.35143034140928,39807629198.51152,39722203259.11127,18.343520392187216,18.304155765532464,18.345095717910244,18.307891299867798
32.74160885921138,39850119005.39106,39720103837.52556,18.36309987116267,18.30318834337132,18.345291722340697,18.307791269699006
33.13649317438156,39846949438.48467,39717975708.6332,18.361639321605907,18.302207692764384,18.345696224035617,18.30767053181932
33.53614004178425,39828189394.95057,39715818247.15931,18.352994615853397,18.3012135255824,18.345970926448633,18.30752925999231
33.94060690078302,39844552135.68994,39713631004.51663,18.360534634550014,18.30020563511451,18.34622718387988,18.30736761800874
34.34995188349621,39844054841.28139,39711413541.12688,18.36030547922708,18.299183818801207,18.34656342217324,18.307185760930988
34.764233823151955,39852299224.45701,39709165396.571365,18.36410452513732,18.298147864479663,18.346934268955955,18.306983835234277
35.1835122625439,39812853146.20799,39706886092.28022,18.345927608919972,18.297097551622898,18.347124450542616,18.306761978797418
35.60784746258914,39866421944.9879,39704575159.04651,18.370612333245152,18.29603266401841,18.347390260643248,18.306520321059313
36.03730041098919,39836636871.533714,39702232115.24164,18.35688724804691,18.294952979729747,18.34777687262321,18.30625898320159
36.4719328309954,39840138912.359055,39699856466.19859,18.35850100296242,18.293858270812308,18.348011944681176,18.30597807820517
36.91180719028024,39831381344.880486,39697447710.82358,18.3544654796001,18.29274830635999,18.34821235831261,18.305677710938575
37.356986709915475,39838445446.522125,39695005364.057076,18.35772064689152,18.291622862855363,18.348399297455117,18.30535797840324
37.807535373458514,39826927397.69813,39692528905.69408,18.352413082293094,18.290481700585797,18.348556887184255,18.30501896981397
38.26351793614863,39836099898.33343,39690017817.13248,18.35663980857242,18.289324580577304,18.348698616827885,18.30466076660146
38.724999934213855,41174476584.46768,39687471576.45575,18.97336932823569,18.288151262328583,18.356236262624957,18.30428344258729
39.19204769429011,39771019213.58895,39684889564.476715,18.326650359519963,18.286961460515617,18.3631503634785,18.303887063611974
39.66472834295417,39799893917.68033,39682271231.01604,18.33995594274566,18.28575492161349,18.36244417437551,18.30347168757529
40.143109816371364,39865859455.06746,39679616080.99008,18.370353135560343,18.28453141748561,18.36227362826085,18.303037365301318
40.62726087005974,39814309672.64189,39676923527.72675,18.346598782332705,18.28329067779105,18.36218196796955,18.302584140502166
41.11725108877194,39817963303.58975,39674192991.968895,18.34828239060446,18.28203243560571,18.36183283780353,18.302112049490145
41.61315089649633,39812298375.344986,39671423895.792946,18.345671968208794,18.280756424620026,18.361480695310213,18.30162112140069
42.11503156657874,39818035538.34157,39668615598.18607,18.34831567667725,18.279462349452622,18.361137663082395,18.30111137802317
42.62296523196612,39815203907.72414,39665767495.771675,18.347010849561947,18.278149932065066,18.36081833777909,18.30058283383927
43.13702489557402,39843031256.69608,39662878983.072075,18.359833807211146,18.276818893450734,18.360644023589117,18.30003549638884
43.65728444077888,39834432231.343544,39659949406.912926,18.35587134071708,18.275468932624182,18.360577607791242,18.299469366160984
44.18381864203688,39807927243.91077,39656978122.04281,18.3436577327415,18.274099752250887,18.360320559541197,18.298884436545865
44.71670317563108,39815141083.00012,39653964475.69825,18.346981899668943,18.27271105153474,18.359965401119027,18.298280694004582
45.25601463054789,39753553420.647156,39650907788.17755,18.31860204980034,18.27130251726637,18.359319598864165,18.297658118044698
45.80183051948482,39833068466.96459,39647807382.90755,18.355242912443426,18.269873837678077,18.358791572788032,18.297016681255933
46.35422928999115,39816312631.170715,39644662596.6396,18.34752175391775,18.26842470714213,18.358615486389585,18.296356349564274
46.91329033574276,39792721486.65671,39641472704.299835,18.3366508568264,18.26695479154149,18.358223108604548,18.295677082122598
47.479094007952895,39768787559.04202,39638236922.88498,18.325622003862666,18.265463730065008,18.357580593597536,18.294978830817563
48.05172162692088,39827471053.91929,39634954568.39518,18.35266360133128,18.263951207522712,18.357145689450565,18.29426154067115
48.631255493719785,39839960297.08766,39631624942.55608,18.35841869630565,18.262416902146896,18.3571080836589,18.293525150462052
49.21777890202509,39832381757.05413,39628247246.382576,18.354926473672776,18.260860445761907,18.357097517946244,18.292769592243115
49.811376150086275,39790587810.52816,39624820707.155945,18.335667650030054,18.25928148229576,18.35681657652302,18.291994791098464
50.41213255284251,39793853176.24247,39621344549.35222,18.337172344074244,18.2576796543838,18.356333451891047,18.29120066543573
51.02013445418457,39806263946.307106,39617817965.90922,18.34289127831743,18.256054590128432,18.355947642925504,18.29038712695585
51.6354692393646,39838032636.78677,39614240133.05398,18.357530422455877,18.254405909931663,18.355812767513182,18.289554080548974
52.2582253475557,39849707588.999,39610610239.59511,18.36291028878539,18.252733239993137,18.355917573168632,18.288701424434365
52.8884922845628,39910826146.1405,39606927445.22332,18.39107397302982,18.251036193094862,18.356418866960055,18.287829050226737
53.526360635686835,39769732739.4374,39603190859.700226,18.326057546903183,18.249314359011294,18.356465114124294,18.28693684266058
54.171922078744295,39786968700.89533,39599399605.07957,18.33399994932323,18.247567333181163,18.35583935325646,18.286024679549758
54.825269397243595,39862305945.549866,39595552780.2356,18.368715663658293,18.245794700361998,18.35573564242553,18.285092431890874
55.48649649372027,39856250736.354324,39591649482.62571,18.365925398184217,18.24399604465842,18.356009911042978,18.284139963891224
56.15569840323338,39816725966.50796,39587688829.60951,18.347712220552918,18.242170959346087,18.356027782042368,18.28316713323127
56.83297130702432,39814385522.045425,39583669873.40599,18.346633734051974,18.24031900768358,18.355817919289922,18.282173790969555
57.51841254634043,39848630119.949684,39579591640.81706,18.362413786585282,18.238439741217196,18.355788378830155,18.281159781206522
58.21212063642555,39815856641.89234,39575453146.55112,18.347311632169863,18.236532705920474,18.3557653757164,18.28012494104509
58.91419528067912,39788546021.86758,39571253376.90155,18.334726785359486,18.23459743467322,18.355415119024745,18.279069100534763
59.6247373849859,39806462120.425804,39566991331.39158,18.342982597772036,18.23263346645158,18.355023359071826,18.277992082757212
60.34384907221895,39765556700.868835,39562665988.23721,18.324133211036333,18.23064033041327,18.354513465606004,18.276893703946136
61.07163369691718,39772877809.038666,39558276287.57472,18.327506808000294,18.228617538168685,18.353833905820558,18.275773773324776
61.808195860139854,39847628964.73204,39553821149.45715,18.361952450114853,18.226564592073803,18.35362065506513,18.274632092955116
62.553641424500675,39976245335.36076,39549299484.33402,18.421219406346584,18.224480990059245,18.354524328664247,18.273468457745814
63.308077529382736,39793781349.87462,39544710186.20011,18.33713924618648,18.222366222473227,18.35510247946813,18.272282655479252
64.07161260633724,39771184889.087524,39540052113.57935,18.326726703475828,18.220219763318852,18.35455281307733,18.271074466696263
64.84435639466776,39799057553.18412,39535324099.93772,18.33957054252213,18.218041075052405,18.354046621496945,18.269843664537667
65.62641995720267,39759638520.79989,39530524958.94167,18.321406089151278,18.21582961100648,18.353487193279765,18.26859001467486
66.41791569625771,39791017894.12823,39525653519.59714,18.335865834334093,18.21358483158216,18.352899449856963,18.26731327546363
67.21895736979077,39797375451.98022,39520708562.95807,18.33879542332119,18.211306175084058,18.35253080463995,18.266013197937358
68.02966010775216,39731968499.686386,39515688815.27207,18.308655628830802,18.208993054561795,18.35184621591907,18.26468952541935
68.85014042863149,39791228470.05449,39510593007.72143,18.335962868592983,18.20664488533891,18.35114837128406,18.263341993435247
69.68051625620426,39804355536.77002,39505419836.63664,18.342011875299338,18.204261066679106,18.350860684960658,18.261970329733142
70.52090693648064,39785824780.6891,39500167972.48576,18.333472826154818,18.20184098592855,18.35054928181668,18.260574254136717
71.37143325485853,39788151280.36893,39494836101.349976,18.334544886842142,18.199384037628008,18.35015748565888,18.259153478678417
72.23221745348323,39775299322.01892,39489422869.5517,18.32862265120994,18.19688959799725,18.34971702055166,18.257707707650404
73.10338324881701,39849001002.95088,39483926856.153336,18.362584691008195,18.194357012262344,18.349621979458714,18.256236637202864
73.98505584942022,39899704690.541046,39478346634.27856,18.385949160231696,18.191785622912764,18.35020752136801,18.254739955139364
74.87736197394675,39873760245.53362,39472680762.178535,18.373993852527125,18.18917476558469,18.350911834544508,18.253217341000674
75.78042986935695,39775789654.37912,39466927748.31319,18.32884859839216,18.186523752970267,18.350920697331055,18.251668465906455
76.69438932934987,39669833091.990204,39461086067.35649,18.28002337563964,18.183831882192948,18.34981592444578,18.25009299229902
77.61937171301778,39749612685.89993,39455154199.02439,18.31678614290884,18.181098452699544,18.348600512310966,18.248490573993323
78.55550996372601,39745609391.04919,39449130580.46109,18.314941408062552,18.178322744319637,18.347824789433684,18.24686085617492
79.50293862822011,39844628434.25959,39443013591.566086,18.36056979324689,18.175504010504195,18.34758947223038,18.245203475059093
80.4617938759637,39754290047.515335,39436801614.35592,18.31894149051183,18.17264150567975,18.34740091889752,18.243518057804362
81.43221351870939,39806788257.20573,39430492989.98717,18.343132882950872,18.169734465444378,18.34701495053419,18.24180422251419
82.41433703030589,39742013082.384,39424086003.78696,18.313284214136043,18.166782099669717,18.346567273767665,18.240061577923225
83.40830556674398,39700519002.61769,39417578933.875854,18.294163570338025,18.1637836149066,18.345550879690023,18.238289723276754
84.41426198644395,39750747628.24529,39410970029.55422,18.31730912904178,18.16073820442537,18.344609245691625,18.23648824835818
85.4323508707883,39768667256.42301,39404257488.63347,18.32556656791761,18.157645037770077,18.344060860148044,18.23465673327405
86.46271854490156,39743449805.89522,39397439471.4926,18.313946262279995,18.154503267235736,18.343484219228753,18.232794748198398
87.50551309868081,39716594597.69237,39390514109.93319,18.301571271123176,18.15131203194878,18.342636940612916,18.23090185324802
88.56088440808018,39718514221.397896,39383479494.1655,18.30245584167653,18.14807045187019,18.341674562740803,18.22897759833732
89.62898415665175,39694903828.6806,39376333644.122055,18.29157607493339,18.14477761457667,18.340615747937456,18.227021522808393
90.70996585734608,39714516804.21944,39369074558.976456,18.30061381528597,18.141432598079135,18.33956161216869,18.225033155186225
91.80398487457624,39606164511.10402,39361700267.786545,18.250684629893108,18.138034494159267,18.338043867980282,18.223012013486425
92.91119844654749,39701025315.95795,39354208740.99144,18.29439688162204,18.13458236758701,18.336495085854168,18.22095760530445
94.03176570785615,39765753855.880974,39346597845.39714,18.324224060882415,18.13107523537774,18.335853151594268,18.218869427175353
95.16584771236167,39663440799.34704,39338865406.37286,18.277077780716915,18.12751209545258,18.33501580005833,18.216746964045953
96.31360745633391,39661919644.130135,39331009229.96694,18.276376826093323,18.12389193682952,18.333634791472214,18.214589689218453
97.47520990187972,39745304624.593994,39323027086.83649,18.314800970417853,18.12021373221812,18.332736144520158,18.212397064327185
98.65082200065248,39732701435.79853,39314916698.32384,18.308993368826627,18.116476431603495,18.33224201952988,18.21016853915213
99.84061271784705,39762129612.47046,39306675725.71472,18.322553994509573,18.112678957296424,18.331852818019325,18.20790355130247
101.04475305648423,39765665684.85339,39298301790.71696,18.32418343130776,18.108820213370016,18.33165193008412,18.205601525961697
102.26341608198875,39618921393.755264,39289792475.2251,18.256563054249575,18.104899085551274,18.330669162628247,18.203261875748645
103.49677694706244,39765440584.63117,39281145304.34117,18.32407970419314,18.10091443339696,18.329718045527745,18.20088400048725
104.74501291685849,39703164623.0085,39272357754.54715,18.295382683170562,18.096865094059513,18.32924248356552,18.198467286934594
106.00830339445916,39769150424.37172,39263427248.944916,18.325789213709346,18.092749880093614,18.328802635910044,18.196011108533487
107.28682994666,39674961537.24287,39254351148.91766,18.282386584450776,18.088567575613705,18.328214017699942,18.19351482509938
108.58077633006585,39619583386.14679,39245126761.491776,18.256868103085136,18.084316939686396,18.32682418256047,18.190977782509847
109.89032851750162,39665529330.86025,39235751360.37343,18.278040184687555,18.0799967160242,18.32541910343073,18.188399312556893
111.21567472474072,39710711944.34343,39226222153.53195,18.298860520097833,18.07560561804782,18.32454472592406,18.18577873273887
112.5570054375567,39744510643.66467,39216536277.72038,18.314435100717464,18.071142326361205,18.32412182185534,18.183115345851387
113.91451343910114,39661633105.82688,39206690822.23166,18.276244788056527,18.066605499698476,18.323437215911053,18.18040843968859
115.28839383761098,39646250652.62565,39196682815.437805,18.269156489917204,18.061993768721162,18.322234672278782,18.177657286806536
116.67884409445062,39605763841.26918,39186509209.9781,18.250499999573897,18.057305729192823,18.320754827584036,18.174861144137765
118.08606405249265,39662874390.013435,39176166902.51309,18.27681677695029,18.05253995108178,18.31940397939801,18.17201925264315
119.51025596483952,39807228409.70273,39165652752.45672,18.343335707044318,18.04769498719298,18.31918771186456,18.169130837182017
120.95162452389278,39716834413.949425,39154963520.69638,18.301681779447595,18.042769344929916,18.319263435352255,18.16619510615048
122.410376890773,39854032251.09448,39144095884.76782,18.364903110988948,18.0377614932873,18.319600296816688,18.163211250879144
123.88672272509324,39607457135.77774,39133046508.1146,18.251280276695976,18.03266989476611,18.319319569480136,18.160178445507828
125.38087421509283,39691756538.41304,39121811960.68101,18.29012579054405,18.02749296878246,18.31817051500376,18.157095846802896
126.89304610813464,39691198378.52855,39110388710.156845,18.289868588157738,18.022229087633196,18.317503020229765,18.15396259350006
128.42345574156886,39582505561.38428,39098773180.37947,18.239782487882145,18.016876603407752,18.316251439963906,18.15077780593592
129.97232307397022,39625684961.43366,39086961709.44629,18.259679734246117,18.01143382868625,18.314676867139408,18.14754058577508
131.53987071675215,39638513799.46713,39074950547.89751,18.265591315940707,18.005899035702093,18.31344433435899,18.144250015506522
133.12632396616075,39618404768.16237,39062735876.60872,18.25632499103684,18.000270464586933,18.31220018482414,18.140905158040265
134.731910835656,39481198689.793846,39050313804.3303,18.193099861905583,17.99454632223683,18.310122953857544,18.13750505639717
136.3568620886835,39567184668.747986,39037680355.2445,18.232722557106094,17.988724776578497,18.307822647098156,18.13404873332443
138.00141127184006,39648052402.74076,39024831456.72231,18.269986743831936,17.98280395092763,18.306487465179018,18.130535190785345
139.66579474844085,39571263707.052475,39011762949.989265,18.234602194849547,17.976781928903716,18.30520102358502,18.126963409453477
141.35025173249107,39542470173.15831,38998470587.10784,18.221334015186876,17.970656753039567,18.30337029538418,18.123332348259893
143.05502432306622,39597825379.772385,38984950033.491875,18.24684192364019,17.96442642593992,18.301730684297656,18.119640943948767
144.78035753910876,39524235564.25339,38971196870.247,18.212931431887505,17.958088911359955,18.300026163334753,18.11588811066986
146.5264993546428,39613350364.14935,38957206569.23186,18.253995900735564,17.951642122713377,18.298452094477387,18.112072739456455
148.2937007344144,39449814020.848816,38942974501.116005,18.17863767648067,17.94508392678555,18.29650081116448,18.108193697624625
150.0822156699622,39535644862.461464,38928495950.62023,18.218188883751736,17.938412150756285,18.294179750374624,18.104249828314106
151.8923012161215,39571833443.53314,38913766093.92799,18.234864731779318,17.93162457179094,18.292578115164666,18.100239949998702
153.72421752796987,39536483022.6209,38898779997.03885,18.218575111424325,17.92471891628168,18.291016660017103,18.096162855876695
155.57822789821867,39403573049.981476,38883532626.40578,18.157329645604737,17.91769286474919,18.28857053390581,18.09201731332519
157.45459879505376,39428608154.72636,38868018838.2074,18.168865925550424,17.910544046899275,18.28559867906748,18.087802063366137
159.35359990043426,39455713099.182724,38852233369.55176,18.18135599620711,17.903270037569534,18.28298191413938,18.083515820038585
161.2755041488532,39553042859.62323,38836170840.3294,18.226205952895157,17.89586835758324,18.281108686749974,18.07915726974816
163.22058776656405,39523160913.69513,38819825758.35843,18.21243622845975,17.888336476120234,18.27964385027116,18.07472507067033
165.189130311282,39362837636.4833,38803192510.31239,18.138558598364977,17.88067180653644,18.277171188999738,18.070217852145877
167.1814147123639,39506928196.39132,38786265352.93175,18.204956125100715,17.872871702314075,18.274678461396352,18.065634213993235
169.1977273114714,39464924891.63307,38769038423.832825,18.18560082831753,17.864933462042465,18.27279595929691,18.060972725848725
171.23835790372596,39286853441.44591,38751505740.04901,18.10354476661424,17.856854328745822,18.269752296597037,18.05623192657314
173.30359977936027,39378220854.70813,38733661175.403656,18.145647249030343,17.84863147945657,18.266316273846694,18.05141032354016
175.3937497658705,39473581134.49643,38715498452.83705,18.189589660877537,17.840262021679603,18.263981066048515,18.046506391776756
177.5091082706783,39331406690.34221,38697011170.678635,18.124075088216465,17.831743005498613,18.261437869820487,18.041518573226558
179.64997932430765,39340134503.8387,38678192795.24994,18.12809690082062,17.8230714201675,18.258231427207626,18.036445276132653
181.81667062408056,39396452838.41023,38659036631.180824,18.154048622625385,17.81424418043198,18.255457571459623,18.031284874231826
184.00949357834142,39393065349.404625,38639535829.56082,18.152487653662806,17.805258130285747,18.25303641004106,18.026035705851587
186.22876335121506,39372451956.03766,38619683394.326,18.142988916631936,17.796110045913565,18.250541034523607,18.02069607310796
188.4747989079024,39301808709.63756,38599472177.27635,18.110436216132026,17.78679663339527,18.247605005032014,18.015264241129476
190.74792306052458,39348176787.22654,38578894867.59424,18.131802818311687,17.777314523875813,18.244609854597183,18.00973843721502
193.04846251451977,39319499898.973236,38557943975.600586,18.118588389443396,17.76766026608006,18.241779778955618,18.00411684986556
195.37674791559772,39284053157.76687,38536611843.32088,18.102254384297975,17.757830331181644,18.238666503717308,17.99839762780863
197.73311389726268,39368640741.87308,38514890662.03035,18.141232693361307,17.747821120887853,18.23589915710765,17.992578879199716
200.11789912890913,39314535378.10323,38492772433.9122,18.116300717666658,17.737628949771583,18.233359227250826,17.986658670727106
202.53144636449608,39180066834.92926,38470248967.26305,18.054337056090155,17.727250043061986,18.22984748680767,17.980635026503634
204.97410249181,39180175437.686584,38447311901.13288,18.054387100690494,17.716680547998678,18.225689926941495,17.97450592709398
207.44621858232193,39302190854.90748,38423952670.35721,18.110612310255004,17.70591651771839,18.222301486646753,17.96826930850665
209.94814994164432,39293742193.759056,38400162503.989365,18.10671913220891,17.69495391053257,18.219608975531965,17.961923061011515
212.48025616059775,39249152804.20737,38375932444.68936,18.086172156843013,17.683788598861856,18.216689556811346,17.955465028083353
215.04290116689413,39233049034.76608,38351253327.49008,18.078751473193048,17.67241635945145,18.213508934444402,17.948893005358983
217.63645327744084,39222698603.85026,38326115783.9229,18.073981951762228,17.660832875272206,18.21025945107477,17.942204739526566
220.26128525127794,39160379409.582855,38300510223.070694,18.04526500895792,17.6490337267898,18.206688576228387,17.935397927159574
222.91777434315375,39151901558.42638,38274426814.72564,18.041358380035227,17.637014384203752,18.20281760808334,17.92847021338304
225.60630235774448,39107117103.820854,38247855510.63391,18.020721517884688,17.62477021723709,18.19874642253426,17.921419190596783
228.32725570452996,39220406852.209015,38220786028.52585,18.07292590311499,17.612296487777368,18.19515080840436,17.91424239725635
231.08102545333108,39022488046.43031,38193207843.51888,17.981724097760182,17.59958834591511,18.191168238729244,17.90693731654903
233.86800739051486,39221116408.39868,38165110198.40783,18.07325286954571,17.58664083468562,18.18729687148411,17.89950137511113
236.68860207588085,39137165595.8956,38136482073.62869,18.034567987474194,17.573448876228177,18.18413396103798,17.89193194166647
239.54321490022994,39045118653.02751,38107312179.91974,17.992152375001538,17.560007268404213,18.18008501275911,17.884226325493888
242.4322561436301,39162664112.19159,38077588963.7378,18.046317809381787,17.546310687293193,18.176278036327393,17.876381774921
245.35614103438468,39152366136.67186,38047300586.98782,18.041572459614727,17.53235367785189,18.173142496076167,17.868395475771674
248.31528980870976,39101170358.582634,38016434948.0388,18.017981233051334,17.518130663598626,18.16974423210443,17.860264549855724
251.31012777113347,39100415621.78998,37984979683.88726,18.017633447211647,17.503635947610185,18.166144550492913,17.851986053620355
254.3410853556237,39042224697.777275,37952922114.69709,17.990818828437334,17.48886368696559,18.162306509479585,17.84355697654063
257.408598187451,38952523960.74449,37920249239.58626,17.949484357330057,17.473807890804554,18.15775108056861,17.83497423922411
260.5131071457995,38913985932.935455,37886947753.01943,17.93172587451601,17.45846242788129,18.152605243041787,17.826234691627512
263.6550584271334,38963469366.65793,37853004029.93381,17.95452804570378,17.442821019710436,18.147643946679466,17.817335111322887
266.8349036093247,38944512251.43288,37818404122.60036,17.945792528499936,17.426877239120696,18.14296458503958,17.80827220170694
270.05309971655794,38996652739.153496,37783133738.5357,17.969819081173853,17.410624500076526,18.138579548164167,17.79904259011446
273.31010928501604,38858969148.98862,37747178236.514984,17.906373912629288,17.394056055840895,18.133825240838657,17.78964282583466
276.6064004293574,38846468341.7377,37710522630.76237,17.90061348887779,17.377165000906224,18.12836786536673,17.780069378175956
279.9424469099964,38920532825.02927,37673151563.281525,17.93474270950584,17.359944258244205,18.12337867108949,17.770318634447317
283.3187282011958,38825114293.93238,37635049295.42001,17.89077345521441,17.34238657541861,18.11838557026859,17.760386897791058
286.7357295599775,38928843824.75865,37596199701.20239,17.93857245259994,17.324484521513185,18.11356264779838,17.750270384984546
290.1939420958668,38788557675.622406,37556586254.79918,17.873928014103253,17.30623048135725,18.108646455479754,17.739965224189003
293.69386284147885,38610231487.895676,37516192031.18767,17.791754568286773,17.287616655830256,18.10210630265568,17.729467452687313
297.2359948239523,38687034052.253586,37474999686.738716,17.82714550800956,17.268635052916068,18.09517526491438,17.71877301457238
300.8208471372484,38571637549.80928,37432991434.42588,17.773970321785377,17.24927747627924,18.088191476797306,17.707877758248788
304.44893501532135,38586798178.04437,37390149047.05328,17.780956402061644,17.229535526752425,18.080830267651724,17.69677743387686
308.1207799061689,38461563100.046555,37346453846.02348,17.723247559477368,17.209400597160567,18.073038008468505,17.685467690833104
311.836909546778,38633699674.58823,37301886667.738464,17.802568805904787,17.188863856838335,18.065696110112594,17.673944074985407
315.5978580389755,38587372062.039536,37256427867.99474,17.781220850183274,17.167916253655413,18.059207751835885,17.66220202587456
319.4041659261899,38360108691.319885,37210057324.002205,17.676496947777427,17.14654851494678,18.051373760180276,17.65023687399755
323.2563802711419,38365342968.796074,37162754401.565315,17.678908924515454,17.12475113238968,18.042521000806058,17.638043837985894
327.15505473447257,38495850283.62146,37114497915.2409,17.739047235664074,17.10251434364416,18.034623042216264,17.625618021454017
331.100749654316,38312761959.27678,37065266144.25417,17.65467937757235,17.07982813968725,18.026614918890775,17.612954409793463
335.0940321268354,38584773186.283806,37015036817.95012,17.780023277472168,17.056682258108886,18.019296811075275,17.600047867049582
339.13547608772984,38527743865.76482,36963787069.28366,17.75374393039837,17.033066161679994,18.013314824415577,17.58689313253781
343.2256623947215,38150922085.25369,36911493443.433556,17.580102893386186,17.00896904232181,18.00509586225905,17.57348481733513
347.36517891104063,37900984251.35683,36858131903.81555,17.46493050444528,16.98437982387677,17.99365452016908,17.559817400934357
351.5546205899174,38392718860.51982,36803677770.023026,17.691523848795036,16.95928713351129,17.9838283923913,17.545885227669526
355.79458956008955,37940293892.280235,36748105700.38598,17.483044549777954,16.933679293678885,17.97441874736143,17.53168250279353
360.08569521234466,38188770992.52392,36691389702.2158,17.597543826602056,16.907544326841,17.964141689698867,17.51720328861021
364.428554287106,38198434772.64731,36633503076.02866,17.601996936504058,16.880869929764916,17.95550939743411,17.5024415004475
368.82379096307136,37987966487.38652,36574418411.65612,17.50501227903206,16.853643471731495,17.94597829791629,17.487390902401845
373.2720369469261,38218994763.81385,36514107586.11008,17.611471065579817,16.825851993551353,17.936799682502475,17.472045103150737
377.7739315641329,38064406223.35547,36452541708.57237,17.54023602593061,16.79748218221584,17.928243164345766,17.456397551550715
382.3301218508199,38205850249.777336,36389691094.299805,17.605414019075695,16.768520358872355,17.919827300462924,17.440441531897893
386.94126264677766,38095712978.78671,36325525263.98854,17.554662308485707,16.73895247853146,17.91177348395055,17.424170159155715
391.60801668957356,38101774298.37943,36260012905.484856,17.55745538965611,16.708764112423047,17.903346165897258,17.40757637408205
396.33105470980524,37786220215.54532,36193121851.017555,17.412046761464758,16.67794043750493,17.893418574056838,17.390652938138977
401.11105552750286,37788706851.41064,36124819056.26401,17.41319261356954,16.646466226816393,17.882027669234876,17.373392428284603
405.94870614969005,37717160988.44637,36055070548.725945,17.38022398361881,16.614325825689544,17.870527243711507,17.35578723149131
410.84470186912574,37751840943.85901,35983841403.2135,17.396204650694948,16.581503140452252,17.859101521936513,17.33782953897904
415.7997463642362,37541037261.11206,35911095736.12353,17.299065440672326,16.54798163579158,17.8469770681682,17.31951134042085
420.81455180024926,37704732826.09631,35836796630.78064,17.37449703493847,16.513744300350627,17.834894971883916,17.30082441784462
425.88983893155137,37712880674.794846,35760906107.240074,17.378251597361885,16.478773632813557,17.824032063459438,17.281760339108438
431.02633720527984,37487205654.346924,35683385151.872696,17.274259613339172,16.443051655538493,17.81223146413426,17.262310451529082
436.22478486616023,37467120176.765976,35604193620.13453,17.265004142088785,16.406559869753323,17.799375651558407,17.242465875288122
441.48592906261183,37403604376.04976,35523290185.69064,17.23573579807729,16.36927923211176,17.786366646085305,17.222217496187266
446.81052595413337,37389214767.28878,35440632317.23803,17.229105006767757,16.33119014401324,17.773242197259183,17.201555958172005
452.1993408199794,37152690174.38525,35356176236.2528,17.12011349482557,16.29227243213266,17.75905177220814,17.180471655674665
457.65314816915196,37100897458.211006,35269876915.66748,17.09624719672047,16.252505347810846,17.743629768490667,17.158954725902277
463.17273185171797,37200074090.939285,35181687964.931046,17.141948199807278,16.211867514089768,17.72883673097989,17.136995040668847
468.7588851714661,36902941058.64116,35091561611.101425,17.005028067991013,16.17033691699988,17.713300627545603,17.114582197693608
474.41241099992544,37118488137.05394,34999448665.55996,17.104353054380535,16.127890890221988,17.69770402895049,17.091705511820162
480.1341218917604,36811786599.80902,34905298412.5857,16.963023715858217,16.084506063741856,17.681962274584585,17.068354005651017
485.9248402015522,40663936462.879265,34809058566.04191,18.738110325880005,16.040158343891132,17.68608286507679,17.044516399561715
491.7853982019932,36892323160.96628,34710675266.869194,17.000135296769948,15.994822912192207,17.69029600190014,17.020181101702676
497.7166382035078,36328100434.85672,34610093025.39019,16.740139127932213,15.94847419877194,17.670846510849223,16.99533619790752
503.71941267531,36816560968.86888,34507254561.61829,16.965223764893356,15.901085808775294,17.651478698491953,16.969969440650498
509.79458436792675,36354208319.25517,34402100767.895966,16.752169749185033,15.852630505148884,17.632681147160213,16.944068237193942
515.9430264371982,36070667401.35593,34294570719.966984,16.62151291997354,15.803080213743138,17.610263231625968,16.917619637874505
522.1656225697697,36134386398.17797,34184601553.238003,16.650874897592107,15.752405966293097,17.587187870804886,16.890610324047632
528.4632671101007,36448269739.09034,34072128322.586834,16.79551364098678,15.700577835817493,17.566728586214964,16.863026594876306
534.8368651890073,36212631462.23527,33957083933.144867,16.686930547150272,15.647564904723009,17.547163149795118,16.834854353292094
541.2873328537482,35813305908.67726,33839399104.70378,16.502919678321977,15.593335248402736,17.524589860399875,16.806079091717738
547.8155971996863,36056562109.958755,33719002285.46289,16.61501314328271,15.5378558954906,17.501720471886994,16.776685877461244
554.4225965035367,36169628156.41744,33595819477.192486,16.667114445737475,15.481092747295891,17.481333674264295,16.74665933702794
561.1092803582181,35783128206.00791,33469774200.091827,16.48901366795537,15.423010561609704,17.45992095403046,16.715983639662518
567.8766098093348,35695334133.60675,33340787341.642,16.44855779580652,15.363572883055689,17.436436314004364,16.684642480260447
574.7255574933044,35429279394.15642,33208776905.474426,16.325958670040755,15.302741927367629,17.411570702075807,16.652619060484884
581.6571077771479,35451213215.56517,33073658107.990612,16.33606586578164,15.240478625912218,17.385971056396777,16.619896069499124
588.6722568999686,34840396332.75029,32935343432.287292,16.054598916571162,15.176742650537992,17.357742709424265,16.58645566597574
595.7720131161401,35317013322.73829,32793742013.040874,16.274225999397654,15.111492130127537,17.32948617477332,16.55227945744684
602.9573968402125,35667944320.47438,32648759548.282543,16.435936456484193,15.044683609943082,17.306412259990697,16.517348476321438
610.229440793577,34466012928.535995,32500298439.964603,15.88208149345474,14.976272116400065,17.279188895304305,16.48164315676426
617.5891901528903,35115785581.016815,32348257364.53721,16.18149942265694,14.906210959187096,17.24965705420724,16.445143310526944
625.0377027002941,34662085922.20511,32192531213.03276,15.972432740945283,14.834451703656613,17.22185906107408,16.407828100692708
632.5760489754474,34681925045.95291,32033010925.80326,15.98157469132912,14.760944094671165,17.192366858971976,16.369676014810533
640.2053124293863,34507790007.01836,31869583176.542583,15.901332544233112,14.685635910999563,17.16272478763373,16.330664836033996
647.9265895802449,33922859983.056934,31702130216.7192,15.631794366788972,14.608472893630843,17.12962808784314,16.290771612375043
655.7409901708554,34188213599.086357,31530529514.058033,15.75407041197878,14.529398579185196,17.095598877628536,16.24997262385698
663.6496373282415,33310733474.374016,31354653612.052216,15.349723936554877,14.448354235176419,17.058997110132726,16.20824334771257
671.6536677250424,33372779327.6196,31174370051.812935,15.378314922684329,14.365278823999985,17.018842085248455,16.16555842321525
679.7542317428836,33751405963.102757,30989540662.220207,15.552787644342173,14.280108675831592,16.982054234639527,16.12189161302143
687.9524936377117,33655510532.45072,30800021286.50083,15.508598632760721,14.192777362633143,16.947665754843815,16.077215760075706
696.249631707129,33301501963.761127,30605661802.03116,15.345470018233499,14.103215707277949,16.91162769141183,16.0315027441622
704.6468384597479,32289548539.682053,30406305557.159485,14.87915768955977,14.011351524036154,16.868965614984155,15.98472343650007
713.145320786579,34144296547.67764,30201788933.35439,15.733833252813556,13.91710941681088,16.83200858799667,15.936847649954702
721.746300134495,32567016421.743805,29991940860.00812,15.00701603870675,13.820410555557611,16.79732943979779,15.887844085388206
730.451012681785,33531762848.5754,29776582280.00477,15.451575187547919,13.721172430015795,16.76021147836918,15.837680273713673
739.2607095158205,32289450874.85265,29555525748.223354,14.879112685201918,13.619308664697408,16.722385563284988,15.786322514217693
748.176656812871,32678529444.203396,29328574906.285282,15.05840170127111,13.514728776848404,16.68085169909368,15.733735809281292
757.2001360200866,32083093074.634956,29095523809.855415,14.784022156260754,13.407337866466262,16.63914320075919,15.679883794103397
766.3324440396711,35565210793.99492,28856156083.22303,16.38859642202648,13.297036226727394,16.614313615796956,15.624728659796851
775.5748934152812,47890866574.82231,28610244671.203354,22.0683096507445,13.18371922966234,16.67665055284768,15.568231072356784
784.9288125206746,32038028532.20841,28357550644.4599,14.763256228482344,13.067276775643357,16.71733500731875,15.510350085642214
794.3955457506266,31064466211.03911,28097822257.038746,14.314634679020616,12.947592859092305,16.665693204841684,15.451043044761672
803.9764537141556,31110324793.278885,27830793964.898605,14.335766503633362,12.82454511621525,16.610244246166282,15.390265481244395
813.6729134300795,29735583536.971886,27556185331.14911,13.702280039435905,12.698004320531721,16.54880860184639,15.32797099935803
823.4863185249237,30849034643.016975,27273700337.759476,14.215362920297476,12.567834065707217,16.487483603313382,15.264111155399947
833.4180794332223,29094307363.342785,26983025389.681458,13.406777322875506,12.433889845844798,16.424017162881974,15.19863532515364
843.4696236002361,30416094344.39784,26683827714.120724,14.015862237734428,12.296018317862705,16.35979175538733,15.131490554865682
853.6423956871075,28788956393.382877,26375753966.087257,13.2660703313513,12.154056658926214,16.29532467374274,15.062621399410519
863.9378577784973,28795083285.610306,26058429454.62756,13.268893628663333,12.007832209892221,16.22358986138657,14.99196975247415
874.3574895927261,28988554577.0745,25731454397.72728,13.358046001003279,11.857160749552875,16.154650239154517,14.919474655997027
884.9027886944416,28900592731.807846,25394401193.42058,13.317512818423202,11.70184523715147,16.087910649291697,14.84507207882572
895.5752707098593,28881316925.7245,25046813361.117954,13.308630447152046,11.54167532454191,16.022169115714377,14.768694679988368
906.3764695445994,27844806029.396477,24688201532.9817,12.8310019335648,11.376425508997936,15.952188675997602,14.690271549821555
917.307937604142,27990525064.34897,24318039995.64242,12.89814986834512,11.205853539621767,15.879042370887591,14.609727916489199
928.3712460169497,26724420895.81181,23935763007.783173,12.314723824096722,11.029698720471616,15.801467061598236,14.526984820468739
939.5679848602816,29403504518.12838,23540759238.713158,13.549256652295805,10.847679347833429,15.733571679258837,14.441958746228972
950.8997633887208,25960878332.470314,23132367078.92342,11.96288024880836,10.65949054930552,15.662916655791395,14.354561206707
962.368210265473,25854201296.946056,22709868677.456207,11.913723029051338,10.46480153619368,15.574670369033235,14.264698279442005
973.9749737964391,26294253664.60495,22272481953.997314,12.116500982481508,10.263251922650248,15.490352458803166,14.172270077481828
985.7217221671224,25713000730.667778,21819349683.27665,11.848657223348676,10.054446695720697,15.407228010994793,14.077170129541402
997.6101436823909,24514444057.15018,21349529557.98097,11.296357344543429,9.837951636292654,15.31633739660651,13.97928466105112
1009.6419470091245,22901135343.641457,20861992020.203934,10.552938008074953,9.613292319819113,15.212237619192607,13.878491826412443
1021.8188614217956,24461473359.388897,20355596629.670784,11.27194822764458,9.379943226698495,15.110418845659146,13.77466081790577
1034.1426370510137,22262182220.019398,19829066481.809193,10.258505762578373,9.137315954015762,15.007401512669883,13.667650727006267
1046.6150451350566,20492001154.607815,19280975589.70087,9.442798996689003,8.884753401093443,14.885170975558724,13.557309224581621
1059.2378782744452,21101038574.423225,18709722383.303726,9.72344596197994,8.621517557823475,14.759575884454021,13.443471058368456
1072.0129506895892,19341363852.689487,18113498633.537983,8.912580562767817,8.34677518475738,14.630597949778618,13.32595627160624
1084.9420984815295,19554026663.926228,17490239682.72746,9.010576466897843,8.059574879087492,14.496295690939096,13.204568021957218
1098.027179895836,20614483416.56196,16837561423.651485,9.499239330239966,7.758818034333094,14.372152530915251,13.079089835983927
1111.270075589688,20297984369.213043,16152710929.557652,9.353395258486762,7.443236090445829,14.254966485967433,12.949282315618307
1124.6726889021647,19305194373.124107,15432451589.064363,8.895913516793444,7.111337603497102,14.133387725748841,12.814879024017781
1138.2369461278074,17305789381.270428,14672927206.417707,7.974579416301966,6.761345622513636,13.998323139950203,12.675581099370072
1151.9647967934795,16058803744.488281,13869505499.319805,7.399963270662899,6.391125572628642,13.848762225647588,12.531050399516468
1165.8582139385567,13846867335.545135,13016517293.02466,6.380693813008608,5.998065074641104,13.683832102539261,12.38090052764504
1179.919194398505,14862952892.3616,12106876082.269505,6.8489102455603525,5.578898637578206,13.516387373833412,12.224684566368396
1194.1497590918812,12929616505.863918,11131496088.399883,5.958020832030449,5.129439497008542,13.347806265698138,12.06187784252125
1208.5519533107824,10447545363.367298,10078429176.935833,4.8142721704309634,4.644181903082283,13.159099082301625,11.89185320322271
1223.1278470148095,16383777059.68943,8931383097.00492,7.5497123201373615,4.11561831912542,12.993993166684692,11.713844057801884
1237.879535128577,8991108664.371525,7667003382.887219,4.143140107912712,3.5329869106150857,12.824412624458398,11.526885329365756
1252.8091378427982,15755002642.970592,6249487360.286731,7.259970464935423,2.879789656964108,12.65588069969434,11.329711480735698
1267.918800919016,10633832661.74643,4615928924.256822,4.90011412900585,2.127039164496585,12.499919753516943,11.120547255312024
1283.210695998004,7310273192.157194,2642997229.134699,3.3686041613804303,1.2179040687743214,12.301615902720807,10.896640878413255
1298.6870209118815,0.0,0.0,0.0,0.0,12.049833542768845,10.652820637357822
1314.35,0.0,0.0,0.0,0.0,11.764351418630135,10.400436249405287
