R_kpc,Sigma_bar,Sigma_eff,kappa_bar,kappa_eff,kappa_bar_mean,kappa_eff_mean
1.0,40445504725.87253,40448893070.043816,19.285217421036407,19.28683305062203,0.0,0.0
1.0120606264911474,40445551300.650696,40448937356.77964,19.285239628812757,19.28685416741449,0.45690158318422297,0.45693984733970927
1.0242667116936537,40445605797.04506,40448982727.28921,19.285265613772545,19.28687580097173,0.902978921227408,0.9030544782906015
1.0366200099307066,40445638362.935074,40449029208.11931,19.285281141833664,19.28689796395178,1.3384883797329128,1.338600373998474
1.0491222966837304,40445686788.26279,40449076826.75982,19.285304231988675,19.28692066946236,1.7636802976699155,1.7638279394169643
1.0617753688475675,40445736551.43354,40449125611.27946,19.28532796005374,19.286943930887194,2.1787992126861533,2.178981647271999
1.0745810449887383,40445787880.88386,40449175590.55289,19.285352434951903,19.286967761994287,2.5840837886613404,2.584300178614726
1.0875411656068144,40445839705.03094,40449226794.20268,19.28537714573128,19.286992176908274,2.9797670302942945,2.9800165600454207
1.1006575933989453,40445891280.14931,40449279252.35663,19.28540173776884,19.28701718999468,3.3660764117430664,3.3663582976846245
1.113932213527575,40445949104.69797,40449332995.85595,19.28542930965849,19.287042815959207,3.7432340506457358,3.7435475079700686
1.127366933891388,40446001496.84495,40449388056.432076,19.285454291271467,19.28706906993203,4.1114567723829145,4.111801045356989
1.1409636853995222,40446055348.07927,40449444466.63307,19.285479968606175,19.287095967432712,4.470956238925135,4.471330626993546
1.1547244222490889,40446114516.331856,40449502259.89211,19.285508181200463,19.287123524402855,4.821939158205844,4.822342954442417
1.1686511222060412,40446176988.85768,40449561470.41621,19.28553796933765,19.287151757153033,5.1646073511010835,5.165039832518382
1.1827457868894284,40446231879.37102,40449622133.16139,19.28556414222117,19.28718068235098,5.499157783830337,5.499618285309637
1.19701044205908,40446295053.748436,40449684284.11266,19.28559426501509,19.287210317155054,5.8257827851630655,5.826270669451818
1.2114471379067577,40446360078.7307,40449747960.258125,19.28562527021404,19.28724067920191,6.144670179779763,6.145184784719792
1.2260579493508208,40446428223.903595,40449813199.47181,19.285657763181664,19.287271786550647,6.456003313552571,6.456543981998496
1.2408449763344431,40446492334.2363,40449880040.49875,19.285688332257596,19.287303657675658,6.759961155033427,6.760527268695022
1.2558103441274293,40446564321.258575,40449948522.96925,19.285722657095068,19.287336311473457,7.056718460200892,7.057309411653326
1.2709562036316695,40446629646.239296,40450018687.615456,19.285753805339223,19.287369767365934,7.346445829016712,7.347061037631974
1.2862847316902777,40446702982.50711,40450090576.29435,19.285788773523677,19.28740404531133,7.629309821373471,7.629948731402747
1.3017981314004599,40446780055.090096,40450164231.91499,19.28582552325718,19.287439165769538,7.905473109153883,7.906135131524854
1.3174986324301545,40446852420.98604,40450239698.40814,19.285860028749116,19.28747514968761,8.175094438275819,8.175779023849463
1.3333884913384921,40446933373.18026,40450317020.75113,19.28589862835807,19.287512018511624,8.438328821812577,8.43903543280895
1.34946999190012,40447007385.025734,40450396245.11397,19.285933918671326,19.287549794256364,8.695327586708025,8.69605571054428
1.3657454454334392,40447090128.2868,40450477418.936,19.28597337229641,19.287588499541844,8.946238476575852,8.946987623922098
1.3822171911327976,40447177505.77378,40450560590.87344,19.286015035612163,19.287628157568314,9.191205799427099,9.191975439490305
1.3988875964046932,40447258430.288574,40450645810.78828,19.286053622023015,19.287668792110946,9.430370358354228,9.431160006420576
1.415759057208029,40447348483.1478,40450733129.75772,19.28609656100922,19.287710427524377,9.663869646859736,9.664678837485795
1.4328339983984741,40447433152.039696,40450822600.111275,19.28613693281321,19.287753088760347,9.891837905998178,9.892666188119241
1.4501148740769754,40447526187.5452,40450914275.65665,19.286181293984214,19.287796801475437,10.114406193067639,10.11525313360224
1.467604167942475,40447622083.050934,40451008211.69509,19.286227018859954,19.287841592038376,10.331702506297107,10.332567644424426
1.4853043936488803,40447718173.87655,40451104464.84568,19.28627283686808,19.287887487446262,10.543851765350272,10.5447346598577
1.5032180951663396,40447822463.71705,40451203093.0495,19.28632256432883,19.287934515326555,10.750975960838256,10.751876159786105
1.5213478471468749,40447916881.064514,40451304155.83735,19.286367584389442,19.28798270406471,10.953194135446818,10.954111234835485
1.5396962552944244,40448023279.21246,40451407714.38803,19.286418317132927,19.288032082831997,11.150622534240053,11.151556154843467
1.5582659567393489,40448129210.40637,40451513831.3775,19.28646882722348,19.288082681513554,11.343374700192921,11.344324435706747
1.5770596204174525,40448236720.9913,40451622571.089325,19.286520090398945,19.288134530761056,11.531561427983938,11.532526904644412
1.5960799474535783,40448347497.44762,40451733999.50194,19.28657291080654,19.288187662034325,11.715290908439522,11.716271763916197
1.615329671549826,40448462315.5216,40451848184.3174,19.286627658337466,19.288242107615044,11.894668783028468,11.895664653031758
1.6348115593784562,40448579327.3031,40451965195.012924,19.286683451871564,19.28829790063133,12.069798184239303,12.0708087094866
1.65452841097953,40448701200.32105,40452085102.83861,19.286741563339447,19.288355075056632,12.24077980594968,12.241804628059283
1.6744830601633456,40448835985.10648,40452207980.859344,19.286805831393703,19.288413665729742,12.407712017140755,12.408750718704043
1.6946783749177292,40448947065.415215,40452333904.20413,19.28685879668415,19.288473708473653,12.570690693394807,12.571742963073465
1.7151172578202367,40449079111.84262,40452462950.05246,19.28692175903508,19.288535240089075,12.729809487075961,12.730875069703343
1.7358026464553273,40449210561.72594,40452595197.47267,19.28698443694198,19.288598298277357,12.8851599600356,12.886238527889143
1.7567375138365704,40449346613.79811,40452730727.57237,19.287049309263647,19.288662921712213,13.036831413337708,13.037922660285979
1.7779248688339402,40449484838.86469,40452869623.65728,19.287115217712067,19.288729150115454,13.184911047729313,13.186014674264113
1.7993677566062685,40449626704.58057,40453011971.270195,19.28718286209415,19.28879702427559,13.329483992716483,13.330599712048926
1.8210692590389104,40449772171.96522,40453157858.22982,19.287252223823213,19.288866586066305,13.470633368953566,13.47176089967336
1.8430324951866892,40449922689.18018,40453307374.6963,19.287323993411352,19.288937878477753,13.608440335827757,13.60957939477123
1.8652606217221832,40450076377.811874,40453460613.2149,19.287397275193776,19.28901094563734,13.742984127372237,13.744134433238795
1.88775683338942,40450236014.9692,40453617668.78985,19.287473393350993,19.28908583284497,13.874342105657918,13.875503374791558
1.9105243634630407,40450393336.138374,40453778638.988266,19.287548407199207,19.289162586622577,14.002589768541114,14.00376174744269
1.9335664842130058,40450557544.37317,40453943624.02517,19.287626704936667,19.289241254754657,14.127800831091404,14.128983290928772
1.9568865073748998,40450730732.697334,40454112726.82764,19.287709284558527,19.289321886318888,14.250047325499988,14.251239999107574
1.9804877846259143,40450900899.57739,40454286053.09559,19.28779042349602,19.28940453171508,14.369399520942522,14.370602161351979
2.0043737080665673,40451084146.47707,40454463711.38842,19.287877799245834,19.2894892427065,14.485926045901481,14.487138402964153
2.0285477107082346,40451261469.637344,40454645813.179115,19.287962350439418,19.28957607244568,14.599693885345987,14.600915724632937
2.0530132669665586,40451445366.50087,40454832472.97129,19.288050036104863,19.289665075530205,14.710768401567897,14.711999540957436
2.0777738931608125,40451639517.40257,40455023808.488335,19.288142611098728,19.289756308092926,14.819213499388715,14.82045371805961
2.102833148019282,40451834444.1491,40455219940.68963,19.288235556030763,19.28984982780966,14.925091536416474,14.926340610306976
2.1281946331907466,40452043178.99719,40455420993.8113,19.28833508493901,19.28994569391866,15.028463413732617,15.02972109616553
2.153861993762124,40452243917.9975,40455627095.52139,19.28843080126872,19.290043967294576,15.12938853883784,15.130654613204404
2.1798389187823672,40452469292.618034,40455838376.93396,19.288538264349913,19.29014471045518,15.227924974763571,15.229199192272159
2.206129141792668,40452666949.87576,40456054972.79074,19.288632511243755,19.29024798764801,15.324129294652568,15.325411490864434
2.232736441363065,40452891369.20106,40456277021.79792,19.28873951882126,19.29035386501091,15.418056746956578,15.419346825704071
2.2596646416355184,40453123194.552444,40456504666.59127,19.28885005773864,19.290462410555445,15.509761467082216,15.51105920455098
2.2869176128735367,40453358416.91365,40456738053.59211,19.288962216417556,19.2905736940982,15.599296176416845,15.60060135725741
2.314499272018431,40453593518.256744,40456977333.20657,19.28907431739264,19.2906877873558,15.686712304784978,15.688024766087745
2.3424135832522777,40453832618.44147,40457222660.12507,19.289188325094585,19.29080476408769,15.77206006720449,15.773379695322822
2.3706645585676736,40454086081.11182,40457474193.64437,19.289309181114035,19.29092470024972,15.855388571029003,15.85671522016636
2.399256258344359,40454346445.91293,40457732097.76497,19.289433328206087,19.291047674040588,15.936745775966399,15.938079254968937
2.4281927919327986,40454615036.56237,40457996541.168175,19.28956139754548,19.291173765890864,16.0161784711087,16.017518580783662
2.4574783182447963,40454888296.79348,40458267697.13122,19.289691693433866,19.291303058422574,16.09373232425515,16.095078872268413
2.4871170463512398,40455163314.47291,40458545743.78625,19.289822827308406,19.29143563657265,16.169451884739054,16.17080472395174
2.5171132360870474,40455446358.20698,40458830864.57571,19.289957788164703,19.291571587810083,16.243380665709672,16.244739675880464
2.547471198663417,40455741037.69239,40459123248.32538,19.290098297177614,19.29171100217074,16.315561205118037,16.31692623866266
2.578195297287452,40456045192.86681,40459423089.34707,19.29024332438665,19.29185397230634,16.38603504110769,16.38740591791828
2.6092899477892684,40456355702.13876,40459730587.639915,19.29039138135519,19.29200059358043,16.45484269784398,16.456219238152276
2.6407596192566607,40456663671.12663,40460045949.139984,19.290538227065987,19.292150964187403,16.52202367133629,16.523405766064585
2.6726088346774195,40456988566.77459,40460369385.87538,19.29069314374344,19.292305185226464,16.587616582540683,16.589004133310237
2.7048421715894047,40457316849.244576,40460701116.18521,19.29084967532469,19.292463360806014,16.651659169774558,16.653052058722285
2.7374642627384485,40457660662.14835,40461041364.97541,19.291013612124253,19.292625598165657,16.71418827025021,16.715586370010953
2.770479796744201,40458007899.063644,40461390363.88523,19.291179181560295,19.29279200775558,16.775239847829454,16.776643024951046
2.803893518774003,40458364833.537674,40461748351.58082,19.291349374984346,19.29296270337652,16.83484898200199,16.836257132070003
2.837710231224885,40458736988.33918,40462115574.031395,19.29152682576188,19.293137802311477,16.893049987765988,16.89446297084907
2.8719347944137956,40459115218.38306,40462492284.69776,19.291707173335258,19.293317425415577,16.94987634617918,16.951294011448436
2.9065721272761507,40459498660.01405,40462878744.810555,19.291890005896555,19.293501697248757,17.00536068882052,17.006782933967692
2.941627208072808,40459895777.75327,40463275223.6169,19.292079359497023,19.29369074619338,17.059534917416702,17.060961647253
2.977105075105571,40460295674.60628,40463681998.853226,19.29227003823397,19.293884704679673,17.112430163490405,17.113861307262678
3.013010827441318,40460717181.98195,40464099357.14471,19.29247102129598,19.294083709376196,17.164076866825745,17.16551233500265
3.0493496256448713,40461144096.50661,40464527594.11518,19.292674582593683,19.294287901242246,17.21450475969178,17.215944434039816
3.086126692520694,40461587169.95755,40464967014.642296,19.292885848787364,19.294497425649524,17.263742840066936,17.26518660760255
3.123347313863546,40462035946.04541,40465417933.308754,19.293099834111228,19.294712432597287,17.311819419866634,17.31326717528014
3.161016839218183,40462500565.07649,40465880674.889565,19.293321373664096,19.29493307694469,17.358762139158866,17.360213789331727
3.1991406826482205,40462972953.28551,40466355574.77581,19.293546617714817,19.295159518612845,17.404597994224854,17.406053450614195
3.237724323514275,40463462658.52024,40466842979.32799,19.29378011886626,19.295391922753293,17.449353350678354,17.450812524136943
3.2767733072614837,40463965948.495964,40467343246.25936,19.29402009749116,19.2956304599308,17.49305398188329,17.49451675425233
3.3162932462165258,40464477436.61141,40467856745.1768,19.2942639851514,19.295875306381237,17.535724999023724,17.537191279491513
3.356289820394258,40465001888.43827,40468383858.08131,19.294514054165898,19.296126644250243,17.57739091519075,17.57886064705461
3.396768778314074,40465544864.58567,40468924979.84128,19.29477295594319,19.296384661818898,17.618075721069353,17.619548826963126
3.4377359378261105,40466102539.895905,40469480518.749344,19.295038866572348,19.296649553769203,17.657802848446888,17.659279225882813
3.4791971869474256,40466668310.35262,40470050897.16927,19.295308637127622,19.296921521492568,17.69659511496798,17.698074700625963
3.521158484708249,40467256011.616646,40470636552.11772,19.29558886472602,19.297200773367184,17.734474839225324,17.735957571340663
3.56362586200845,40467853632.02872,40471237935.83981,19.29587382197059,19.297487525032484,17.77146382047173,17.772949634394102
3.606605422484327,40468479949.75886,40471855516.59024,19.29617246266459,19.297781999761572,17.80758338075879,17.80907217495839
3.6501033433858567,40469110084.601776,40472489779.341125,19.296472923433534,19.298084428798763,17.842854301035928,17.84434597930654
3.6941258764645224,40469763504.8493,40473141226.479515,19.29678448714441,19.298395051692143,17.87729684084777,17.878791346825096
3.7386793488718437,40470438127.51444,40473810378.62882,19.297106160587795,19.29871411668526,17.910930877222807,17.91242810175075
3.7837701640687524,40471123991.9349,40474497775.55859,19.29743319432268,19.29904188115093,17.9437757479736,17.945275604638663
3.8294048027459335,40471824085.950645,40475203977.12046,19.29776701301033,19.29937861203749,17.975850293818734,17.97735276356954
3.875589823755259,40472553255.08939,40475929564.175705,19.298114695292274,19.2997245863111,18.007173010237146,18.00867804510167
3.922331865052462,40473294319.15567,40476675139.654465,19.298468049311165,19.300080091460785,18.037761940245435,18.039269484974746
3.9696376446511854,40474058722.10716,40477441329.66855,19.29883253177261,19.300445426029054,18.06763466795764,18.06914469857235
4.017513961588521,40474858530.70033,40478228784.68026,19.29921389634499,19.30082090016921,18.09680849370669,18.09832089114948
4.06596769690221,40475664211.070946,40479038180.81753,19.299598060697107,19.30120683627244,18.125300207880702,18.126814867831786
4.115005814619619,40476487690.21588,40479870221.19076,19.299990711857216,19.3016035695957,18.153126105027322,18.154643043392728
4.164635362758645,40477346222.21412,40480725637.28678,19.300400076911778,19.302011448926393,18.18030225865268,18.181821451814496
4.214863474340702,40478223292.770195,40481605190.562035,19.30081828151776,19.30243083734203,18.20684436448807,18.20836575563924
4.265697368415905,40479129514.3186,40482509674.11021,19.301250385894033,19.302862113005382,18.2327677139874,18.234291255117157
4.317144351100639,40480064296.58037,40483439914.42502,19.3016961085839,19.30330567000502,18.258087292552116,18.259612897157304
4.369211816627631,40481015618.719635,40484396773.36911,19.302149717814828,19.30376191929411,18.28281765893358,18.284345284087323
4.421907248408684,40482002401.69786,40485381150.221085,19.30262023547585,19.304231289666497,18.306973066982252,18.308502682228397
4.4752382201102385,40483018126.45997,40486393983.79251,19.303104553152437,19.304714228766123,18.330567502038434,18.33209903029057
4.529212396741896,40484048355.44284,40487436254.969246,19.303595786728646,19.305211204298786,18.35361449946611,18.355147947595444
4.583837535758073,40485126982.42602,40488508989.52419,19.30411009742962,19.305722705373316,18.37612738548432,18.377662742134383
4.639121488172954,40486236871.20743,40489613260.70302,19.304639314374935,19.3062492437345,18.398119263515138,18.39965641846619
4.695072199688863,40487367000.74385,40490750192.15555,19.305178182512975,19.306791355160808,18.419602767702006,18.421141685459002
4.75169771183828,40488540136.79965,40491920961.4657,19.305737557010932,19.30734960114758,18.44059030034518,18.442130963885088
4.8090061631396015,40489762167.03696,40493126803.79244,19.30632024522267,19.307924570643063,18.461094131185583,18.46263639387641
4.867005790266854,40490988219.330215,40494369015.87452,19.306904851230314,19.30851688195796,18.481126017355244,18.482669842246608
4.925704929233514,40492268742.71478,40495648960.33538,19.307515430132753,19.309127184818113,18.500697472166394,18.502242909686526
4.9851120165906035,40493585292.398506,40496968070.38628,19.308143187087904,19.309756162607023,18.519819914599115,18.521366937840142
5.0452355906392325,40494949530.71543,40498327855.15096,19.308793682927536,19.310404534904773,18.53850445580702,18.54005301626952
5.106084292657776,40496350396.652565,40499729905.50719,19.309461643541663,19.311073060273372,18.556761946327736,18.558311989317836
5.1676668681438365,40497796847.81635,40501175900.2189,19.310151340094386,19.31176253918071,18.574602968427204,18.576154462877437
5.229992168071196,40499407340.29653,40502667612.81495,19.310919254794566,19.31247381728045,18.59203857704394,18.593590811071095
5.293069150161929,40500838254.89211,40504206919.89584,19.311601543203963,19.313207789372875,18.609078277758915,18.610631182860768
5.356906880173848,40502417279.35721,40505795809.57836,19.312354453331526,19.31396540343142,18.625731283690936,18.627285508594415
5.4215145332034815,40504060555.03392,40507436390.8599,19.31313799970888,19.31474766506781,18.642007952983576,18.643563506498356
5.486901395004776,40505746995.347694,40509130904.68108,19.31394212783978,19.315555642806892,18.657917807734556,18.65947468913118
5.5530768633236836,40507501515.11377,40510881735.93133,19.314778717601428,19.31639047381116,18.67347016762682,18.675028369815163
5.620050449248863,40509313477.47597,40512691426.9829,19.315642697130194,19.31725337033405,18.688674210986676,18.690233669059563
5.687831778578659,40511177942.20159,40514562693.04905,19.316531710825316,19.318145627042995,18.703538810897363,18.705099520995045
5.756430593204574,40513123275.174065,40516498439.56985,19.317459284101623,19.319068629309346,18.71807276366698,18.719634679840606
5.825856752511429,40515116696.914,40518501782.00426,19.318409787054353,19.320023862645613,18.732284630203587,18.73384772642743
5.896120234794399,40517192428.61986,40520576068.34688,19.31939953702846,19.321012923441913,18.746182779003785,18.74774707480723
5.967231138693149,40519338986.854706,40522724904.91312,19.320423058493862,19.32203753126083,18.759775507183093,18.76134097897692
6.039199684643272,40521571212.571884,40524952186.127846,19.32148742791094,19.32309954304125,18.773070935139245,18.774637539758107
6.11203621634521,40523882180.07691,40527262128.99084,19.32258934297145,19.32420096953215,18.786077034854443,18.78764471187655
6.1857512022509145,40526271375.292404,40529659313.15545,19.323728558553118,19.325343994402928,18.79880154763498,18.800370311295243
6.2603552370684294,40528768025.36133,40532148727.7663,19.324919010736366,19.326530996576512,18.811252194570343,18.81282202286489
6.335859043284609,40531344846.55656,40534735826.66024,19.32614769009992,19.327764576550294,18.82343652288739,18.825007408369725
6.412273472706223,40534032395.06578,40537426593.738174,19.32742916643904,19.3290475875667,18.835361921447994,18.836933915064197
6.489609508019627,40536841848.93196,40540227620.859695,19.32876876966592,19.33038317275489,18.847035839132428,18.848608884816905
6.567878264369249,40539753690.3455,40543146201.4433,19.33015719330252,19.331774809761203,18.85846550019838,18.860039564007206
6.647090990955133,40542798662.25277,40546190443.96618,19.33160909619434,19.333226364868107,18.869658022853244,18.87123311435778
6.727259072649714,40545970480.91539,40549369410.764305,19.33312148213051,19.334742159176812,18.880620493562038,18.88219662493644
6.808394031634124,40549305856.78061,40552693289.2598,19.3347118553791,19.33632705025188,18.89136000421535,18.892937125625927
6.89050752905422,40552778447.14855,40556173605.66279,19.336367655219252,19.33798653401851,18.90188353511009,18.90346160245013
6.973611366696582,40556429066.84018,40559823494.96368,19.338108342965683,19.339726873500172,18.912197985184953,18.91377701527126
7.057717488684729,40560253319.15549,40563658046.500946,19.339931822184784,19.341555263592216,18.922310294102218,18.92389031854724
7.142837983195795,40564291104.02692,40567694752.84538,19.341857117954305,19.343480045098715,18.93222743914587,18.93380848608801
7.228985084197899,40568534984.0244,40571954103.12452,19.34388068396034,19.345510987641333,18.94195641405262,18.943538541117174
7.3161711732084855,40573046701.60985,40576460382.015564,19.34603196023115,19.34765967063497,18.951504355941527,18.953087593492523
7.404408781073854,40577828080.413445,40581242769.52055,19.34831181630971,19.349940007682328,18.960878589855806,18.962462886779946
7.493710589770156,40582911593.428894,40586336894.8943,19.35073573596234,19.352368987517504,18.970086462052592,18.971671859216478
7.58408943422613,40588352224.83637,40591787098.46529,19.353329936734763,19.354967752487006,18.979135639494572,18.980722224805724
7.67555830416779,40594208212.541916,40597649844.13911,19.356122187613614,19.35776322569893,18.988034247129296,18.98962208458152
7.768130345985381,40600531402.985794,40603999098.98278,19.3591372100081,19.36079067611528,18.996790838989096,18.998380084963046
7.861818864622859,40607448055.45037,40610935289.00022,19.362435206843823,19.364097988843024,19.005414774970113,19.007005653450527
7.956637325490131,40615086517.95701,40618601293.874725,19.366077376998486,19.36775329174399,19.013916631399532,19.015509369904645
8.052599356398389,40623646973.13314,40627213841.26164,19.37015917151221,19.37185992485517,19.022308592122997,19.023903597221228
8.149718749518765,40633469783.675026,40637134039.585236,19.374842882057294,19.376590071822726,19.030605610268235,19.03220367410992
8.24800946336461,40645179387.52553,40649063719.04229,19.380426253007954,19.382278379179795,19.038827743853275,19.0404305912718
8.3474856247977,40660271680.50504,40661013333.4133,19.387622557108116,19.387976191898524,19.047006581593475,19.048597477498102
8.448161531058608,40685542008.80106,40667374110.713356,19.399671949958886,19.391009136450204,19.05521997513228,19.05667410998306
8.550051651821585,40690828156.63758,40668106025.08313,19.402192489906103,19.391358127712653,19.063410695962116,19.064599264067226
8.653170631274223,40680476462.155334,40667567289.88092,19.39725659702705,19.391101248101993,19.071378222484746,19.072337705190545
8.757533290222188,40700937209.78362,40667039503.389496,19.40701268659208,19.390849589053403,19.079215126809615,19.079886785068094
8.863154628219347,40703877397.58171,40666526043.64522,19.408414626346055,19.390604761281505,19.086997944490008,19.087251132885903
8.970049825723585,40691551675.32763,40665995518.03712,19.402537477942236,19.390351796167856,19.094542843577077,19.09443510874274
9.078234246278617,40697076283.18364,40665457885.96494,19.405171720347944,19.390095442551434,19.101871179738822,19.101442849776454
9.187723438722127,40697239238.647705,40664920825.7358,19.405249420739512,19.389839361601094,19.109057838359135,19.108278494655533
9.298533139420517,40683389815.6658,40664374427.8808,19.3986457416614,19.38957882828587,19.115996451695967,19.114946070798126
9.410679274530622,40684148113.268364,40663815370.76442,19.399007312971598,19.389312258784187,19.122697228087382,19.12144943569468
9.524177962288718,40703597429.54667,40663250584.02597,19.408281132043946,19.38904295728526,19.129354023740156,19.127792376171165
9.639045515327101,40679377024.297134,40662682238.528015,19.396732363288837,19.388771958899344,19.13582468064004,19.133978640578636
9.755298443018628,40691745850.160675,40662106911.55613,19.40263006434704,19.38849763160843,19.142076332950918,19.140011881202707
9.872953453849549,40682537858.062035,40661524618.70953,19.39823951140829,19.388219982850543,19.14819699541673,19.145895644671615
9.992027457820912,40693802137.014046,40660934123.399826,19.4036105426305,19.387938422995845,19.154184956209967,19.151633386648648
10.112537568878977,40690117222.47231,40660334374.560905,19.401853502420543,19.38765245087521,19.160073356314474,19.15722846801105
10.234501107374921,40710449762.33434,40659726939.886086,19.411548459984278,19.38736281399585,19.165917094579644,19.162684173017613
10.357935602554209,40703724070.464836,40659113491.90107,19.408341516941054,19.38707030985113,19.171698324448347,19.168003726422622
10.48285879507597,40693789974.20853,40658492848.77227,19.403604743164017,19.3867743749194,19.177248377571505,19.173190279255135
10.60928863956282,40696791499.49782,40657864746.39239,19.4050359298482,19.386474883269074,19.18262822032882,19.178246899754562
10.737243307181362,40692365575.224884,40657227522.43418,19.402925561527393,19.386171042269606,19.187872307995146,19.183176572539708
10.866741188253847,40703766541.21823,40656581681.351845,19.408361767837135,19.385863092454745,19.193032087219933,19.187982205051696
10.997800894901342,40676812656.227776,40655928836.01341,19.395509621822253,19.385551802871902,19.197980475009437,19.192666647846085
11.130441263718758,40699706567.684135,40655268378.734505,19.40642589207395,19.385236883765135,19.202790382160902,19.19723268954612
11.264681358482123,40686854367.71735,40654597551.211754,19.400297708673147,19.384917019920785,19.207541842913617,19.20168303362245
11.400540472888565,40684174409.821526,40653917933.57761,19.39901985168878,19.38459296477729,19.212093346283975,19.206020312987846
11.538038133329287,40717905191.3758,40653232583.34213,19.415103356158923,19.384266176215984,19.21671363530289,19.21024712442172
11.677194101695985,40682304311.94017,40652539356.20558,19.398128151993475,19.38393563179229,19.22121155104888,19.21436600816316
11.818028378221166,40685464728.2498,40651834505.98596,19.39963510106199,19.38359954525247,19.2254209801443,19.218379410942667
11.960561204352672,40674601512.306725,40651119500.97485,19.39445530462296,19.383258616707018,19.229486697365274,19.222289708833518
12.104813065662881,40657223526.549,40650397255.411804,19.38616913695244,19.382914235723042,19.233296353500435,19.22609924641864
12.250804694792999,40686789076.71487,40649666409.673485,19.40026657663049,19.382565754005228,19.237086181157004,19.22981032136988
12.39855707443289,40669318857.778305,40648924257.311485,19.391936430354203,19.382211881065388,19.240852947265644,19.23342515391093
12.548091440336803,40679502275.93675,40648171954.08361,19.396792085750423,19.381853167991725,19.244490249763842,19.236945903036318
12.699429284375467,40714389565.049225,40647411511.31227,19.41342703592164,19.381490573822585,19.24829678991487,19.240374694507885
12.852592357625056,40697788657.50806,40646641357.28368,19.4055113945299,19.381123349133716,19.25211469108636,19.24371360608613
13.007602673493352,40702948517.36568,40645861360.5802,19.407971717868445,19.38075143126259,19.25577825297964,19.24696465673455
13.164482510883603,40694643453.6597,40645071570.42775,19.404011699064107,19.380374843681096,19.259336797414964,19.25012981712567
13.32325441739661,40691421587.12509,40644271532.80285,19.40247544931169,19.37999336990185,19.262746097446282,19.253211008939747
13.483941212571365,40693878582.446236,40643461113.95195,19.403646993326085,19.379606946148517,19.26607049706217,19.256210105019882
13.646565991164776,40677189472.20865,40642640480.137794,19.395689295142393,19.37921565169846,19.269235099398266,19.25912893403194
13.811152126471006,40679034752.385086,40641809714.031075,19.396569161264637,19.378819525970698,19.272241510908348,19.261969282720674
13.977723273680795,40679778421.738174,40640968033.336845,19.396923757535866,19.37841819595152,19.27519128116306,19.26473289151861
14.146303373281274,40687365985.4122,40640115076.394135,19.400541658119412,19.378011489193813,19.278118455576166,19.26742145317711
14.316916654496875,40695845005.1679,40639251640.405,19.404584622612354,19.377599785819296,19.28106705997317,19.27003662284255
14.489587638771654,40683813787.991554,40638377157.94469,19.398847900060414,19.37718281526862,19.283925048155346,19.27258001769958
14.664341143293623,40684756866.74708,40637491375.03831,19.399297578682766,19.37676045644152,19.286653134988462,19.2750532119899
14.84120228456165,40673196938.351776,40636594882.26531,19.393785575952524,19.376332990937982,19.289256197485393,19.277457744588474
15.020196481995317,40673730270.54626,40635685405.05289,19.394039879302127,19.375899334196646,19.29173571606208,19.279795108302775
15.201349461588306,40684033024.51216,40634763664.84773,19.398952436374035,19.375459830217583,19.29421802725658,19.28206675190177
15.384687259605924,40697080610.74955,40633831171.146904,19.405173783817048,19.37501519875888,19.296773512051256,19.28427410245841
15.570236226327143,40676387908.94054,40632886560.410995,19.39530709390626,19.374564789657953,19.299224128141848,19.286418553962843
15.758023029831811,40685789175.599625,40631929823.70192,19.399789803982017,19.37410859865294,19.301553925588895,19.288501459672716
15.948074659833509,40659564546.295105,40630960445.54903,19.38728538151649,19.373646379957226,19.303732295409414,19.29052413780539
16.14041843155869,40696346014.94478,40629978407.21075,19.404823513993303,19.373178124634467,19.30592081775949,19.292487872346697
16.335081989672556,40682486302.103355,40628984094.972305,19.398214928506448,19.372704016873108,19.30818524579491,19.294393918952267
16.532093312252265,40688156660.03589,40627976898.52596,19.4009186674343,19.372223765666327,19.31035043030851,19.296243502229917
16.731480714808132,40670528716.42879,40626956309.64807,19.392513314912364,19.371737128683034,19.312395988194925,19.298037811459885
16.933272854353273,40673502114.20331,40625922668.74096,19.393931089840613,19.37124426823379,19.31431100654736,19.299778006827054
17.13749873352231,40676309411.5155,40624875924.993286,19.39526966477986,19.370745160090756,19.316213300494653,19.301465222651927
17.34418770473983,40680018994.878914,40623814797.20884,19.3970384675724,19.370239193354198,19.318107365912475,19.303100558815604
17.553369474439055,40691591492.991615,40622739630.565636,19.402556463792763,19.369726532611832,19.32004314240216,19.304685083909146
17.765074107331372,40676849239.21149,40621650987.755325,19.395527065313182,19.369207446166183,19.321914262026002,19.30621984634209
17.979332030727445,40692345691.85104,40620548180.88215,19.402916080741083,19.368681606014928,19.323746335259262,19.307705868935756
18.196174038910378,40680850446.50637,40619430855.998085,19.39743492017002,19.368148843388646,19.325556689783493,19.309144144405597
18.415631297561585,40691534542.355,40618298891.2697,19.40252930860168,19.36760910019474,19.327320323036886,19.310535639268316
18.637735348240156,40682640761.3556,40617152141.69157,19.398288577736007,19.367062307291754,19.329051622147716,19.311881295634148
18.862518112916142,40686258936.99004,40615990318.56779,19.400013795513626,19.36650832702377,19.33071252879983,19.313182030838462
19.090011898558522,40668970230.45089,40614813451.254036,19.39177019794213,19.36594717338815,19.332256161710056,19.314438739029242
19.320249401778593,40690785931.62213,40613621216.259186,19.40217235618274,19.36537869213792,19.333790117242145,19.31565229149718
19.553263713529255,40682125601.77373,40612413133.10505,19.39804293944789,19.364802654171573,19.335361005026023,19.316823534344106
19.789088323861044,40699160076.247894,40611189209.36768,19.40616531413734,19.36421906310152,19.336942845781003,19.317953290971587
20.027757126735455,40694453469.65941,40609949394.14092,19.403921110931336,19.36362789465469,19.338556106006994,19.319042365026608
20.269304424896426,40761407578.87501,40608693109.36517,19.43584615580854,19.36302887320083,19.340485167573345,19.32009153754586
20.513764934800466,40673356499.42859,40607420061.50441,19.393861657833046,19.362421858776145,19.342244114953242,19.321101566148403
20.76117379160629,40669065724.12484,40606130385.52859,19.391815731216518,19.361806915736985,19.343442645826876,19.32207318962284
21.011566554224647,40680258722.07162,40604823704.03351,19.397152774244166,19.361183864129558,19.344652291815233,19.323007127867825
21.264979210429043,40691325764.21964,40603499691.76754,19.402429759053206,19.360552548867446,19.34595900751906,19.323904079759263
21.52144818202804,40682853300.130974,40602158288.99602,19.398389920432095,19.359912941467975,19.347248758339912,19.32476472544987
21.78101033010006,40705098637.1833,40600799123.438934,19.408996937567025,19.35926486442067,19.348586786780572,19.32558972652757
22.043702960291224,40680070266.83963,40599421918.34727,19.397062915058388,19.358608185766116,19.349875794811272,19.326379725243385
22.309563828177094,40680773627.793335,40598026479.336075,19.397398291486734,19.357942812817722,19.35099773879601,19.3271353459739
22.578631144689147,40701578045.55198,40596612530.43871,19.407318249774136,19.357268613989135,19.35221526610252,19.32785719564365
22.85094358160664,40661530236.42345,40595179680.020935,19.38822266148776,19.356585402541388,19.3532931941734,19.328545863023244
23.126540277114675,40669080766.52863,40593727709.24693,19.391822903732468,19.355893074129234,19.354163639504034,19.32920191949198
23.405460841429427,40687227954.41105,40592256483.38663,19.40047584220523,19.355191564510704,19.355158971091246,19.329825920897942
23.687745362491093,40652246830.73495,40590765688.921776,19.383796149856273,19.354480724194097,19.356033838633053,19.330418407382258
23.9734344117255,40686924849.66513,40589255039.52264,19.4003313158613,19.353760416651717,19.35688862541613,19.33097990290188
24.26256904987534,40692921576.00589,40587724220.89374,19.40319067370786,19.353030492021265,19.357951935194034,19.331510915606838
24.555190832901552,40699334033.932915,40586172861.04224,19.40624826060569,19.352290772929187,19.35906015884138,19.33201193772978
24.851341817956033,40684279449.05807,40584600712.82955,19.399069936476405,19.351541141534913,19.360092586052847,19.332483446348665
25.15106456942623,40659132306.4958,40583007532.37918,19.3870792810224,19.3507814815533,19.360873137792034,19.33292590446528
25.454402165052805,40690700731.120255,40581392973.14372,19.402131730896585,19.350011627743687,19.361673386788404,19.33333976077369
25.76139820212097,40661929989.9922,40579756892.597305,19.388413271903936,19.349231512146915,19.36246843585469,19.33372545058202
26.072096803726463,40701410628.41072,40578098893.14049,19.407238421966543,19.3484409451797,19.36330745291163,19.33408339582573
26.38654262511724,40628119013.76206,40576418251.30394,19.372291529024594,19.347639581877537,19.363931797528487,19.33441400210063
26.70478086011153,40697533636.145256,40574714859.90889,19.40538979529503,19.346827371135472,19.364524283299303,19.33471766072231
27.02685724759327,40664305243.32231,40572988785.98494,19.389545839718622,19.34600434491454,19.365303649568844,19.334994753514525
27.35281807808605,40649590879.00951,40571239450.96611,19.382529739489236,19.345170227343033,19.365794380270383,19.335245650343722
27.68271020040616,40664542038.94997,40569466137.84386,19.38965874856213,19.344324676537077,19.366275826580967,19.335470704991025
28.016581028395926,40672229828.204575,40567668770.10857,19.393324438686832,19.343467656015378,19.366873493521886,19.335670258395435
28.354478547738374,40650158339.07483,40565847291.513336,19.382800315683344,19.342599138958292,19.36737474882231,19.33584464266934
28.696451322853907,40665730145.84584,40564001157.473915,19.390225261453033,19.341718865697274,19.367828690455983,19.33599417864655
29.042548503880234,40686191148.626,40562129894.03795,19.399981472679528,19.340826610242452,19.368475569114864,19.336119173809077
29.39281983373656,40666943081.50935,40560233185.184845,19.390803613191927,19.339922221908953,19.36911262871674,19.33621992389741
29.747315655272857,40695368493.656,40558310913.034134,19.40435741248918,19.33900564448904,19.369788046249845,19.33629671520135
30.10608691850536,40674799747.001495,40556362765.29744,19.394549826850213,19.33807672907742,19.370490180381324,19.336349824791593
30.469185187939466,40858480632.8072,40554387382.945465,19.482132509842064,19.33713482766203,19.372103910649336,19.33637951369894
30.8366626499808,40709856094.88975,40552384556.07683,19.41126538759286,19.33617984015773,19.373866168606007,19.336386027946897
31.208572120435743,40642226412.93384,40550354809.437164,19.379018216257627,19.335212016773628,19.374367936688476,19.33636960953348
31.58496705210235,40660772780.52935,40548297516.79448,19.387861491520827,19.33423105890991,19.374583494572388,19.336330494111127
31.965901542452947,40701910776.97358,40546211910.54707,19.4074769027036,19.333236600558887,19.37513182900285,19.336268903871606
32.35143034140928,40631349762.87371,40544097453.82282,19.373832014165608,19.332228385729305,19.37549719887947,19.336185048382216
32.74160885921138,40674718791.359955,40541953918.249916,19.39451122559751,19.331206305528962,19.375704179792614,19.336079127933335
33.13649317438156,40671483638.09502,40539780927.8828,19.39296864046901,19.33017018069957,19.376131369535145,19.335951334651693
33.53614004178425,40652335401.79591,40537578067.8343,19.38383838229173,19.329119813414717,19.376421470235314,19.335801851643957
33.94060690078302,40669036729.04013,40535344849.37934,19.391801905786064,19.32805497064061,19.376692090679825,19.335630852572265
34.34995188349621,40668529144.352066,40533080679.60037,19.39155987935729,19.326975369662417,19.377047185039103,19.33543850087135
34.764233823151955,40676944124.674484,40530785127.84873,19.395572308580547,19.325880805138333,19.377438832465796,19.33522495032791
35.1835122625439,40636681807.265,40528457908.67966,19.376374438498832,19.324771140962643,19.377639667850378,19.33499034704532
35.60784746258914,40691359080.0247,40526098331.340935,19.402445644688665,19.323646047771017,19.377920380290707,19.334734828137872
36.03730041098919,40660957678.042305,40523705821.24465,19.38794965431573,19.32250525158856,19.37832868041605,19.33445852032823
36.4719328309954,40664532184.95274,40521280023.96027,19.389654049981157,19.321348583415773,19.378576929622668,19.334161542096776
36.91180719028024,40655593401.24574,40518820312.64659,19.38539186093351,19.320175744362366,19.37878857434469,19.33384400356511
37.356986709915475,40662803677.02305,40516326013.043,19.388829863178096,19.318986412927526,19.378985988356,19.333506004895128
37.807535373458514,40651047290.62737,40513799591.32086,19.383224185383668,19.317781765030585,19.379152405061276,19.333147654103424
38.26351793614863,40660409593.50792,40511240332.15207,19.387688316758382,19.316561459588943,19.379302071437543,19.332769066429126
38.724999934213855,42026480679.47025,40508638823.848,20.039058056954065,19.315321008923124,19.387263065435942,19.33237029688572
39.19204769429011,40593982224.73714,40505998880.00345,19.356014432154033,19.31406223143063,19.394565492016643,19.33195136801104
39.66472834295417,40623454419.51129,40503325819.07325,19.370067358133003,19.312787663056024,19.393819615737936,19.331512353441024
40.143109816371364,40690784950.764656,40500614824.753494,19.402171888490475,19.311495007290247,19.39363946875831,19.331053327560195
40.62726087005974,40638168472.91594,40497865510.20064,19.37708331011522,19.31018407967864,19.393542638943927,19.33057433375152
41.11725108877194,40641897706.73207,40495077550.020355,19.378861482632672,19.308854725066738,19.393173878290295,19.330075410349284
41.61315089649633,40636115556.78924,40492250227.00852,19.376104439060974,19.30750660147742,19.392801936604144,19.329556588877274
42.11503156657874,40641971436.20366,40489382940.06786,19.37889663830447,19.30613942229561,19.39243961736368,19.329017892670162
42.62296523196612,40639081211.98452,40486475109.70684,19.377518522174153,19.30475291120826,19.39210233707597,19.3284593378421
43.13702489557402,40667484379.211945,40483525920.02905,19.391061714653503,19.30334667917982,19.391918213284633,19.327880932235832
43.65728444077888,40658707418.26869,40480534652.9496,19.38687668590349,19.301920383813187,19.391848048724928,19.3272826748471
44.18381864203688,40631653975.58636,40477500744.962395,19.373977068810007,19.300473756417503,19.39157654477927,19.32666455746183
44.71670317563108,40639017087.25801,40474423565.94156,19.377487946234968,19.299006496536276,19.391201420472353,19.326026565316194
45.25601463054789,40576155020.349625,40471302801.82326,19.347514068146893,19.29751845441765,19.390519327978815,19.32536867867376
45.80183051948482,40657315434.15431,40468137386.188416,19.3862129603183,19.296009121571895,19.389961627274452,19.324690870442744
46.35422928999115,40640212877.72437,40464926254.34784,19.378058122804408,19.294477990334126,19.389775634251738,19.32399310213601
46.91329033574276,40616133572.74302,40461669161.39093,19.366576633450762,19.29292494392612,19.389361201658634,19.323275328808922
47.479094007952895,40591704391.611374,40458365607.07866,19.354928316221574,19.291349743824004,19.388682582611082,19.32253750236413
48.05172162692088,40651602196.47124,40455014563.9182,19.383488775476426,19.289751900098853,19.388223235795994,19.321779567196806
48.631255493719785,40664349873.679474,40451614929.36064,19.38956712035654,19.28813088703352,19.388183502992383,19.32100145698569
49.21777890202509,40656614514.47838,40448165995.05163,19.38587874793953,19.286486366870626,19.388172329394546,19.32020309676552
49.811376150086275,40613955745.457016,40444667291.73826,19.365538202282686,19.284818115861093,19.38787559407181,19.31938440670364
50.41213255284251,40617288679.84957,40441118176.71016,19.36712741138877,19.28312582754789,19.38736531972743,19.31854530257215
51.02013445418457,40629956260.147,40437517714.04342,19.373167564475995,19.281409055663968,19.386957827363418,19.31768569321202
51.6354692393646,40662382325.20983,40433865083.59171,19.388628954291345,19.279667409147322,19.386815363207777,19.31680547970896
52.2582253475557,40674298861.721825,40430159146.50983,19.394310994831994,19.277900344974004,19.386926042742335,19.315904554416257
52.8884922845628,40736682116.44505,40426398442.836754,19.424056565790337,19.2761071670057,19.387455480505523,19.314982797547696
53.526360635686835,40592669130.18051,40422583044.9036,19.355388322671892,19.27428790973132,19.387504313058113,19.31404008436904
54.171922078744295,40610261747.28927,40418712658.00408,19.36377683082,19.272442432629063,19.386843392785543,19.313076291832775
54.825269397243595,40687157910.1445,40414785265.49607,19.400442443712155,19.27056977412404,19.386733845132834,19.312091286692954
55.48649649372027,40680977403.35058,40410799764.10006,19.397495455706917,19.268669408150746,19.38702350740476,19.311084921268975
56.15569840323338,40640634766.015495,40406755868.06613,19.378259287494448,19.26674119845795,19.387042371087357,19.310057043560995
56.83297130702432,40638245891.83553,40402652699.45987,19.37712022498888,19.26478472642915,19.386820710021222,19.30900749857736
57.51841254634043,40673199097.1118,40398488753.902336,19.393786605292046,19.262799274746676,19.38678949977568,19.307936121521085
58.21212063642555,40639747452.87413,40394263123.620255,19.37783619902101,19.260784410566266,19.386765194313618,19.306842737895018
58.91419528067912,40611871707.02317,40389975065.35935,19.36454449149621,19.25873977948956,19.386395254468177,19.30572716801613
59.6247373849859,40630158534.98962,40385623269.27696,19.373264013125727,19.256664756957644,19.38598148046131,19.304589224842616
60.34384907221895,40588406678.80827,40381207021.753334,19.353355901466685,19.254559002702493,19.385442937898,19.30342871435495
61.07163369691718,40595879279.229095,40376725979.96271,19.356918985294982,19.252422353257995,19.384725199491587,19.302245441175657
61.808195860139854,40672177225.4597,40372178241.325165,19.39329935665661,19.250253901436377,19.384499961799072,19.301039201820437
62.553641424500675,40803454994.205666,40367561144.44937,19.45589519592166,19.24805237823356,19.385454383644788,19.299809771821288
63.308077529382736,40617215367.21243,40362874743.84346,19.367092454471887,19.245817809640098,19.386064999070925,19.298556917395583
64.07161260633724,40594151328.48095,40358118899.91432,19.356095064167114,19.243550129095237,19.385484450717495,19.297280409812256
64.84435639466776,40622600748.51761,40353291572.97766,19.369660310901654,19.24124836403712,19.384949819252288,19.295980013385638
65.62641995720267,40582366036.62026,40348391780.159454,19.350475603674678,19.238912045811954,19.38435896117287,19.294655480977145
66.41791569625771,40614394728.57491,40343418126.565285,19.365747518124586,19.23654050930646,19.38373819768287,19.293306557858937
67.21895736979077,40620883840.38394,40338369074.18155,19.368841655110998,19.234133021165306,19.383348838808104,19.29193297876716
68.02966010775216,40554123452.762726,40333244093.72894,19.33700898052543,19.231689329017637,19.382625790822626,19.290534473079884
68.85014042863149,40614609661.84986,40328041653.68995,19.365850002565477,19.229208702605582,19.381888742549066,19.289110764912643
69.68051625620426,40628008360.78818,40322759867.45781,19.372238767495862,19.226690242357684,19.38158489037221,19.287661565598366
70.52090693648064,40609094156.47978,40317397656.24869,19.36322010040528,19.224133433888454,19.38125598942837,19.286186576586772
71.37143325485853,40611468797.32418,40311953945.71925,19.36435237617465,19.22153776492972,19.380842180154183,19.284685494239316
72.23221745348323,40598350899.4395,40306427768.76149,19.358097502746126,19.21890277434523,19.380376968474824,19.283158010583954
73.10338324881701,40673577654.62064,40300817316.60585,19.3939671090072,19.216227599677854,19.380276582608378,19.281603809237414
73.98505584942022,40725330529.79114,40295120170.493,19.41864390452728,19.213511087615256,19.38089500661695,19.280022557412856
74.87736197394675,40698849228.57514,40289334549.80329,19.406017095812597,19.21075238912273,19.381638873141792,19.278413906509787
75.78042986935695,40598851378.01682,40283459827.96665,19.358336140840613,19.207951205439265,19.381648227641087,19.27677750262908
76.69438932934987,40490702306.27415,40277495582.26842,19.30676852222448,19.205107335006133,19.38048139636342,19.27511299433628
77.61937171301778,40572132741.83014,40271439877.29726,19.345596166112983,19.2022198549809,19.3791977116353,19.27342002515227
78.55550996372601,40568046608.68029,40265290491.64309,19.34364781692708,19.199287706151253,19.37837841259508,19.271698223554708
79.50293862822011,40669114606.42023,40259045308.69409,19.391839039262763,19.19630987927477,19.37812987265594,19.26994720232409
80.4617938759637,40576906889.891426,40252703026.3111,19.34787257443045,19.19328575346572,19.377930723332963,19.268166564132105
81.43221351870939,40630491420.36467,40246261873.84805,19.373422739463244,19.190214484445,19.37752307077785,19.266355903691814
82.41433703030589,40564375883.28991,40239720076.28105,19.341897542385418,19.18709522584608,19.377050243931198,19.26451480529087
83.40830556674398,40522023186.03012,40233076841.89241,19.321702937804307,19.183927600162278,19.375976756405677,19.262642848601338
84.41426198644395,40573291169.004105,40226329813.25776,19.346148527124864,19.180710483326994,19.374982228173124,19.26073960541311
85.4323508707883,40591581599.62681,40219476514.63736,19.354869766572214,19.1774426948585,19.374403036335828,19.258804630357687
86.46271854490156,40565842336.24559,40212515366.09799,19.342596776188522,19.174123481413353,19.37379400219952,19.25683746574059
87.50551309868081,40538431425.83934,40205444748.67392,19.32952671140689,19.170752071036638,19.372899129406026,19.2548376466411
88.56088440808018,40540390771.41612,40198262670.636826,19.33046096617036,19.167327514032863,19.371882692614797,19.252804698746196
89.62898415665175,40516291819.937485,40190966816.91939,19.318970108977837,19.163848706532093,19.370764402366415,19.250738134642905
90.70996585734608,40536310637.56249,40183555013.4441,19.32851547756767,19.160314611891124,19.369651054065905,19.248637453114426
91.80398487457624,40425716261.363205,40176026534.34791,19.27578188937282,19.15672488400409,19.368048057671476,19.2465021484878
92.91119844654749,40522539976.2744,40168378808.77983,19.321949353624547,19.15307829703833,19.36641228011099,19.244331708386905
94.03176570785615,40588607913.45643,40160607953.0506,19.353451854131105,19.14937299917392,19.36573428598612,19.242125596072707
95.16584771236167,40484177740.92321,40152713132.00739,19.30365748028735,19.145608592193458,19.36484989855839,19.239883260971997
96.31360745633391,40482625109.156235,40144692975.44404,19.30291715472079,19.141784422755514,19.36339131825708,19.237604153080856
97.47520990187972,40567735535.83605,40136544113.70366,19.343499491236116,19.137898884140967,19.362442192777234,19.235287708585822
98.65082200065248,40554871555.17741,40128264223.93555,19.33736569056819,19.133950868768615,19.361920310376426,19.232933344913278
99.84061271784705,40584908675.28014,40119850550.36041,19.351687984128606,19.12993906262833,19.361509244841116,19.23054046459128
101.04475305648423,40588517917.94721,40111300514.96213,19.353408942490518,19.125862236470986,19.361297070086927,19.228108454181875
102.26341608198875,40438737116.19236,40102613301.91153,19.28199049075114,19.12172000129308,19.36025909959251,19.22563669567058
103.49677694706244,40588288159.831856,40093785681.02401,19.35329938927221,19.117510816878642,19.359254557257366,19.223124562749693
104.74501291685849,40524723551.00045,40084814324.27077,19.32299052528583,19.113233096357643,19.358752280931373,19.220571406903435
106.00830339445916,40592074765.542816,40075696390.04765,19.355104917845,19.10888548479697,19.358287724974733,19.21797656014869
107.28682994666,40495936872.034424,40066429419.49997,19.30926446681649,19.10446680976602,19.357666042451324,19.215339340402124
108.58077633006585,40439412806.881355,40057012105.58909,19.28231267344944,19.099976448042895,19.356198140633875,19.2126590605081
109.89032851750162,40486309489.43758,40047441298.47121,19.304673940184813,19.09541289771971,19.35471413867798,19.20993502435443
111.21567472474072,40532427045.50906,40037713147.064865,19.326663703986586,19.090774322524577,19.353790646653316,19.20716651275363
112.5570054375567,40566925125.43248,40027824159.14482,19.343113071510633,19.08605905729536,19.353343986315657,19.204352782091565
113.91451343910114,40482332641.65052,40017771955.22615,19.302777700423594,19.081265967446534,19.35262092500004,19.201493073243824
115.28839383761098,40466631886.57382,40007554095.48313,19.29529126954875,19.076393889620896,19.3513508347404,19.198586617847774
116.67884409445062,40425307300.65576,39997168253.719315,19.275586888810626,19.071441714641914,19.349787868143853,19.195632638828314
118.08606405249265,40483599611.14744,39986610990.2092,19.303381816564052,19.066407802380375,19.348361143541926,19.192630344914964
119.51025596483952,40630940680.730446,39975877707.55783,19.37363695570041,19.061289960707338,19.3481327263308,19.189578918148126
120.95162452389278,40538676204.50151,39964965272.62819,19.329643426719308,19.056086695681042,19.348212700635386,19.186477516331916
122.410376890773,40678713012.01778,39953869528.40036,19.39641574908747,19.050796025152085,19.348568480468266,19.183325276011473
123.88672272509324,40427035633.71187,39942588718.1151,19.276410992230495,19.045417111462882,19.34827198307113,19.180121320866874
125.38087421509283,40513079404.27141,39931119663.598206,19.31743836558665,19.039948439197047,19.34705838673168,19.176864767417403
126.89304610813464,40512509694.64671,39919456926.32879,19.317166716758095,19.03438741516015,19.346353398202822,19.17355470436685
128.42345574156886,40401567748.11487,39907598545.14088,19.264267400147244,19.028733104229417,19.345031517549902,19.170190200330936
129.97232307397022,40445640639.19835,39895540758.633446,19.285282227201062,19.02298371289438,19.34336850266987,19.166770313607458
131.53987071675215,40458734938.34864,39883278212.48127,19.291525848285804,19.017136688106753,19.342066739453312,19.163294073262048
133.12632396616075,40438209800.308846,39870807167.07237,19.28173905609772,19.01119024674551,19.340752707044917,19.159760480052338
134.731910835656,40298164581.03735,39858125768.89514,19.214962722838123,19.00514350501962,19.338558801062078,19.156168526881725
136.3568620886835,40385929827.446945,39845229535.47235,19.25681092996254,18.998994325595195,19.336129289698892,19.152517194636584
138.00141127184006,40468470919.457375,39832112072.42299,19.296168156838053,18.99273965950476,19.33471911197207,19.148805426846785
139.66579474844085,40390093271.37422,39818770190.75009,19.258796142457772,18.986377986171433,19.333360412241248,19.145032138050084
141.35025173249107,40360703926.41402,39805200439.04503,19.24478272091041,18.979907659895243,19.331426854670486,19.141196230984466
143.05502432306622,40417204572.3057,39791397673.96541,19.271723347509965,18.973326228228704,19.329695148846245,19.137296585780554
144.78035753910876,40342091997.31595,39777357378.74297,19.235908184624762,18.966631537487288,19.327894887353754,19.133332054558128
146.5264993546428,40433050807.888794,39763074343.7361,19.279279146370584,18.95982110361072,19.32623240518875,19.129301461670575
148.2937007344144,40266130483.88632,39748545211.10326,19.199688231083567,18.95289332551369,19.324171521373962,19.12520361099499
150.0822156699622,40353737382.77031,39733765470.65901,19.2414609349727,18.94584605265047,19.321720090604344,19.121037290266298
151.8923012161215,40390674797.144135,39718727916.299,19.25907342545831,18.938675849007844,19.320028493863752,19.116801249671088
153.72421752796987,40354592886.584045,39703427746.10899,19.24186885612894,18.93138042493802,19.318379334039374,19.112494201262077
155.57822789821867,40218932670.33865,39687861613.803024,19.177183379129474,18.92395818486561,19.315795813436388,19.108114841631124
157.45459879505376,40244485814.74138,39672024847.580215,19.189367624299308,18.916406901183457,19.31265703521671,19.10366185291624
159.35359990043426,40272151629.076065,39655911301.75645,19.202559232320784,18.90872364350769,19.309893291490756,19.099133887327017
161.2755041488532,40371495388.51158,39639513757.098404,19.249928303695274,18.90090496956494,19.307914848059482,19.09452955347847
163.22058776656405,40340995109.51869,39622826694.60513,19.235385166806097,18.892948247786286,19.306367733910317,19.089847421057446
165.189130311282,40177354338.07161,39605847080.78439,19.157358007108314,18.884852031742557,19.303756187894,19.08508604541411
167.1814147123639,40324426496.223885,39588567078.78232,19.227484923950406,18.87661258466668,19.30112344849824,19.080243954562736
169.1977273114714,40281554036.818726,39570979304.94456,19.20704248648778,18.86822638588607,19.299135209541618,19.075319625436045
171.23835790372596,40099797837.79325,39553081209.780716,19.120377532259003,18.859692219753235,19.29592059040265,19.070311515108674
173.30359977936027,40193055874.00218,39534865823.67894,19.16484481030975,18.851006763019246,19.292291573316824,19.06521806329298
175.3937497658705,40290389399.24786,39516323882.8694,19.211255362222534,18.842165598535242,19.289825201351007,19.06003765489772
177.5091082706783,40145273006.13223,39497450717.1705,19.142060992871485,18.833166499466177,19.287139158770124,19.054768634547628
179.64997932430765,40154181420.17198,39478240869.654724,19.14630870106051,18.824006863840967,19.28375261686924,19.04940932885809
181.81667062408056,40211665123.57535,39458686031.34896,19.173718068944872,18.814682729776727,19.280822959227365,19.04395802623867
184.00949357834142,40208207538.85161,39438778699.05464,19.17206942409297,18.80519051959983,19.278265805936044,19.038412966364074
186.22876335121506,40187167602.22248,39418512191.97503,19.162037165745158,18.79552704777411,19.275630270142052,19.032772350525825
188.4747989079024,40115062568.32172,39397880039.91843,19.127656057996543,18.78568922918408,19.272529329919102,19.027034348355716
190.74792306052458,40162390118.75069,39376874173.29868,19.150222771064257,18.775673216091285,19.269365948094396,19.02119709067024
193.04846251451977,40133119833.12478,39355486907.4865,19.13626611936471,18.765475344312335,19.266376912941656,19.015258663597788
195.37674791559772,40096939609.15997,39333711320.209305,19.119014672257492,18.755092313170607,19.263088771571073,19.0092171161306
197.73311389726268,40183277524.39418,39311537770.612595,19.160182299618207,18.74451952571581,19.26016598883369,19.003070449837274
200.11789912890913,40128052583.75737,39288957510.51518,19.133849954541464,18.733752810641946,19.257483396324847,18.99681660979523
202.53144636449608,39990801546.20977,39265964697.97171,19.068405942448937,18.722789382393803,19.253774408976454,18.990453507454802
204.97410249181,39990912396.23291,39242551459.616776,19.068458797934657,18.71162548679488,19.249383328094485,18.983979026210072
207.44621858232193,40115452621.144135,39218706886.847984,19.127842042904803,18.700255922407575,19.245804566408548,18.97739099341127
209.94814994164432,40106829135.82081,39194421449.742714,19.123730194368985,18.6886761451761,19.24296082259765,18.970687172485164
212.48025616059775,40061317078.98484,39169687093.51947,19.102029144590794,18.67688231442117,19.23987742634275,18.96386528057223
215.04290116689413,40044880081.81009,39144494433.32948,19.094191658906972,18.664869955261086,19.23651815527645,18.956922990347636
217.63645327744084,40034315474.29127,39118833528.59324,19.089154244876678,18.652634327830718,19.23308615546772,18.949857920449325
220.26128525127794,39970706738.222305,39092694885.824005,19.058824340149773,18.640170905447636,19.229314712409963,18.942667636178566
222.91777434315375,39962053458.8758,39066069057.84195,19.054698285233822,18.627475183509453,19.225226320548515,18.935349653536907
225.60630235774448,39916342300.59652,39038945467.270874,19.032902299945516,18.614542118513786,19.220926465567494,18.927901434232144
228.32725570452996,40031976300.51027,39011312710.96722,19.088038880505337,18.60136627321601,19.217128893729917,18.920320375926995
231.08102545333108,39829962053.89079,38983161765.448944,18.991714488101074,18.58794334504124,19.21292263199649,18.912603822641866
233.86800739051486,40032700539.21272,38954480346.98035,19.08838421185764,18.574267476861092,19.20883381868282,18.904749060860944
236.68860207588085,39947012571.9972,38925256323.50935,19.04752649258035,18.560332883872935,19.205493254505487,18.896753303452492
239.54321490022994,39853060944.9956,38895480900.42496,19.002728496707473,18.546135372632122,19.201216885886517,18.888613711228626
242.4322561436301,39973038717.108475,38865140808.10439,19.059936273852813,18.5316686159198,19.197196080108448,18.880327387488745
245.35614103438468,39962527650.42061,38834222988.51615,19.054924389150756,18.516926387408006,19.19388442348766,18.87189135545942
248.31528980870976,39910272502.15361,38802716061.804054,19.030008099873918,18.501903260956013,19.19029528659776,18.863302570915224
251.31012777113347,39909502147.947174,38770606962.16992,19.02964077973629,18.486593006532562,19.18649341893492,18.854557923618994
254.3410853556237,39850107106.4893,38737882487.474,19.001320048025562,18.470989329096035,19.182439803806478,18.845654228645348
257.408598187451,39758550234.25781,38704530433.03439,18.957663918640066,18.455086409212466,19.177628506832566,18.836588233052453
260.5131071457995,39719214757.14935,38670537668.33105,18.938907984364096,18.438877985989926,19.17219363941693,18.827356617832876
263.6550584271334,39769722128.31229,38635889665.64497,18.96299089891403,18.42235713232437,19.166953678413375,18.817955986341477
266.8349036093247,39750372742.410324,38600571661.60106,18.95376472862361,18.405516808746256,19.162011487742515,18.80838285695119
270.05309971655794,39803592148.74117,38564568359.18893,18.979140795236333,18.38834972133817,19.15738015336511,18.79863366071106
273.31010928501604,39663059536.746124,38527866041.39154,18.91213206347641,18.370849329554808,19.1523588075119,18.78870474939687
276.6064004293574,39650300056.16522,38490450152.7374,18.90604809051452,18.35300869305918,19.146594903868873,18.778592401495864
279.9424469099964,39725897121.0047,38452303803.65778,18.94209426775233,18.334819758570536,19.141325478048152,18.768292805972724
283.3187282011958,39628504139.08349,38413411389.49512,18.895655365719488,18.316275085479184,19.136051926273126,18.7578020585869
286.7357295599775,39734380096.34593,38373755072.23431,18.946139118346775,18.29736616826636,19.130958111369626,18.74711615862451
290.1939420958668,39591191071.84973,38333318055.324265,18.87786375651283,18.27808499800396,19.125765787883704,18.736231004562605
293.69386284147885,39409174864.1205,38292085414.13186,18.791074824986275,18.258424458331415,19.11885828992871,18.72514241294143
297.2359948239523,39487566667.851135,38250038306.641624,18.828453589059542,18.238375565002706,19.11153795199615,18.713846108556197
300.8208471372484,39369782319.809586,38207157968.44102,18.77229167993832,18.217929370774417,19.104161900834885,18.702337705077408
304.44893501532135,39385256659.80037,38163426629.00273,18.779670151617484,18.1970774023073,19.09638722981872,18.690612713766875
308.1207799061689,39257430151.18477,38118826151.535446,18.718719941513,18.17581101162017,19.08815729772528,18.678666549402834
311.836909546778,39433128666.97197,38073335056.40477,18.802496472439614,18.154119956798077,19.080403022157274,18.66649451151477
315.5978580389755,39385842418.907364,38026931761.836426,18.77994945315696,18.131993947223755,19.073550227979677,18.654091767765024
319.4041659261899,39153876394.05439,37979599044.739586,18.66934345988519,18.109424770586504,19.06527621942635,18.641453381266512
323.2563802711419,39159218981.97466,37931315992.56489,18.671890911581784,18.08640245536875,19.055926221418932,18.6285743165672
327.15505473447257,39292426823.33694,37882059225.53687,18.735407047683182,18.06291585363066,19.047584653077923,18.615449407251525
331.100749654316,39105549938.33458,37831808493.89811,18.646300448997792,18.038955309886973,19.039126732319506,18.60207336297633
335.0940321268354,39383189765.83689,37780538749.55504,18.77868461565392,18.014508880710764,19.03139758359779,18.58844076271527
339.13547608772984,39324980364.38797,37728223362.19354,18.750929220573568,17.989563868241014,19.0250796027656,18.57454602192412
343.2256623947215,38940361187.851105,37674843518.13666,18.567535182247507,17.96411130174406,19.016399000885947,18.560383431947276
347.36517891104063,38685251507.80971,37620377361.26991,18.445893835968,17.938140759791807,19.004315025714103,18.54594718955688
351.5546205899174,39187161350.16121,37564794456.876564,18.685214385955227,17.911637730508737,18.993936987582064,18.531231333366172
355.79458956008955,38725374564.660126,37508070628.45481,18.465025303857978,17.884590686060125,18.98399882504342,18.51622973497255
360.08569521234466,38978993284.77328,37450180245.25413,18.585955730924653,17.856987405196676,18.973144529387834,18.500936129787824
364.428554287106,38988857032.957504,37391093493.84764,18.59065896134812,17.828813672286184,18.96402738167091,18.485344088332994
368.82379096307136,38774033626.374344,37330785107.38071,18.48822690786867,17.800057439592102,18.953960942855698,18.469447022495753
373.2720369469261,39009842462.35958,37269225384.09258,18.6006652295709,17.770704544726858,18.944266786338773,18.453238189615426
377.7739315641329,38852055093.87868,37206384555.15556,18.525429088297063,17.740740793324015,18.935229668798396,18.436710670863647
382.3301218508199,38996425955.07105,37142232522.00576,18.594267973266554,17.7101518337924,18.926341105751497,18.419857373167897
386.94126264677766,38884009665.2882,37076737107.214615,18.540665660603565,17.678922323297,18.917834925414706,18.4026710196758
391.60801668957356,38890196408.918884,37009866327.47723,18.543615622456052,17.647037011564823,18.908934264855215,18.385144143540472
396.33105470980524,38568112713.73577,36941588728.4856,18.390039739759658,17.614480900559055,18.89844906372738,18.36726909651761
401.11105552750286,38570650804.38852,36871871248.706764,18.39124995163374,17.5812382258862,18.886418358836593,18.349038047100557
405.94870614969005,38497624476.5032,36800677974.362366,18.35642955267288,17.5472918631457,18.87427198173397,18.330442959631316
410.84470186912574,38533022047.93617,36727973130.079346,18.37330781555743,17.512624753931366,18.86220450431543,18.311475583909758
415.7997463642362,38317856303.64428,36653721483.92062,18.27071252868062,17.477220098958057,18.849399048805328,18.292127464141494
420.81455180024926,38484939144.02995,36577884468.09066,18.350380934996753,17.44105950833727,18.836638329902517,18.27238992790486
425.88983893155137,38493255592.3327,36500421647.05276,18.35434638220223,17.404123701604533,18.825165277727272,18.252254061941095
431.02633720527984,38262910784.737236,36421294844.859055,18.244513417416808,17.366394475712074,18.812701866803046,18.231710720213236
436.22478486616023,38242409687.8074,36340463549.43813,18.23473808850594,17.327852513702158,18.79912397383072,18.210750528833188
441.48592906261183,38177579584.4747,36257884656.6945,18.20382581168622,17.288477262688648,18.78538428348724,18.1893638636153
446.81052595413337,38162892218.30165,36173514254.46313,18.1968225847044,17.24824778448185,18.771522665618242,18.167540836861797
452.1993408199794,37921473333.14625,36087308834.099754,18.081709280486244,17.207143333298774,18.75653519819611,18.1452713013619
457.65314816915196,37868608894.634964,35999222589.26693,18.056502469557785,17.165142067770816,18.740246977286578,18.12254484574967
463.17273185171797,37969837742.81861,35909206808.1181,18.10477038856966,17.12222076112511,18.72462305011364,18.09935077135224
468.7588851714661,37666556276.31369,35817213253.118904,17.960159780766396,17.078356412750228,18.708214320787192,18.075678085378758
474.41241099992544,37886563569.128876,35723198092.71604,18.0650636138354,17.033528122893753,18.691741698435344,18.051515535587352
480.1341218917604,37573515601.1008,35627109914.75022,17.915796144742025,16.987711377220243,18.67511576726428,18.026851598094716
485.9248402015522,41505376191.06192,35528874300.20792,19.790585119698225,16.940870691270646,18.679467801310743,18.001674310520624
491.7853982019932,37655718667.471855,35428444496.17523,17.954992194300225,16.892983772329977,18.68391757979771,17.975971310409385
497.7166382035078,37079820745.63387,35325780512.67791,17.680392663147284,16.844031552386753,18.6633756572597,17.94973003846819
503.71941267531,37578388763.93601,35220812763.512344,17.91811976526406,16.793980851361386,18.64292000111535,17.922937613028886
509.79458436792675,37106468868.21541,35113480230.14459,17.6930990155919,16.742802574408802,18.623066636196263,17.89558072020099
515.9430264371982,36817060771.34534,35003724428.438,17.555103505104988,16.690468835134737,18.599389559888564,17.86764568661592
522.1656225697697,36882098275.425415,34891480376.69012,17.586114674707318,16.636948648976908,18.575018111169445,17.839118465252533
528.4632671101007,37202476656.80931,34776678843.157974,17.73887743002128,16.582209004869576,18.553409677422966,17.809984583659368
534.8368651890073,36961962427.82384,34659251733.75382,17.62419548377595,16.52621743420352,18.532745297161167,17.780229136636414
541.2873328537482,36554373818.23955,34539131335.87689,17.429849165008346,16.468941650270082,18.508904120026713,17.749836805042758
547.8155971996863,36802663605.78173,34416243407.132965,17.548238651519338,16.41034625282579,18.48475021259893,17.718791830641738
554.4225965035367,36918069274.80711,34290510322.756756,17.603266359390936,16.35039422884569,18.46321833725052,17.687077970623047
561.1092803582181,36523571662.550156,34161855199.82826,17.415162087333517,16.289048919031345,18.44060291567689,17.654678494308133
567.8766098093348,36433960908.66551,34030197971.307762,17.37243390570638,16.226272145832997,18.415799199539528,17.62157618078092
574.7255574933044,36162400823.5178,33895454325.105915,17.242948680575818,16.162023707577173,18.38953694561687,17.587753288503897
581.6571077771479,36184788511.185684,33757537630.581863,17.253623573302605,16.096262297059145,18.36249942902792,17.553191530644227
588.6722568999686,35561332281.65349,33616360855.231476,16.95634729944919,16.02894641545781,18.332685563289978,17.517872072691766
595.7720131161401,36047811683.040565,33471829576.27801,17.18831030968217,15.960031040123773,18.30284192664158,17.481775501185176
602.9573968402125,36406004331.00119,33323844622.623695,17.359103655972604,15.88946888431416,18.278472005213505,17.44488176895464
610.229440793577,35179201937.58831,33172310151.9355,16.77413998572124,15.81721424850703,18.249719569217547,17.40717020239085
617.5891901528903,35842420030.2218,33017122346.14927,17.090375503133888,15.74321763019393,18.21852899522015,17.368619489656044
625.0377027002941,35379332177.575615,32858172498.321594,16.869566046462435,15.66742719575199,18.18916965527775,17.329207623245313
632.5760489754474,35399581822.988205,32695349906.579067,16.879221478311475,15.589790160336221,18.158020946707058,17.288911877684033
640.2053124293863,35221843489.523575,32528538420.689342,16.79447232193056,15.510251141216214,18.12671395110612,17.24770878437856
647.9265895802449,34624809783.45018,32357618724.74103,16.509794830393478,15.428753246203124,18.091758288845828,17.20557410064414
655.7409901708554,34895654237.15952,32182464727.340046,16.638938828285664,15.345236352423804,18.055817739285626,17.16248277177108
663.6496373282415,34000016828.577293,32002947514.160248,16.211881179432222,15.25963899097522,18.01716013806292,17.118408896181652
671.6536677250424,34063346567.507122,31818932924.333893,16.24207805279941,15.17189719129942,17.974749701493415,17.07332569983254
679.7542317428836,34449807946.031815,31630277848.656536,16.426350489506437,15.081942716094355,17.935895565318372,17.02720547658204
687.9524936377117,34351928196.29705,31436834132.777412,16.379679486942734,14.989704922432315,17.899575566872294,16.980019531365123
696.249631707129,33990594294.65342,31238450192.276073,16.20738832870355,14.89511153186046,17.86151333162831,16.931738155806432
704.6468384597479,32957700993.913166,31034968007.314865,15.71488435298322,14.798087197391611,17.81645502843973,16.88233059640183
713.145320786579,34850828430.843765,30826217738.47726,16.617564996342367,14.698550936229372,17.777422213660916,16.831764975986392
721.746300134495,33240910388.46903,30612024829.44171,15.849924199480576,14.596419516463644,17.740795220670147,16.78000822719243
730.451012681785,34225619859.75156,30392207181.90234,16.319453171339084,14.491606110016876,17.70159243215118,16.72702605130926
739.2607095158205,32957601308.151344,30166573012.793884,15.714836820838336,14.384019270926501,17.661641925916346,16.67278285008062
748.176656812871,33354730897.4995,29934923741.561043,15.90419607168252,14.273564312052116,17.617775203952224,16.61724166349333
757.2001360200866,32746973442.94665,29697053047.782166,15.614405284554334,14.160142855731808,17.573724039064675,16.560364119895656
766.3324440396711,36301144987.935455,29452736029.234425,17.309104645121934,14.04364766413296,17.5474998357031,16.502110320400284
775.5748934152812,48881849771.68857,29201729363.275127,23.30783376740556,13.923962716202073,17.613338089201402,16.44243866607102
784.9288125206746,32700976401.120678,28943797663.480156,15.592472984330845,13.800975775031786,17.656307692015766,16.381305839873775
794.3955457506266,31707268612.341736,28678691072.57452,15.118653436535208,13.674567703726535,17.601765293080067,16.318666809712838
803.9764537141556,31754076124.673653,28406133406.506065,15.14097218514218,13.544606812262174,17.54320189909886,16.254474638222757
813.6729134300795,30350887993.576637,28125838819.21891,14.471904302957656,13.410956803579884,17.478315561675252,16.188680325194312
823.4863185249237,31487379220.119427,27837504580.79139,15.013805820803166,13.273473330059362,17.413546084748706,16.121232706261942
833.4180794332223,29696342193.439026,27540810837.82788,14.159803906307019,13.132003879268897,17.34651488626064,16.052078312082735
843.4696236002361,31045480291.35089,27235417524.82134,14.803099662549371,12.98638630124188,17.278682091347726,15.98116121195617
853.6423956871075,29384672739.350113,26920963991.945568,14.011193739952597,12.836448631000792,17.21059404802765,15.908422841692701
863.9378577784973,29390926412.479225,26597068762.25023,14.014175615115052,12.682008972782967,17.134830062963616,15.833801832090948
874.3574895927261,29588401114.460484,26263322954.35687,14.108335462758808,12.522872363851848,17.062018267161772,15.75723380274172
884.9027886944416,29498619116.065292,25919289899.349648,14.065525628358625,12.358830591822892,16.991530074281066,15.67865112161204
895.5752707098593,29478944444.78486,25564503601.153477,14.056144355559528,12.189661460541389,16.922095996118905,15.59798265942557
906.3764695445994,28420985515.56261,25198464792.58548,13.551688591912539,12.015126909529709,16.848184922609356,15.515153518807656
917.307937604142,28569719846.028206,24820637194.37943,13.622608065422444,11.834971230216091,16.77093016462821,15.430084726447106
928.3712460169497,27277416778.90686,24430443425.58665,13.006412377119789,11.648919115932827,16.68899763590798,15.342692888309527
939.5679848602816,30011937419.648796,24027258215.887733,14.310285958533782,11.456672425412092,16.617288732459556,15.252889791489023
950.8997633887208,26498074588.110687,23610406833.759613,12.634806590598929,11.257909433304892,16.542665185449046,15.160581968451943
962.368210265473,26389190134.820652,23179157549.966377,12.58288832750143,11.05228123662427,16.44946231600709,15.065670219955175
973.9749737964391,26838348299.33143,22732710951.23981,12.797055833080433,10.839406659296607,16.360408470598287,14.968049046231826
985.7217221671224,26245067771.578194,22270192070.503906,12.514167931274393,10.618868499696871,16.27261512153887,14.867605986936937
997.6101436823909,25021709928.048523,21790639752.480934,11.930846690604897,10.390208459959032,16.17661939891753,14.764220872119306
1009.6419470091245,23375017775.466976,21293002795.63055,11.145671269917537,10.152925306376245,16.06667258620991,14.657765009310085
1021.8188614217956,24967643132.53078,20776116089.373066,11.905066572050675,9.906463491156458,15.959134895910278,14.548100232616115
1034.1426370510137,22722843095.118534,20238676577.011074,10.834701470127424,9.650201691067544,15.85033132594063,14.435077703780545
1046.6150451350566,20916032504.774624,19679229286.944176,9.973178408180724,9.383446146843909,15.721235392174997,14.31853652731876
1059.2378782744452,21537672449.715717,19096138918.72591,10.269588641581056,9.105417114855884,15.588585925474243,14.19830215858224
1072.0129506895892,19741585605.88216,18487559763.91554,9.413178874286553,8.815234524776328,15.45236360897944,14.07418451909202
1084.9420984815295,19958648948.736023,17851384368.15893,9.516678973727663,8.511893500644373,15.310517913780556,13.945975695930878
1098.027179895836,21041049234.617775,17185178494.467613,10.032788860136584,8.194233350069222,15.179401929655391,13.813447037851649
1111.270075589688,20718001021.21322,16486131709.281,9.878753076056013,7.860914002686309,15.055633825103882,13.676345674254609
1124.6726889021647,19704667688.273117,15750939967.496834,9.3955756802444,7.5103600243751325,14.927226276982655,13.534390172025105
1138.2369461278074,17663889948.49553,14975666615.08726,8.422492449206219,7.140694340554646,14.784575436747255,13.387264846228986
1151.9647967934795,16391101023.9225,14155582659.092146,7.81560149042493,6.749662073753623,14.626614043943864,13.234612517576963
1165.8582139385567,14133394054.315672,13284900453.008896,6.73908210769104,6.3345035595318455,14.452420190674063,13.076025031416794
1179.919194398505,15170504992.074253,12356384485.414207,7.233597136245371,5.891768762789084,14.275570492431463,12.911030294541563
1194.1497590918812,13197162984.255934,11360758160.66306,6.292668597344073,5.417034419057413,14.097520587048221,12.739074063092525
1208.5519533107824,10663731509.997562,10285821987.555616,5.084678311810172,4.904483569398888,13.898214172943177,12.559493820668447
1223.1278470148095,16722798859.22168,9114938139.792902,7.973761585475983,4.346182968827102,13.723834653322802,12.371479713326945
1237.879535128577,9177157450.807037,7824254499.13797,4.375850368179078,3.7307594551261434,13.544729178030217,12.174012128088114
1252.8091378427982,16081013508.975166,6377194535.180996,7.667745623973526,3.0407726144294656,13.36673121853264,11.965753855020857
1267.918800919016,10853873563.900797,4709703956.237398,5.175341807673548,2.245680092271222,13.20201031939176,11.744830035938756
1283.210695998004,7461541240.034578,2696362870.7704587,3.557810591940688,1.285679201217989,12.992568216058512,11.508337935860725
1298.6870209118815,0.0,0.0,0.0,0.0,12.726643843750054,11.25082354130112
1314.35,0.0,0.0,0.0,0.0,12.425126872185668,10.98427139421292
