R_kpc,Sigma_bar,Sigma_eff,kappa_bar,kappa_eff,kappa_bar_mean,kappa_eff_mean
1.0,39625486921.47069,41077268126.84933,18.89421669662477,19.586454718705664,0.0,0.0
1.0120606264911474,39625531510.19401,41074809929.353714,18.894237957410848,19.58528260147068,0.4476380649013123,0.4640242012853267
1.0242667116936537,39625580610.813156,41072352794.46415,18.894261369558183,19.584110990907302,0.8846713121794494,0.9170270751867549
1.0366200099307066,39625619176.34126,41069896748.27313,18.89427975836553,19.582939899456942,1.3113509544144333,1.3592697488288592
1.0491222966837304,39625666283.925674,41067441817.666916,18.894302220194447,19.581769339939505,1.7279222764297633,1.7910071630665227
1.0617753688475675,39625714621.109604,41064988030.15312,18.89432526832076,19.580599325471166,2.134624817370137,2.2124882190567177
1.0745810449887383,39625764316.81134,41062535413.97882,18.894348964215258,19.579429869520688,2.5316924009459316,2.6239559213574686
1.0875411656068144,39625814844.46308,41060083998.1107,18.89437305679999,19.578260985899963,2.919353308897053,3.0256475176370565
1.1006575933989453,39625865843.24486,41057633812.12176,18.89439737402885,19.57709268870998,3.2978304095537245,3.4177946350725397
1.113932213527575,39625920606.20778,41055184886.3073,18.894423486093803,19.575924992396136,3.667341307782513,3.800623413516741
1.127366933891388,39625973255.2474,41052737251.78061,18.894448590198273,19.57475791179387,4.028098438089413,4.174354635511511
1.1409636853995222,39626027282.43896,41050290940.44518,18.894474351432876,19.573591462115395,4.380309188866849,4.539203853221084
1.1547244222490889,39626084649.88922,41047845985.0429,18.894501705368963,19.57242565897269,4.724176065860388,4.895381512358271
1.1686511222060412,39626144358.48786,41045402419.106766,18.894530175610946,19.57126051835495,5.059896782431124,5.243093073174658
1.1827457868894284,39626200933.043915,41042960276.95502,18.894557151479376,19.5700960566258,5.387664331036031,5.5825391285839965
1.19701044205908,39626262394.61887,41040519593.84628,18.894586457575173,19.568932290597242,5.707667146632278,5.913915519487904
1.2114471379067577,39626325515.32093,41038080405.979355,18.89461655477562,19.567769237529582,6.020089226508314,6.237413447370168
1.2260579493508208,39626390953.60426,41035642750.4427,18.894647757044705,19.56660691510734,6.325110194345965,6.55321958422318
1.2408449763344431,39626455118.3587,41033206665.21839,18.89467835207,19.565445341441105,6.622905401511962,6.8615161798697635
1.2558103441274293,39626524037.568794,41030772189.20301,18.89471121411388,19.564284535077554,6.913646059075323,7.16248116674251
1.2709562036316695,39626590396.16889,41028339362.326904,18.89474285520822,19.563124515056256,7.19749931408675,7.456288262181496
1.2862847316902777,39626661616.37685,41025908225.58032,18.89477681441344,19.56196530092218,7.474628354688331,7.7431070683091745
1.3017981314004599,39626735561.947235,41023478820.99129,18.894812073125426,19.560806912715115,7.745192532336432,8.023103169539114
1.3174986324301545,39626807994.480606,41021051191.61993,18.894846610391404,19.559649370966987,8.009347387088745,8.296438227774392
1.3333884913384921,39626885641.40006,41018625381.58761,18.89488363397991,19.55849269671573,8.267244788410776,8.563270075350712
1.34946999190012,39626960691.85407,41016201436.16232,18.89491941952228,19.557336911546027,8.519033001096746,8.823752805778197
1.3657454454334392,39627041074.41095,41013779401.81412,18.89495774751687,19.556182037615713,8.76485677848033,9.078036862334123
1.3822171911327976,39627124745.246574,41011359326.20558,18.894997643427867,19.555028097651252,9.004857477331145,9.32626912455698
1.3988875964046932,39627206134.83496,41008941258.19679,18.89503645159502,19.5538751149501,9.239173062301626,9.568592992691338
1.415759057208029,39627293127.89099,41006525247.869125,18.89507793160648,19.552723113392044,9.467938242947197,9.805148470132202
1.4328339983984741,39627378428.231606,41004111346.55913,18.895118604497718,19.55157211745537,9.691284540123055,10.036072243916454
1.4501148740769754,39627468998.273766,41001699606.98998,18.895161790086988,19.55042215227953,9.909340357317467,10.261497763308235
1.467604167942475,39627562086.29485,40999290083.29793,18.895206176298462,19.549273243677764,10.12223107936484,10.481555316523385
1.4853043936488803,39627656374.9362,40996882830.95978,18.89525113498945,19.548125418102508,10.33007909757338,10.696372105635898
1.5032180951663396,39627755929.476234,40994477906.81538,18.895298604565188,19.546978702656126,10.533003919285612,10.90607231970941
1.5213478471468749,39627851661.58541,40992075369.21742,18.89534425153021,19.54583312516234,10.731122191683873,11.110777206197056
1.5396962552944244,39627954624.783104,40989675278.08416,18.895393346421407,19.544688714191356,10.92454781015202,11.310605140650885
1.5582659567393489,39628058569.27669,40987277694.84463,18.895442909213912,19.543545499033755,11.113391998235736,11.505671694779707
1.5770596204174525,39628164557.97738,40984882682.51108,18.89549344672484,19.542403509735028,11.29776331534605,11.696089702894623
1.5960799474535783,39628273473.048805,40982490305.747,18.89554537958727,19.541262777128008,11.477767759907596,11.881969326781183
1.615329671549826,39628385738.02868,40980100630.903725,18.895598909752373,19.540123332850317,11.653508826412155,12.06341811903511
1.6348115593784562,39628500453.72279,40977713726.06704,18.895653608466546,19.53898520936661,11.82508755465029,12.24054108489807
1.65452841097953,39628618999.733,40975329661.08374,18.89571013355127,19.53784843998123,11.992602593389742,12.413440742628733
1.6744830601633456,39628745472.14637,40972948507.60849,18.89577043810195,19.536713058860524,12.156150285253004,12.582217182444055
1.6946783749177292,39628861434.63432,40970570339.2426,18.895825731312108,19.535579101099064,12.315824608571706,12.74696812406513
1.7151172578202367,39628989459.09052,40968195231.56195,18.89588677590754,19.534446602732928,12.471717339910173,12.90778897290062
1.7358026464553273,39629118705.26616,40965823262.06612,18.89594840304299,19.53331560071544,12.623918146614923,13.06477287489898
1.7567375138365704,39629251834.39522,40963454510.27414,18.896011881647507,19.53218613296286,12.772514525911676,13.218010770101412
1.7779248688339402,39629387660.62478,40961089057.83603,18.89607664628294,19.531058238407525,12.917591910263495,13.367591444927157
1.7993677566062685,39629526965.02088,40958726988.58094,18.896143069377047,19.529931957020835,13.059233705865685,13.513601583221059
1.8210692590389104,39629669769.66889,40956368388.567604,18.89621116146056,19.528807329837303,13.197521347382295,13.656125816092162
1.8430324951866892,39629816847.99441,40954013346.14855,18.896281291318125,19.52768439898516,13.3325343446632,13.795246770572295
1.8652606217221832,39629967296.389404,40951661952.024956,18.89635302809154,19.52656320771252,13.46435032303551,13.931045117122428
1.88775683338942,39630122561.024536,40949314299.31742,18.896427061343605,19.525443800421137,13.593045071887557,14.063599616014324
1.9105243634630407,39630278519.04608,40946970483.64954,18.89650142521604,19.52432622270623,13.718692569713983,14.192987162614088
1.9335664842130058,39630439860.82207,40944630603.2292,18.896578356169186,19.52321052139526,13.841365045830402,14.319282831593906
1.9568865073748998,39630607691.16384,40942294758.920044,18.896658380998964,19.52209674458201,13.96113305092251,14.442559920097121
1.9804877846259143,39630776005.83589,40939963054.30597,18.896738636767004,19.52098494165734,14.07806543628959,14.562889989881432
2.0043737080665673,39630952979.26084,40937635595.77819,18.896823021199864,19.51987516335068,14.192229434758447,14.680342908464535
2.0285477107082346,39631129077.51206,40935312492.59929,18.896906988332557,19.518767461760593,14.303690678011375,14.794986889295764
2.0530132669665586,39631310659.71762,40932993857.00416,18.896993570323257,19.517661890402902,14.41251322540433,14.90688853097694
2.0777738931608125,39631499638.47295,40930679804.34433,18.89708367913533,19.5165585042795,14.518759665183573,15.016112855555397
2.102833148019282,39631691289.74232,40928370453.13821,18.897175062255005,19.51545735990231,14.622491086663068,15.122723345910876
2.1281946331907466,39631892247.059494,40926065925.13873,18.897270882682527,19.51435851532554,14.723767143011662,15.22678198225733
2.153861993762124,39632091571.548065,40923766345.46016,18.89736592454504,19.513262030206146,14.822646049194779,15.328349277781003
2.1798389187823672,39632305787.389046,40921471842.64014,18.89746806689921,19.512167965833424,14.919184673438753,15.427484313435285
2.206129141792668,39632508547.855156,40919182548.76981,18.897564747103843,19.51107638519105,15.013438479727096,15.524244771912281
2.232736441363065,39632727402.42487,40916898599.72616,18.897669101295715,19.509987353067853,15.105461626620622,15.618686970811572
2.2596646416355184,39632952654.174255,40914620135.22193,18.89777650578951,19.508900936081638,15.195307089143459,15.710865895024776
2.2869176128735367,39633182350.29024,40912347298.777275,18.89788602944529,19.507817202665656,15.283026521706908,15.800835228352941
2.314499272018431,39633414787.61272,40910080237.88037,18.8979968601626,19.506736223145193,15.368670334295013,15.888647384375629
2.3424135832522777,39633652118.13849,40907819104.202576,18.89811002405612,19.505658069840152,15.452287745254804,15.9743535365908
2.3706645585676736,39633899645.79426,40905564053.83151,18.898228050143114,19.5045828171762,15.53392684908299,16.05800364784312
2.399256258344359,39634153684.87834,40903315247.38622,18.898349181008044,19.50351054173968,15.613634609667534,16.139646499057083
2.4281927919327986,39634414983.272064,40901072850.07448,18.898473773255535,19.502441322304925,15.691456861794082,16.219329717290304
2.4574783182447963,39634681829.32024,40898837031.72296,18.898601010734502,19.501375239848663,15.767438348813153,16.297099803122702
2.4871170463512398,39634952838.69346,40896607966.980705,18.898730233369285,19.500312377647006,15.841622736549064,16.373002157398126
2.5171132360870474,39635231260.98266,40894385835.63007,18.89886299062917,19.499252821423752,15.914052666997154,16.447081107335286
2.547471198663417,39635519006.95907,40892170822.70944,18.899000193607716,19.498196659408855,15.984769800989822,16.51937993202258
2.578195297287452,39635815079.310135,40889963118.651276,18.899141366766546,19.497143982404285,16.053814817400838,16.58994088731029
2.6092899477892684,39636117998.366684,40887762919.46895,18.899285804570106,19.496094883873106,16.121227417341455,16.658805230114965
2.6407596192566607,39636423375.02881,40885570426.97162,18.899431414208664,19.495049460041916,16.187046328085117,16.72601324215018
2.6726088346774195,39636741130.71492,40883385848.946075,18.899582926410947,19.49400780998757,16.251309391119875,16.79160425309738
2.7048421715894047,39637064538.70736,40881209399.368,18.899737133744793,19.492970035737905,16.314053568882354,16.855616663229924
2.7374642627384485,39637399832.088394,40879041298.63594,18.89989700826724,19.491936242383318,16.375314945753445,16.91808796550369
2.770479796744201,39637741013.59155,40876881773.76341,18.900059690362887,19.49090653816835,16.435128752128357,16.97905476712668
2.803893518774003,39638091361.54256,40874731058.640564,18.900226743202357,19.489881034616445,16.49352936868768,17.03855281062022
2.837710231224885,39638453778.97059,40872589394.30116,18.90039955100743,19.488859846657288,16.550550396473927,17.09661699438409
2.8719347944137956,39638823772.899345,40870457029.13766,18.90057597143805,19.487843092729303,16.606224631229793,17.153281392777227
2.9065721272761507,39639201031.84764,40868334219.170654,18.90075585597383,19.486830894908195,16.660584064712396,17.208579275725395
2.941627208072808,39639589954.02555,40866221228.31435,18.900941301768405,19.48582337903347,16.71365995397963,17.26254312786729
2.977105075105571,39639985174.20882,40864118328.7557,18.901129750576626,19.484820674889264,16.765482809761142,17.31520466725075
3.013010827441318,39640396328.58952,40862025801.311195,18.90132579712566,19.483822916374436,16.81608244456464,17.366594863590155
3.0493496256448713,39640815383.44215,40859943935.63929,18.901525610776126,19.482830241603875,16.865487973039226,17.41674395609446
3.086126692520694,39641247907.74064,40857873030.53194,18.90173184692506,19.481842793047495,16.91372780659458,17.46568147087572
3.123347313863546,39641688776.13066,40855813394.31693,18.901942061702034,19.480860717722095,16.9608296856669,17.513436237949094
3.161016839218183,39642143258.57272,40853765345.28564,18.902158767928565,19.479884167395298,17.006820694640535,17.560036407834797
3.1991406826482205,39642607441.47215,40851729212.09787,18.902380099525224,19.478913298778615,17.051727283572582,17.60550946777139
3.237724323514275,39643086306.13349,40849705334.16356,18.90260843167664,19.477948273709416,17.09557528220294,17.649882257549425
3.2767733072614837,39643578139.77419,40847694062.049904,18.902842947694182,19.476989259345086,17.138389926553863,17.693180984974386
3.3162932462165258,39644080400.69566,40845695757.969795,18.903082435645647,19.4760364283959,17.180195830702147,17.735431240968357
3.356289820394258,39644595674.61192,40843710796.27066,18.903328128450664,19.475089959358126,17.221017025995316,17.776658014319448
3.396768778314074,39645126954.44373,40841739563.92738,18.903581453193112,19.474150036749045,17.260877005959124,17.816885706087312
3.4377359378261105,39645672504.60487,40839782461.08046,18.90384158231112,19.473216851363574,17.299798714457456,17.85613814367316
3.4791971869474256,39646229194.30586,40837839901.63264,18.904107022982274,19.472290600558733,17.337804524238727,17.894438594562914
3.521158484708249,39646804211.04529,40835912313.837555,18.904381202348205,19.471371488534338,17.374916301263973,17.93180977975137
3.56362586200845,39647391710.22447,40834000140.8977,18.90466133358855,19.470459726618106,17.411155400594446,17.968273886855105
3.606605422484327,39648001387.57131,40832103841.68758,18.904952039818333,19.469555533610492,17.44654269363046,18.00385258292214
3.6501033433858567,39648620922.13049,40830223891.446465,18.905247446162118,19.46865913611499,17.481098541717863,18.038567026946087
3.6941258764645224,39649260374.00844,40828360782.49757,18.90555234947783,19.467770768881053,17.51484281179346,18.072437882091872
3.7386793488718437,39649918939.88577,40826515025.06018,18.90586636672688,19.46689067519134,17.547794952028585,18.10548532764036
3.7837701640687524,39650591851.43653,40824687148.10536,18.906187224277044,19.466019107269727,17.579973918227704,18.137729070659496
3.8294048027459335,39651280882.07729,40822877700.26568,18.906515767728457,19.46515632671508,17.611398200403507,18.169188357408864
3.875589823755259,39651993797.14111,40821087250.77923,18.906855699745666,19.4643026049514,17.642085904588345,18.199881984484566
3.922331865052462,39652722216.2312,40819316390.5064,18.90720302438956,19.46345822371261,17.672054703829474,18.229828309711046
3.9696376446511854,39653472210.17197,40817565733.02083,18.90756063634941,19.462623475562776,17.70132183991204,18.25904526278689
4.017513961588521,39654250175.55142,40815835915.77804,18.907931585645024,19.461798664453312,17.729904216563867,18.287550355691096
4.06596769690221,39655041534.60701,40814127601.35722,18.908308921310596,19.46098410631509,17.75781829011287,18.31536069285646
4.115005814619619,39655852638.41521,40812441478.76476,18.908695671665132,19.460180129679998,17.785080081248434,18.342492981116262
4.164635362758645,39656692538.94329,40810778264.84526,18.909096152865846,19.459387076353735,17.811705318194488,18.368963539430702
4.214863474340702,39657553267.05443,40809138705.81109,18.90950656507052,19.45860530214513,17.837709362085093,18.394788308399473
4.265697368415905,39658440553.43357,40807523578.874596,18.909929640783197,19.457835177644423,17.86310719794182,18.419982859566804
4.317144351100639,39659354493.14043,40805933693.99167,18.91036542533023,19.457077089054618,17.887913488479338,18.444562404525204
4.369211816627631,39660289431.580666,40804369895.756355,18.910811222489084,19.456331439094875,17.912142517429473,18.468541803823957
4.421907248408684,39661255341.33723,40802833065.43145,18.911271787384756,19.455598647968742,17.935808255035486,18.491935575688863
4.4752382201102385,39662249379.942986,40801324123.07767,18.911745764672634,19.454879154379388,17.958924380400138,18.514757904558785
4.529212396741896,39663264730.212616,40799844029.96465,18.912229903783793,19.454173416679208,17.981504193848032,18.537022649445653
4.583837535758073,39664318978.19888,40798393791.25662,18.91273259009637,19.4534819141504,18.003560742247902,18.558743352125234
4.639121488172954,39665403989.10479,40796974458.662315,18.91324994477809,19.452805148268517,18.025106815878033,18.579933245163883
4.695072199688863,39666514737.11148,40795587133.34752,18.91377957141903,19.45214364409121,18.046154827761562,18.600605259786693
4.75169771183828,39667663266.65591,40794232969.33193,18.914327213045187,19.45149795187791,18.06671693705645,18.620772033594726
4.8090061631396015,39668853134.914116,40792913177.06748,18.914894565788526,19.450868648796074,18.086805102684618,18.64044591813898
4.867005790266854,39670062321.181335,40791629027.31001,18.915471129741032,19.450256340767236,18.106430895085097,18.65963898635689
4.925704929233514,39671316923.31029,40790381855.376816,18.916069348875585,19.44966166449713,18.12560563523087,18.678363039878597
4.9851120165906035,39672608317.40429,40789173065.7998,18.91668511114751,19.449085289694363,18.144340473404352,18.6966296162105
5.0452355906392325,39673943103.93355,40788004137.48665,18.917321563791674,19.44852792153141,18.162646284804246,18.714449995804035
5.106084292657776,39675316458.74617,40786876629.368164,18.91797640655695,19.447990303337342,18.180533696622806,18.731835209018055
5.1676668681438365,39676733698.3898,40785792186.57714,18.918652174478513,19.447473219544044,18.19801308739963,18.748796042983095
5.229992168071196,39678255423.91279,40784752547.33413,18.919377763336033,19.44697749896949,18.215094963986058,18.76534304837678
5.293069150161929,39679709179.14012,40783759550.594345,18.920070942610867,19.44650401846393,18.231788944618934,18.781486546120902
5.356906880173848,39681261219.24564,40782815144.527054,18.92081098606153,19.446053706953048,18.248104396104203,18.797236634010847
5.4215145332034815,39682870241.47655,40781921395.96562,18.921578199717747,19.445627549943914,18.264051162079994,18.812603193289355
5.486901395004776,39684526672.69734,40781080500.96097,18.922368018918977,19.44522659455708,18.279638566680113,18.827595895177513
5.5530768633236836,39686244214.700554,40780294796.62761,18.92318697695118,19.44485195517502,18.294875737241107,18.84222420737756
5.620050449248863,39688018709.06271,40779566774.4317,18.92403309099571,19.444504819778135,18.309771638156224,18.85649740056373
5.687831778578659,39689848953.19957,40778899095.21836,18.924905787636586,19.444186457110042,18.324334991255405,18.870424554879197
5.756430593204574,39691750636.93175,40778294606.26097,18.925812548090924,19.443898224807075,18.338574394133843,18.884014566460433
5.825856752511429,39693708703.30973,40777756360.61761,18.926746192907082,19.443641578627762,18.352498243227977,18.89727615401266
5.896120234794399,39695742005.93167,40777287639.21169,18.92771571185394,19.443418082981356,18.366114758640595,18.910217865463668
5.967231138693149,39697846464.02486,40776891976.139854,18.928719159138268,19.443229422995095,18.379432048391227,18.922848084727786
6.039199684643272,39700031413.473816,40776573187.849304,18.929760986294653,19.443077418426572,18.392458058542935,18.935175038617462
6.11203621634521,39702295362.336395,40776335406.89844,18.930840481935537,19.44296403976145,18.405200590841087,18.947206803946752
6.1857512022509145,39704640225.07167,40776183121.22252,18.93195855891291,19.442891426936118,18.4176672646956,18.958951314879194
6.2603552370684294,39707083113.9451,40776121220.07319,18.933123376693747,19.442861911242556,18.429865626983233,18.970416370583088
6.335859043284609,39709612852.97834,40776155048.07406,18.934329606350296,19.44287804110312,18.441803078354244,18.981609643270463
6.412273472706223,39712247696.09034,40776290469.274605,18.935585951712522,19.4429426126127,18.453486885099366,18.9925386867131
6.489609508019627,39714996409.2317,40776533943.526024,18.936896592559222,19.443058705956247,18.464924293654562,19.003210945350368
6.567878264369249,39717852605.08584,40776892618.20381,18.938258483291396,19.443229729143905,18.47612239169707,19.0136337641313
6.647090990955133,39720835637.29847,40777374439.42497,18.939680852110488,19.443459471041578,18.487088173094353,19.023814399270414
6.727259072649714,39723946631.44021,40777988288.0434,18.941164235710858,19.443752166216242,18.497828581073406,19.033760030145913
6.808394031634124,39727208934.32136,40778744147.47648,18.94271976631389,19.444112574958954,18.50835053334486,19.043477772633175
6.89050752905422,39730614716.223114,40779653313.13241,18.944343710554644,19.444546083143983,18.518660870316914,19.052974694254537
6.973611366696582,39734190786.00538,40780728656.981285,18.9460488514283,19.44505882838152,18.52876637870999,19.062257831649482
7.057717488684729,39737942065.820435,40781984966.20691,18.947837535914523,19.445657861493565,18.538673862942034,19.071334211040522
7.142837983195795,39741896956.29783,40783439383.1279,18.949723305995768,19.446351356277034,18.548390155236024,19.080210872615357
7.228985084197899,39746061386.90204,40785111986.56909,18.9517089889581,19.44714888671314,18.557922119095196,19.088894900104776
7.3161711732084855,39750477969.074165,40787026574.85536,18.95381490278028,19.44806180031436,18.567276730832415,19.097393457373062
7.404408781073854,39755161381.03793,40789211743.683784,18.956048046329993,19.44910373207522,18.57646112412597,19.1057138346623
7.493710589770156,39760144778.03623,40791702408.83266,18.958424228683484,19.450291330530092,18.585482534450623,19.113863508445167
7.58408943422613,39765476731.22835,40794542022.657845,18.960966609531138,19.451645314622557,18.594348488001646,19.121850221003587
7.67555830416779,39771213079.46797,40797785918.30373,18.96370181394393,19.453192068291376,18.60306692265639,19.129682089568995
7.768130345985381,39777414514.00687,40801506581.45671,18.966658780712315,19.45496615414695,18.611646246597648,19.13736776160823
7.861818864622859,39784191378.01094,40805802426.70056,18.969890123642443,19.457014498211297,18.620095636547855,19.144916645897844
7.956637325490131,39791674276.5794,40810813471.74045,18.973458117831424,19.45940386369841,18.628425413464374,19.152339276462925
8.052599356398389,39800062860.10517,40816752102.39962,18.977457960539418,19.46223552037377,18.63664752152129,19.15964793070987
8.149718749518765,39809689660.85419,40823972191.025536,18.98204820973453,19.465678201578854,18.644776632370597,19.16685779839009
8.24800946336461,39821168453.006836,40833161495.65509,18.987521525097883,19.47005984396236,18.65283242466554,19.173989604187565
8.3474856247977,39835956831.546234,40842370459.77839,18.99457291677589,19.47445086038171,18.660845839239215,19.181056365400824
8.448161531058608,39860722529.756424,40846102689.4353,19.006381692010727,19.476230461375362,18.66889315503841,19.18802861345109
8.550051651821585,39865901785.02644,40844318476.28393,19.008851263465907,19.475379713219716,18.676918292175422,19.194846492787555
8.653170631274223,39855759950.75486,40841288789.88125,19.004015436090253,19.473935098759117,18.684724750301672,19.20147561156688
8.757533290222188,39875805897.03685,40838270003.371704,19.013573740160847,19.472495681583368,18.692403223498733,19.207913511090435
8.863154628219347,39878686478.3201,40835265356.088455,19.014947258348418,19.471063006270654,18.70002869596913,19.214164863224212
8.970049825723585,39866610635.80052,40832243958.2671,19.0091892575493,19.469622343969732,18.7074210628453,19.220234071814296
9.078234246278617,39872023243.11687,40829215592.92433,19.01177009588023,19.468178359416655,18.714601247095946,19.22612531853041
9.187723438722127,39872182894.97994,40826187820.3725,19.011846221049442,19.466734657518032,18.721642616190284,19.231842783857086
9.298533139420517,39858614241.7628,40823150873.29506,19.005376418554043,19.465286581023953,18.728440959016012,19.23739053618309
9.410679274530622,39859357166.37548,40820101492.48358,19.005730659718296,19.463832575879316,18.73500627718502,19.24277247415165
9.524177962288718,39878412186.08538,40817046529.7935,19.01481647038028,19.46237590918445,18.741528497073823,19.247992424675044
9.639045515327101,39854682801.833115,40813988081.85859,19.003501830158232,19.46091758065584,18.747868342858958,19.253054174382434
9.755298443018628,39866800874.12139,40810922776.75233,19.009279966947158,19.45945598249217,18.753993615206344,19.25796141280246
9.872953453849549,39857779555.92093,40807850642.18603,19.004978423818955,19.457991127906737,18.75999054474137,19.262717723278044
9.992027457820912,39868815473.81012,40804770452.729126,19.010240567965166,19.456522432589992,18.76585745454251,19.2673265974487
10.112537568878977,39865205263.65068,40801681177.0654,19.00851914828374,19.455049404789936,18.7716268139227,19.27179143149043
10.234501107374921,39885125601.32629,40798584388.0361,19.018017559683923,19.45357279446842,18.77735240895792,19.276115544264638
10.357935602554209,39878536259.60843,40795481735.615364,19.014875631092558,19.452093388365782,18.78301675508286,19.28030219420917
10.48285879507597,39868803557.58152,40792372017.59489,19.010234886071444,19.450610613245296,18.788454603550477,19.28435456499626
10.60928863956282,39871744232.85919,40789254973.548996,19.011637058265336,19.449124344930848,18.793725684946466,19.288275756641607
10.737243307181362,39867408035.48091,40786128993.549644,19.009569473504374,19.447633815776868,18.798863756207847,19.292068785105915
10.866741188253847,39878577869.35098,40782994589.32141,19.014895471441626,19.446139269783767,18.80391922117545,19.295736588765138
10.997800894901342,39852170421.274025,40779853294.888405,19.002303877365833,19.444641438404616,18.80876757337962,19.299282047969605
11.130441263718758,39874600203.7813,40776704541.83726,19.012998841745464,19.443140050608665,18.81348024565768,19.302707980211892
11.264681358482123,39862008556.84738,40773545618.12662,19.00699489518934,19.4416338132409,18.818135649871376,19.306017117631395
11.400540472888565,39859382929.817825,40770378033.34693,19.00574294423769,19.44012344610394,18.822595144048705,19.309212120989287
11.538038133329287,39892429886.232635,40767204891.02583,19.021500387342495,19.4386104290212,18.827122023136635,19.31229561411907
11.677194101695985,39857550744.48654,40764024052.20772,19.004869321996875,19.4370937420963,18.83152900373213,19.31527016396165
11.818028378221166,39860647089.58217,40760831813.38192,19.006345720642027,19.435571619422035,18.835653340223438,19.318138243589246
11.960561204352672,39850004103.939575,40757629624.093925,19.001270934370535,19.43404475217039,18.83963687250436,19.320902254925805
12.104813065662881,39832978422.604904,40754420284.19686,18.99315275242409,19.432514475366766,18.8433695291601,19.32356456703725
12.250804694792999,39861944589.49135,40751202531.58794,19.00696439428751,19.430980187215564,18.847082753781617,19.32612750141031
12.39855707443289,39844828544.82382,40747973677.49472,18.998803125314886,19.429440605656858,18.850773378974907,19.328593302167306
12.548091440336803,39854805514.2425,40744734809.40258,19.00356034186457,19.427896249225203,18.854337159897767,19.330964151346485
12.699429284375467,39888985532.30334,40741488011.55878,19.01985805119533,19.426348111730956,18.858066742358936,19.333242197238523
12.852592357625056,39872721175.45537,40738231724.88426,19.012102883837372,19.424795449774358,18.861807450485834,19.33542954008023
13.007602673493352,39877776429.32037,40734965784.96388,19.014513328967574,19.42323818495901,18.865396943346113,19.337528220662374
13.164482510883603,39869639734.418335,40731690246.13479,19.010633591742437,19.421676343193944,18.868883542973705,19.33954023081137
13.32325441739661,39866483184.88,40728404657.222885,19.009128486427034,19.420109709350413,18.872223919150386,19.341467512905094
13.483941212571365,39868890369.46178,40725108915.40823,19.01027627969471,19.418538234401836,18.875481111528092,19.343311960185684
13.646565991164776,39852539598.05329,40721803150.729515,19.0024799081634,19.416961980353236,18.878581741737158,19.345075421202576
13.811152126471006,39854347468.80974,40718487423.18784,19.003341936733534,19.41538097581433,18.88152738376942,19.346759701780822
13.977723273680795,39855076061.73188,40715160973.74419,19.003689344263993,19.413794858860275,18.884417528581306,19.3483665609861
14.146303373281274,39862509802.501465,40711823466.75456,19.00723389904121,19.412203469449377,18.8872855314837,19.34989771003983
14.316916654496875,39870816926.83703,40708475718.48268,19.011194900394532,19.410607196792338,18.890174525863646,19.351354822375267
14.489587638771654,39859029618.884964,40705117153.07405,19.005574478589807,19.40900576631033,18.892974737134434,19.352739533089814
14.664341143293623,39859953578.57678,40701747514.37639,19.006015040864053,19.40739905586487,18.89564767668434,19.354053433853835
14.84120228456165,39848628004.95426,40698367360.26291,19.00061478312939,19.405787331460964,18.89819812274598,19.355298080359976
15.020196481995317,39849150524.889275,40694974424.35734,19.00086393097961,19.404169512445524,18.90062752581223,19.35647498169787
15.201349461588306,39859244410.81706,40691569463.96525,19.00567689563563,19.402545959916843,18.903059661284,19.357585602782724
15.384687259605924,39872027482.9499,40688154008.48761,19.011772117516564,19.400917403123586,18.90556348339317,19.358631386765563
15.570236226327143,39851754284.9012,40684726689.72707,19.002105455304317,19.399283189682162,18.90796455937561,19.359613743419
15.758023029831811,39860964959.4012,40681287470.68803,19.006497287265145,19.397643301952336,18.910247262726703,19.360534041223666
15.948074659833509,39835271982.78794,40677835794.38237,18.994246367328834,19.39599747435115,18.912381605079602,19.361393612865786
16.14041843155869,39871307779.62776,40674371703.839554,19.011428948723392,19.394345727395905,18.914525890948497,19.36219375657516
16.335081989672556,39857729045.15773,40670895629.485374,19.004954339287018,19.39268826632214,18.916744540549114,19.362935742511564
16.532093312252265,39863284447.754944,40667406936.54845,19.007603265235023,19.391024788458285,18.918865955553176,19.36362080955213
16.731480714808132,39846013875.97382,40663905101.73869,18.999368314675205,19.389355044289275,18.920870166154685,19.36425016068541
16.933272854353273,39848926993.96667,40660390434.248665,19.000757347010094,19.38767918124424,18.922746480754892,19.364824969217867
17.13749873352231,39851677378.85681,40656862902.23601,19.002068784979713,19.385997184140116,18.924610326081694,19.365346382213303
17.34418770473983,39855311757.726166,40653321263.18384,19.003801728780537,19.384308460520252,18.926466106932804,19.365815512320452
17.553369474439055,39866649646.23982,40649765882.845436,19.009207858499114,19.382613184783054,18.928362750548,19.366233440929634
17.765074107331372,39852206262.609825,40646197274.6655,19.002320967224353,19.380911601749116,18.93019604545388,19.366601228782066
17.979332030727445,39867388555.2033,40642614772.910835,19.009560184922325,19.379203393983673,18.931991082986155,19.366919910588052
18.196174038910378,39856126353.31,40639018036.15263,19.00419014408283,19.37748839868671,18.93376483960272,19.367190490865898
18.415631297561585,39866593850.16515,40635406942.755325,19.00918125382602,19.37576655785998,18.935492819678938,19.36741394772697
18.637735348240156,39857880373.05295,40631781375.02756,19.00502649542355,19.374037815385915,18.937189118730455,19.367591234757768
18.862518112916142,39861425197.304955,40628141027.173584,19.006716737809757,19.372302025455046,18.938816450055207,19.367723280554216
19.090011898558522,39844486985.22858,40624485883.62521,18.998640262937446,19.37055918064415,18.940328882851023,19.367810989906815
19.320249401778593,39865860416.03998,40620815655.108536,19.00883153791411,19.368809143021707,18.941831832231426,19.367855244438818
19.553263713529255,39857375657.31663,40617129886.38222,19.004785836967763,19.36705169551963,18.943370962960667,19.367856900675346
19.789088323861044,39874064791.38223,40613428495.39531,19.012743546513125,19.365286799014406,18.944920822488307,19.367816791826733
20.027757126735455,39869453601.96936,40609711479.82635,19.010544840105588,19.36351445239911,18.946501462446587,19.367735730889173
20.269304424896426,39935050348.53391,40605978556.02974,19.04182266759678,19.361734520425912,18.94839149947185,19.36761450997279
20.513764934800466,39848784331.24461,40602229247.69069,19.000689322599683,19.359946775978482,18.950114869065178,19.36745389812212
20.76117379160629,39844580542.95644,40598463430.658356,18.99868487311441,19.358151159859247,18.951289181564118,19.367254642781965
21.011566554224647,39855546624.92234,40594680917.47881,19.003913718109736,19.35634758268646,18.95247438195776,19.367017471926598
21.264979210429043,39866389304.59516,40590881420.318825,19.00908372244852,19.35453590721554,18.95375468233128,19.36674309359531
21.52144818202804,39858088603.0234,40587064850.95363,19.00512578359614,19.352716091379165,18.955018359956625,19.366432196935307
21.78101033010006,39879882959.694855,40583230917.20079,19.015517764356655,19.350887995858972,18.956329334715864,19.366085452611085
22.043702960291224,39855361990.2489,40579379274.90907,19.003825680641917,19.349051456556833,18.95759228114662,19.365703511801907
22.309563828177094,39856051091.94504,40575509694.66157,19.00415425797394,19.34720636408223,18.95869154875556,19.365287007023582
22.578631144689147,39876433741.122574,40571622065.43876,19.013873108651406,19.345352665498854,18.959884460292084,19.364836553887628
22.85094358160664,39837197822.42174,40567715858.09964,18.995164645795317,19.3434901085018,18.96094060110042,19.364352749790562
23.126540277114675,39844595280.40513,40563790825.69056,18.998691900221726,19.341618575338675,18.961793463917967,19.36383617360144
23.405460841429427,39862374569.806915,40559846980.232895,19.007169417415017,19.339738071741515,18.962768679651816,19.36328738915665
23.687745362491093,39828102619.49336,40555883847.1391,18.990827872966026,19.337848371417575,18.963625872029915,19.362706944305057
23.9734344117255,39862077609.912544,40551901160.94707,19.007027821057967,19.335949347789274,18.964463389300658,19.362095369743045
24.26256904987534,39867952764.44152,40547898753.76201,19.009829211057706,19.334040920801044,18.965505200761186,19.361453181149393
24.555190832901552,39874235222.41792,40543876284.36449,19.012824811405252,19.332122927752707,18.966591014172234,19.36078087910399
24.851341817956033,39859485839.5908,40539833441.07828,19.00579201365492,19.33019522003087,18.967602566424763,19.36007894864031
25.15106456942623,39834848505.798965,40535769866.23866,18.994044445116202,19.328257627093908,18.968367348169814,19.359347859518284
25.454402165052805,39865776942.81042,40531685301.33293,19.008791736225593,19.32631002567785,18.969151426565947,19.358588066891354
25.76139820212097,39837589471.7745,40527579659.62448,18.995351391960856,19.32435237442496,18.96993040919772,19.35780001318528
26.072096803726463,39876269718.03401,40523452585.84617,19.01379489919534,19.322384503936835,18.970752467232806,19.3569841278383
26.38654262511724,39804463946.47286,40519303164.81682,18.979556485655248,19.320405977836966,18.97136420369462,19.356140822919556
26.70478086011153,39872471324.148254,40515131438.60009,19.01198374978741,19.318416816182143,18.971944726020048,19.35527049583629
27.02685724759327,39839916571.52307,40510937598.21907,18.996460999194486,19.31641711005596,18.97270833907221,19.35437353590204
27.35281807808605,39825500511.95639,40506720793.29193,18.989587136574094,19.31440645397951,18.97318916696274,19.35345031944727
27.68271020040616,39840148566.58591,40502480454.23334,18.99657161903364,19.312384576363243,18.973660897600276,19.352501205875516
28.016581028395926,39847680501.05989,40498216599.22152,19.000162994513225,19.310351485874893,18.97424649166476,19.351526542980757
28.354478547738374,39826056467.886894,40493929008.54317,18.989852227368953,19.308307077750804,18.974737627610818,19.350526669170726
28.696451322853907,39841312586.95528,40489617164.08503,18.997126646991827,19.306251104944323,18.975182408072012,19.34950191065805
29.042548503880234,39861358783.21644,40485280735.43926,19.006685070257443,19.304183409910443,18.975816213154786,19.348452581140396
29.39281983373656,39842500932.737946,40480919340.29751,18.997693273788688,19.30210381035697,18.976440397280367,19.347378982855943
29.747315655272857,39870350075.657196,40476532590.12855,19.010972296508946,19.300012121024537,18.977102160766258,19.34628140652813
30.10608691850536,39850198319.81648,40472120115.27208,19.001363540345864,19.29790816565178,18.977790098306972,19.345160131710724
30.469185187939466,40030155437.55142,40467681573.122826,19.08717065699587,19.295791780877725,18.979371150273135,19.344015427312158
30.8366626499808,39884543969.31947,40463216574.29359,19.017740226027527,19.293662781034843,18.981097717947478,19.342847551733794
31.208572120435743,39818285345.9209,40458724612.92151,18.986146802557585,19.291520924917716,18.981589348842874,19.34165675219437
31.58496705210235,39836455722.45355,40454205455.70282,18.994810797837886,19.289366101282482,18.981800571054304,19.340443265889736
31.965901542452947,39876759727.07015,40449658746.72925,19.014028545205303,19.287198140425033,18.982337822609892,19.3392073210639
32.35143034140928,39807629198.51152,40445083615.50293,18.981065740495104,19.28501662727475,18.982695818063213,19.33794913360876
32.74160885921138,39850119005.39106,40440479854.850266,19.0013257216575,19.28282146304716,18.982898634801785,19.336668908236735
33.13649317438156,39846949438.48467,40435847321.80019,18.99981440940328,19.280612579570832,18.983317195312488,19.33536684283469
33.53614004178425,39828189394.95057,40431185389.38884,18.99086924922206,19.278389677896975,18.983601445251924,19.334043126235905
33.94060690078302,39844552135.68994,40426493607.41939,18.998671327967315,19.276152543362834,18.98386660913786,19.33269793672169
34.34995188349621,39844054841.28139,40421771534.71717,18.998434208147543,19.273900965607595,18.984214533691834,19.331331443315054
34.764233823151955,39852299224.45701,40417018709.14108,19.002365293273613,19.271634724273227,18.984598269583955,19.329943805931602
35.1835122625439,39812853146.20799,40412234650.28119,18.983556622184068,19.269353590290766,18.984795061100627,19.328535175373766
35.60784746258914,39866421944.9879,40407418887.24083,19.00909928603401,19.267057339127355,18.985070109667465,19.32710569349818
36.03730041098919,39836636871.533714,40402570936.59816,18.99489717330582,19.26474574027789,18.98547015869027,19.325655493409915
36.4719328309954,39840138912.359055,40397690301.73951,18.99656701570714,19.26241855694714,18.985713400886453,19.324184699524487
36.91180719028024,39831381344.880486,40392776479.70237,18.992391234145053,19.260075549312624,18.98592078007171,19.32269342766362
37.356986709915475,39838445446.522125,40387828983.5421,18.9957595376677,19.257716485189498,18.986114216450193,19.3211817853142
37.807535373458514,39826927397.69813,40382847289.639595,18.990267503946214,19.255341114905804,18.98627728335038,19.31964987170729
38.26351793614863,39836099898.33343,40377830877.41124,18.99464113385256,19.25294919023697,18.98642393893369,19.31809777782507
38.724999934213855,41174476584.46768,40372779226.961685,19.632805635897565,19.250540463286594,18.99422356230717,19.316525586617203
39.19204769429011,39771019213.58895,40367691714.862366,18.963609374854524,19.248114636791595,19.00137796887862,19.314933372606728
39.66472834295417,39799893917.68033,40362567785.972145,18.977377405446415,19.245671446049695,19.000647235545955,19.313321201896436
40.143109816371364,39865859455.06746,40357406944.94171,19.008831079703388,19.243210654868527,19.00047076194956,19.311689133091487
40.62726087005974,39814309672.64189,40352208602.66731,18.984251122825057,19.24073198235176,19.000375915923403,19.310037217280037
41.11725108877194,39817963303.58975,40346972177.378975,18.985993246398078,19.238235151099953,19.00001465142828,19.308365497726616
41.61315089649633,39812298375.344986,40341697088.76529,18.983292096452853,19.23571988440914,18.99965026990975,19.306674010106914
42.11503156657874,39818035538.34157,40336382693.28143,18.986027689357897,19.233185875424404,18.999295315292095,19.304962782336506
42.62296523196612,39815203907.72414,40331028384.96533,18.984677511816948,19.230632835211033,18.99896489155417,19.303231834613193
43.13702489557402,39843031256.69608,40325633555.80039,18.997946142751644,19.228060473854676,18.99878451891966,19.301481179799215
43.65728444077888,39834432231.343544,40320197549.940575,18.993845957214173,19.225468478634955,18.998715794781724,19.299710823311695
44.18381864203688,39807927243.91077,40314719719.32848,18.98120785444237,19.222856540545276,18.998449812591375,19.29792076307478
44.71670317563108,39815141083.00012,40309199408.35447,18.984647555744694,19.22022434697798,18.998082310322705,19.29611098969796
45.25601463054789,39753553420.647156,40303635934.24092,18.955281338980175,19.217571572371174,18.99741406263672,19.294281486452604
45.80183051948482,39833068466.96459,40298028617.620735,18.99319568735755,19.214897892789185,18.996867684545194,19.292432229312627
46.35422928999115,39816312631.170715,40292376792.38412,18.985206173107542,19.212202990617666,18.99668547810753,19.290563187221892
46.91329033574276,39792721486.65671,40286679730.10909,18.973957448329664,19.209486518530603,18.99627946288397,19.288674321981123
47.479094007952895,39768787559.04202,40280936644.45934,18.962545277782727,19.20674810158727,18.99561461669705,19.286765587738177
48.05172162692088,39827471053.91929,40275146848.31744,18.99052672999614,19.20398741215647,18.99516459707007,19.284836931408012
48.631255493719785,39839960297.08766,40269309640.23981,18.996481848409392,19.20120411577602,18.995125684255704,19.282888293319683
49.21777890202509,39832381757.05413,40263424217.75735,18.99286825047629,19.198397829812766,18.995114751322316,19.28091960671791
49.811376150086275,39790587810.52816,40257489804.483734,18.972940069307594,19.19556818407034,18.99482404553033,19.278930797511894
50.41213255284251,39793853176.24247,40251505621.220894,18.97449706033012,19.192714807011665,18.99432412947255,19.276921784579606
51.02013445418457,39806263946.307106,40245470857.26617,18.980414761213844,19.18983731207767,18.99392491137364,19.27489247973953
51.6354692393646,39838032636.78677,40239384685.05323,18.99556270181279,19.18693530466835,18.993785348246533,19.27284278764524
52.2582253475557,39849707588.999,40233246289.65993,19.001129550176262,19.184008396212676,18.993893796515653,19.270772605932304
52.8884922845628,39910826146.1405,40227054827.0876,19.03027208828829,19.18105618427538,18.994412513218165,19.268681825290322
53.526360635686835,39769732739.4374,40220809402.568596,18.96299595850857,19.178078242213537,18.994460367743685,19.26657032917576
54.171922078744295,39786968700.89533,40214509133.7053,18.971214406181055,19.17507414928249,18.99381285800094,19.264437993768563
54.825269397243595,39862305945.549866,40208153115.61453,19.007136696010587,19.172043474016025,18.993705542607938,19.262284688086243
55.48649649372027,39856250736.354324,40201740441.46224,19.004249452380986,19.168985784017707,18.99398934367486,19.260110274016213
56.15569840323338,39816725966.50796,40195270223.83473,18.985403259579833,19.16590065615112,18.994007835796708,19.257914606584137
56.83297130702432,39814385522.045425,40188741510.31406,18.98428728932238,19.16278763628453,18.99379067907785,19.25569753385615
57.51841254634043,39848630119.949684,40182153323.23405,19.00061579160108,19.159646258247353,18.99376011191316,19.253458896595316
58.21212063642555,39815856641.89234,40175504672.43297,18.984988748391626,19.156476049910864,18.99373630930575,19.251198528221877
58.91419528067912,39788546021.86758,40168794539.12443,18.9719665040495,19.15327652549755,18.993373879131596,19.248916254754437
59.6247373849859,39806462120.425804,40162021917.90273,18.980509254557226,19.15004720561006,18.992968503213458,19.24661189490062
60.34384907221895,39765556700.868835,40155185781.63933,18.961004740639016,19.146787600493173,18.992440887947225,19.24428526018197
61.07163369691718,39772877809.038666,40148285064.804756,18.96449558996269,19.143497202081342,18.991737709457688,19.241936154764048
61.808195860139854,39847628964.73204,40141318682.37973,19.00013842097175,19.14017549301589,18.991517046982793,19.239564375304347
62.553641424500675,39976245335.36076,40134285539.96054,19.06146525292232,19.13682195146346,18.992452128560707,19.237169710967446
63.308077529382736,39793781349.87462,40127184525.2632,18.974462812095858,19.133436047065025,18.99305037350943,19.234751943448213
64.07161260633724,39771184889.087524,40120014490.46605,18.963688372212403,19.130017232516497,18.99248160297487,19.232310846846477
64.84435639466776,39799057553.18412,40112774263.42794,18.97697861029571,19.126564948917764,18.99195781825639,19.229846187509242
65.62641995720267,39759638520.79989,40105462651.5515,18.958182835209968,19.123078627614788,18.991378946614507,19.227357723961582
66.41791569625771,39791017894.12823,40098078477.628716,18.973145141683194,19.119557707291484,18.99077077564687,19.22484520706457
67.21895736979077,39797375451.98022,40090620516.38779,18.9761765511383,19.116001603713997,18.990389317837824,19.22230838001012
68.02966010775216,39731968499.686386,40083087487.08772,18.94498922131306,19.112409706199664,18.989680935627735,19.219746977917673
68.85014042863149,39791228470.05449,40075478114.23393,18.973245548453963,19.108781406567413,18.988958836782444,19.217160727743796
69.68051625620426,39804355536.77002,40067791087.46287,18.979504793762565,19.10511608000996,18.98866115166528,19.214549348306917
70.52090693648064,39785824780.6891,40060025069.9819,18.97066896237861,19.101413089118118,18.98833892542837,19.211912550134183
71.37143325485853,39788151280.36893,40052178740.43961,18.971778283487584,19.09767180384536,18.987933512047018,19.209250035597243
72.23221745348323,39775299322.01892,40044250737.474,18.965650215294446,19.093891575067335,18.98747773818367,19.206561498964824
73.10338324881701,39849001002.95088,40036239632.64349,19.000792635959048,19.09007172167482,18.987379393853104,19.203846625988877
73.98505584942022,39899704690.541046,40028143991.66431,19.02496915806829,19.086211559772913,18.987985286791673,19.201105093696576
74.87736197394675,39873760245.53362,40019962364.87504,19.0125983330229,19.082310398134354,18.98871407899836,19.198336570476833
75.78042986935695,39775789654.37912,40011693252.0497,18.965884015471723,19.078367521421683,18.98872324981893,19.19554071591126
76.69438932934987,39669833091.990204,40003335118.85771,18.91536182872426,19.07438219803571,18.987580079570503,19.192717180505205
77.61937171301778,39749612685.89993,39994886436.51987,18.953402318631337,19.070353699024242,18.986322424707126,19.189865605742803
78.55550996372601,39745609391.04919,39986345633.58447,18.951493468386534,19.06628127508799,18.98551974089206,19.186985624089427
79.50293862822011,39844628434.25959,39977711081.05677,18.998707708635937,19.062164149490012,18.98527624503029,19.184076858638775
80.4617938759637,39754290047.515335,39968981151.44457,18.955632577255162,19.058001546209805,18.98508113835883,19.18113892302039
81.43221351870939,39806788257.20573,39960154176.36604,18.980664763030973,19.053792669729877,18.984681755322125,19.17817142139997
82.41433703030589,39742013082.384,39951228431.34453,18.949778677212798,19.04953669778562,18.984218519151845,19.175173948155244
83.40830556674398,39700519002.61769,39942202183.97896,18.929993478452076,19.045232804333903,18.983166799395033,19.172146087747915
84.41426198644395,39750747628.24529,39933073673.52948,18.95394348161197,19.040880149819106,18.982192438070438,19.169087414753076
85.4323508707883,39768667256.42301,39923841087.54085,18.96248791511215,19.03647787002668,18.98162499290008,19.16599749364046
86.46271854490156,39743449805.89522,39914502575.41412,18.95046373542818,19.032025082554412,18.98102831031333,19.16287587850675
87.50551309868081,39716594597.69237,39905056257.705475,18.937658640459297,19.027520891246276,18.980151583776443,19.159722112943292
88.56088440808018,39718514221.397896,39895500213.259056,18.938573955048117,19.022964380057125,18.979155757606375,19.15653572988602
89.62898415665175,39694903828.6806,39885832450.47611,18.927316052345823,19.018354599353245,18.978060142753847,19.153316251233417
90.70996585734608,39714516804.21944,39876050956.62741,18.93666790739383,19.013690589425483,18.976969369559903,19.150063187592473
91.80398487457624,39606164511.10402,39866153747.885056,18.885003388803657,19.008971404345427,18.975398874823803,19.14677603859176
92.91119844654749,39701025315.95795,39856138782.351974,18.930234898677046,19.00419607049612,18.973796263398903,19.143454292973846
94.03176570785615,39765753855.880974,39846003914.762115,18.961098748052212,18.999363564972242,18.973132018143477,19.14009742793982
95.16584771236167,39663440799.34704,39835746956.59918,18.912313857033023,18.99447284424589,18.972265563710977,19.13670490859658
96.31360745633391,39661919644.130135,39825365699.93944,18.911588540108735,18.98952285553531,18.97083655694451,19.133276187890292
97.47520990187972,39745304624.593994,39814857902.072174,18.951348149706725,18.984512529471637,18.969906676719244,19.129810706587854
98.65082200065248,39732701435.79853,39804221270.091255,18.945338699762505,18.979440772751826,18.969395377975925,19.126307893084906
99.84061271784705,39762129612.47046,39793453450.853905,18.95937063703883,18.974306463350814,18.96899264942109,19.122767163074844
101.04475305648423,39765665684.85339,39782552051.161865,18.96105670636059,18.96910846014429,18.968784779447223,19.119187919283938
102.26341608198875,39618921393.755264,39771514636.749985,18.891086123021253,18.96384560242643,18.96776785503529,19.115569551320316
103.49677694706244,39765440584.63117,39760338717.31264,18.96094937411795,18.958516702770215,18.966783681014952,19.111911435435754
104.74501291685849,39703164623.0085,39749021753.546875,18.931254962634213,18.953120550385716,18.966291590474224,19.108212934249064
106.00830339445916,39769150424.37172,39737561152.09811,18.962718299156183,18.947655908710125,18.965836455522705,19.104473396486824
107.28682994666,39674961537.24287,39725954257.25121,18.917807172957197,18.94212151144589,18.96522737936376,19.10069215665472
108.58077633006585,39619583386.14679,39714198357.91261,18.89140177410011,18.93651606588992,18.963789239269232,19.096868534709667
109.89032851750162,39665529330.86025,39702290710.10411,18.913309710208697,18.930838263659076,18.962335325366013,19.09300183590672
111.21567472474072,39710711944.34343,39690228503.96478,18.934853674873732,18.925086764956045,18.96143055809227,19.08909135058836
112.5570054375567,39744510643.66467,39678008857.73872,18.95096956387985,18.919260195702556,18.96099295561692,19.085136353759438
113.91451343910114,39661633105.82688,39665628841.15858,18.911451912972662,18.913357158689113,18.960284555584806,19.08113610477118
115.28839383761098,39646250652.62565,39653085462.53929,18.904117254733993,18.907376227421057,18.95904021648021,19.07708984707075
116.67884409445062,39605763841.26918,39640375653.85776,18.88481234149367,18.901315939004224,18.95750893846835,19.072996807799406
118.08606405249265,39662874390.013435,39627496291.110275,18.912043781848602,18.8951748038518,18.956111140353475,19.068856197432144
119.51025596483952,39807228409.70273,39614444213.06224,18.980874636455983,18.888951314624535,18.95588735624976,19.064667209646693
120.95162452389278,39716834413.949425,39601216158.63272,18.93777298959871,18.88264391637448,18.955965711574546,19.06042902094508
122.410376890773,39854032251.09448,39587808783.286865,19.003191634686004,18.8762510143612,18.956314280958455,19.05614079002576
123.88672272509324,39607457135.77774,39574218726.61656,18.885619737840354,18.869771006275567,18.95602379669391,19.05180165764671
125.38087421509283,39691756538.41304,39560442534.77704,18.925815362034044,18.863202245256023,18.95483480580835,19.04741074643036
126.89304610813464,39691198378.52855,39546476652.12193,18.925549220350288,18.856543035899982,18.954144111660455,19.04296716019023
128.42345574156886,39582505561.38428,39532317476.771065,18.873722333161233,18.849791660759657,18.952849031610505,19.03846998354229
129.97232307397022,39625684961.43366,39517961321.30791,18.894311126000048,18.84294636160185,18.95121973310858,19.03391828161413
131.53987071675215,39638513799.46713,39503404410.843765,18.900428169968507,18.836005338484885,18.94994436255635,19.029311099529426
133.12632396616075,39618404768.16237,39488642899.29739,18.890839785710053,18.828966757521084,18.948656971499066,19.024647461986195
134.731910835656,39481198689.793846,39473672866.77205,18.825417211044243,18.821828749626064,18.946507544524735,19.019926372921592
136.3568620886835,39567184668.747986,39458490309.3551,18.86641702821875,18.814589405655017,18.944127288560246,19.015146815111958
138.00141127184006,39648052402.74076,39443091126.49115,18.90497636486116,18.80724677038194,18.94274570120728,19.01030774965323
139.66579474844085,39571263707.052475,39427471129.05504,18.868361994441916,18.79979884634902,18.941414548192764,19.00540811542883
141.35025173249107,39542470173.15831,39411626038.056625,18.854632667407117,18.792243593249037,18.93952019140681,19.000446828627886
143.05502432306622,39597825379.772385,39395551487.85594,18.881027125880916,18.784578929458423,18.937823594180283,18.9954227822861
144.78035753910876,39524235564.25339,39379243027.31246,18.845938044860002,18.776802732585246,18.936059831076953,18.990334845861884
146.5264993546428,39613350364.14935,39362696095.4779,18.888429745806103,18.76891282787906,18.93443105405799,18.985181864691018
148.2937007344144,39449814020.848816,39345906028.332,18.810452379516132,18.760906991442674,18.932411952159946,18.97996265935592
150.0822156699622,39535644862.461464,39328868075.54463,18.851378224134695,18.752782958224625,18.93001022084022,18.97467602520298
151.8923012161215,39571833443.53314,39311577378.63866,18.86863365607593,18.744538411606822,18.928352919375588,18.969320731841364
153.72421752796987,39536483022.6209,39294028966.70432,18.851777875493184,18.73617098136108,18.926737194467115,18.963895522506697
155.57822789821867,39403573049.981476,39276217767.490906,18.788403769096245,18.72767824893783,18.92420605106959,18.958399113478816
157.45459879505376,39428608154.72636,39258138598.07685,18.800341002700716,18.719057743017462,18.92113090677605,18.952830193522562
159.35359990043426,39455713099.182724,39239786156.120255,18.813265176859723,18.71030693533837,18.91842319385804,18.94718742323972
161.2755041488532,39553042859.62323,39221155021.4864,18.859673933638863,18.70142324147301,18.91648486078647,18.941469434396463
163.22058776656405,39523160913.69513,39202239659.91138,18.84542563019716,18.692404022574788,18.91496911261442,18.935674829296637
165.189130311282,39362837636.4833,39183034413.47972,18.768980317432764,18.68324658083758,18.912410511803703,18.929802180136402
167.1814147123639,39506928196.39132,39163533495.60931,18.837685549200273,18.67394815710447,18.909831147237824,18.923850028292186
169.1977273114714,39464924891.63307,39143730999.075806,18.81765754188141,18.66450593469394,18.907883217105432,18.917816883642935
171.23835790372596,39286853441.44591,39123620892.21289,18.732749548851917,18.654917037588064,18.904733769204324,18.91170122393189
173.30359977936027,39378220854.70813,39103197001.10869,18.776315340449827,18.64517852194343,18.901178324430596,18.90550149402102
175.3937497658705,39473581134.49643,39082453000.7754,18.82178500986087,18.63528737188062,18.898761954410705,18.899216105012904
177.5091082706783,39331406690.34221,39061382437.74102,18.75399342002134,18.625240510256425,18.896130367138298,18.8928434334723
179.64997932430765,39340134503.8387,39039978725.45882,18.75815501429568,18.615034796474948,18.892812481763706,18.88638182076687
181.81667062408056,39396452838.41023,39018235115.66914,18.785008711248263,18.604667012832387,18.88994221819478,18.879829572235014
184.00949357834142,39393065349.404625,38996144704.56262,18.783393489422565,18.594133867455742,18.887436907160062,18.873184956247666
186.22876335121506,39372451956.03766,38973700439.10486,18.773564615347148,18.583431997318577,18.884854802649517,18.866446203362862
188.4747989079024,39301808709.63756,38950895112.328476,18.739880516820314,18.572557965996154,18.881816728844463,18.85961150550909
190.74792306052458,39348176787.22654,38927721353.78117,18.761989734241627,18.561508259110894,18.878717479295265,18.852679015107284
193.04846251451977,39319499898.973236,38904171612.13753,18.748316026157823,18.550279276041326,18.875789041860433,18.845646844061168
195.37674791559772,39284053157.76687,38880238165.51583,18.73141431815182,18.53886733484137,18.872567561975263,18.838513062732545
197.73311389726268,39368640741.87308,38855913140.887665,18.771747352976455,18.5272686814952,18.86970403377557,18.831275699109074
200.11789912890913,39314535378.10323,38831188473.66741,18.74594884431603,18.515479470648728,18.8670758264,18.823932737871065
202.53144636449608,39180066834.92926,38806055901.72977,18.681831580630572,18.503495762757026,18.863442032297783,18.816482119219604
204.97410249181,39180175437.686584,38780506992.73615,18.68188336457546,18.49131353711411,18.85913997274472,18.808921737854025
207.44621858232193,39302190854.90748,38754533109.65871,18.740062731250987,18.4789286754141,18.85563376419712,18.80124944193118
209.94814994164432,39293742193.759056,38728125406.67916,18.736034242343052,18.4663369597957,18.85284767246641,18.793463031832545
212.48025616059775,39249152804.20737,38701274848.45281,18.714773138593603,18.45353408202768,18.84982678675443,18.785560259046846
215.04290116689413,39233049034.76608,38673972190.36659,18.707094542490566,18.440515634095487,18.84653561903134,18.77753882507527
217.63645327744084,39222698603.85026,38646207982.1562,18.702159252104998,18.427277109926006,18.84317319698023,18.769396380272234
220.26128525127794,39160379409.582855,38617972548.29784,18.67244422644031,18.413813896037926,18.839478213206064,18.76113052262257
222.91777434315375,39151901558.42638,38589255971.293945,18.668401819158607,18.400121263572057,18.83547270612402,18.75273879634255
225.60630235774448,39107117103.820854,38560048113.53382,18.64704770452946,18.3861943787149,18.83126002290419,18.744218690544507
228.32725570452996,39220406852.209015,38530338601.04463,18.701066499548787,18.372028294950827,18.827539440010725,18.735567637963445
231.08102545333108,39022488046.43031,38500116812.92051,18.606694894421743,18.35761794802163,18.82341845258828,18.726783013562514
233.86800739051486,39221116408.39868,38469371894.84611,18.7014048299883,18.34295816237486,18.819412532535075,18.717862133189083
236.68860207588085,39137165595.8956,38438092726.90321,18.661375420471277,18.328043635813348,18.816139692326338,18.708802252155586
239.54321490022994,39045118653.02751,38406267914.2523,18.6174856157035,18.312868935052002,18.8119500192528,18.699600563620294
242.4322561436301,39162664112.19159,38373885797.08086,18.673533617878256,18.297428500461375,18.808010727972935,18.69025419701073
245.35614103438468,39152366136.67186,38340934427.41333,18.66862333926409,18.281716635010167,18.804766209234547,18.68076021640842
248.31528980870976,39101170358.582634,38307401589.13474,18.64421217866215,18.265727513812887,18.801249835579327,18.671115618955568
251.31012777113347,39100415621.78998,38273274802.05871,18.64385230521662,18.249455186069586,18.797525043835304,18.661317333434976
254.3410853556237,39042224697.777275,38238541265.35759,18.616105720543683,18.232893548092196,18.7935536082967,18.651362218585028
257.408598187451,38952523960.74449,38203187852.50204,18.573334633169964,18.216036340891645,18.788839851406706,18.64124706110821
260.5131071457995,38913985932.935455,38167201128.70946,18.554958938508406,18.19887715849759,18.783515165724886,18.630968573797578
263.6550584271334,38963469366.65793,38130567336.2112,18.578553619414116,18.181409440933564,18.77838143509969,18.620523393721793
266.8349036093247,38944512251.43288,38093272390.24105,18.56951449154889,18.163626472304173,18.773539438088683,18.609908080347765
270.05309971655794,38996652739.153496,38055301856.95411,18.594376108407086,18.145521370266398,18.769001995360835,18.599119113559638
273.31010928501604,38858969148.98862,38016640947.88223,18.52872584666267,18.12708708338583,18.764082447860318,18.58815289156934
276.6064004293574,38846468341.7377,37977274525.517784,18.52276521426591,18.10831639379913,18.75843539645533,18.577005728877193
279.9424469099964,38920532825.02927,37937187076.39438,18.55808062627858,18.089201904378378,18.753272798298394,18.565673854159225
283.3187282011958,38825114293.93238,37896362700.106766,18.512583181490303,18.06973603349555,18.748106157822402,18.554153407990988
286.7357295599775,38928843824.75865,37854785104.76063,18.562043475496402,18.049911012852863,18.743115610396874,18.542440440537874
290.1939420958668,38788557675.622406,37812437591.990585,18.495152262107197,18.029718880339114,18.738028551446483,18.530530909189363
293.69386284147885,38610231487.895676,37769303056.844826,18.410122805175373,18.009151479974612,18.73126108980049,18.518420676164645
297.2359948239523,38687034052.253586,37725363972.0165,18.446743788450874,17.98820045439244,18.724089157684695,18.506105506084698
300.8208471372484,38571637549.80928,37680602360.083595,18.391720451386618,17.96685723160185,18.716862641806948,18.49358106335555
304.44893501532135,38586798178.04437,37634999795.827446,18.39894933908959,17.94511302609379,18.709245587297534,18.480842909470944
308.1207799061689,38461563100.046555,37588537395.62224,18.339234774410578,17.9229588337816,18.701182501223467,18.46788650033157
311.836909546778,38633699674.58823,37541195785.68215,18.421312901229577,17.900385416860622,18.693585428667372,18.454707183387846
315.5978580389755,38587372062.039536,37492955103.80994,18.39922297834063,17.877383304641963,18.686871561734254,18.441300194682036
319.4041659261899,38360108691.319885,37443794997.85009,18.29085930366599,17.85394279281494,18.678765292738643,18.427660655961468
323.2563802711419,38365342968.796074,37393694598.32294,18.29335511079844,17.83005393039845,18.66960484784725,18.413783571695962
327.15505473447257,38495850283.62146,37342632477.29815,18.35558358238018,17.805706500131063,18.66143238868982,18.399663825778614
331.100749654316,38312761959.27678,37290586659.80478,18.26828344442488,17.780890023911567,18.653145935923433,18.385296178138628
335.0940321268354,38584773186.283806,37237534614.86327,18.39798378292598,17.755593758522817,18.64557348076912,18.37067526144753
339.13547608772984,38527743865.76482,37183453206.0431,18.37079107379707,17.72980667205667,18.639383584848446,18.355795577572117
343.2256623947215,38150922085.25369,37128318692.290985,18.191114988274258,17.703517444308886,18.63087896536013,18.340651493838582
347.36517891104063,37900984251.35683,37072106741.87824,18.071939680632205,17.676714473429485,18.6190399692609,18.32523723946896
351.5546205899174,38392718860.51982,37014792374.224976,18.306408477978934,17.64938584818339,18.6088723256823,18.309546901849867
355.79458956008955,37940293892.280235,36956349930.0616,18.09068329570362,17.621519333722848,18.59913564007953,18.29357442239337
360.08569521234466,38188770992.52392,36896753087.39882,18.20916209661923,17.593102379202218,18.588501394147382,18.27731359241916
364.428554287106,38198434772.64731,36835974807.1333,18.213769978312186,17.564122091841693,18.579569078895705,18.26075804891489
368.82379096307136,37987966487.38652,36773987321.41103,18.113414532904912,17.534565231378718,18.569706717546357,18.24390127002543
373.2720369469261,38218994763.81385,36710762138.23548,18.22357338916115,17.504418212265232,18.560209091199205,18.226736570609795
377.7739315641329,38064406223.35547,36646269981.96582,18.14986251242103,17.473667075296078,18.55135518365202,18.209257097591195
382.3301218508199,38205850249.777336,36580480766.69225,18.217305824624468,17.4422974749138,18.542646818942963,18.191455824931797
386.94126264677766,38095712978.78671,36513363596.22766,18.164790193243185,17.41029467920468,18.53431308488239,18.173325548577097
391.60801668957356,38101774298.37943,36444886722.89008,18.16768035043114,17.37764355024539,18.525592867903004,18.154858881285747
396.33105470980524,37786220215.54532,36375017523.31646,18.017217916180474,17.344328532570533,18.51532023378812,18.136048247213065
401.11105552750286,37788706851.41064,36303722478.49129,18.018403593393174,17.310333643649873,18.503533427948962,18.116885876373562
405.94870614969005,37717160988.44637,36230967122.151245,17.98428910941793,17.27564244928668,18.491633294919115,18.097363798829434
410.84470186912574,37751840943.85901,36156716012.24618,18.00082519877613,17.24023805000973,18.479810462032784,18.07747383856479
415.7997463642362,37541037261.11206,36080932723.437614,17.900309829207025,17.20410307749647,18.467264612101932,18.05720760730219
420.81455180024926,37704732826.09631,36003579774.949425,17.97836311554817,17.16721966017077,18.454762591827098,18.036556498013663
425.88983893155137,37712880674.794846,35924618597.354126,17.982248171124308,17.12956940736598,18.44352213336931,18.015511677991547
431.02633720527984,37487205654.346924,35844009556.3744,17.87464185330647,17.09113342067397,18.431311393730486,17.994064082032317
436.22478486616023,37467120176.765976,35761711858.55316,17.865064699929864,17.051892248966745,18.41800876596697,17.972204405379518
441.48592906261183,37403604376.04976,35677683498.839874,17.83477910861915,17.011825863404567,18.404547620950957,17.949923096006472
446.81052595413337,37389214767.28878,35591881233.52354,17.827917858266606,16.970913644529855,18.390967020245622,17.927210346633697
452.1993408199794,37152690174.38525,35504260534.296455,17.715138249494686,16.929134360363907,18.37628339436462,17.904056086522523
457.65314816915196,37100897458.211006,35414775587.78264,17.69044245699522,16.886466166182,18.36032538520646,17.88044997320247
463.17273185171797,37200074090.939285,35323379178.61768,17.73773183904681,16.842886548763584,18.3450182025343,17.8563813837277
468.7588851714661,36902941058.64116,35230022663.899445,17.596052926404248,16.798372314209857,18.328942128022295,17.831839405338883
474.41241099992544,37118488137.05394,35134655931.20468,17.69883004093981,16.75289956792525,18.312803455786398,17.806812825964396
480.1341218917604,36811786599.80902,35037227299.866394,17.55258867569482,16.706443667544537,18.296514582761933,17.78129012414981
485.9248402015522,40663936462.879265,34937683494.903275,19.38936999790201,16.658979210501847,18.300778388037585,17.755259458523618
491.7853982019932,36892323160.96628,34835969572.77495,17.590990102572473,16.610479998629327,18.30513795617434,17.728708656944217
497.7166382035078,36328100434.85672,34732028887.455505,17.32195753589635,16.560919021980304,18.285012480782285,17.701625205294466
503.71941267531,36816560968.86888,34625802974.93234,17.55486518938878,16.510268403756054,18.264971522899444,17.673996235694876
509.79458436792675,36354208319.25517,34517231459.190254,17.33440629207927,16.45849935547717,18.24552064597071,17.64580851381339
515.9430264371982,36070667401.35593,34406252065.606026,17.199208368688062,16.40558218337034,18.22232357586515,17.617048426024066
522.1656225697697,36134386398.17797,34292800504.266354,17.229590847925053,16.351486232732046,18.198446210377707,17.587701966282175
528.4632671101007,36448269739.09034,34176810320.140263,17.37925663934894,16.2961798164878,18.177275845175057,17.557754721803807
534.8368651890073,36212631462.23527,34058212807.67266,17.266899643616817,16.239630174468655,18.157030394629768,17.527191857758226
541.2873328537482,35813305908.67726,33936936967.959988,17.076493313560178,16.181803452991705,18.13367255050663,17.495998101600044
547.8155971996863,36056562109.958755,33812909425.18192,17.192482686483693,16.122664665013076,18.110008316077952,17.46415772705733
554.4225965035367,36169628156.41744,33686054236.397083,17.246394815994044,16.062177599434754,18.088912957191475,17.431654536949047
561.1092803582181,35783128206.00791,33556292837.95478,17.06210398744865,16.00030479555263,18.066756018842042,17.39847184503722
567.8766098093348,35695334133.60675,33423543888.64689,17.02024203552074,15.937007468268215,18.042455149287196,17.36459245711691
574.7255574933044,35429279394.15642,33287723006.60118,16.893381868217286,15.872245382634189,18.016725310924514,17.329998650178545
581.6571077771479,35451213215.56517,33148742846.94298,16.903840348525762,15.805976890884988,17.990235926816215,17.294672151028063
588.6722568999686,34840396332.75029,33006513134.202938,16.61259076542959,15.738158947889492,17.961026478565543,17.258594116033684
595.7720131161401,35317013322.73829,32860940042.299397,16.839851182644725,15.668746815514334,17.931787862948628,17.221745108011454
602.9573968402125,35667944320.47438,32711926077.994923,17.00718203033699,15.59769400705367,17.907911993758,17.18410506951507
610.229440793577,34466012928.535995,32559370178.491737,16.43407734600175,15.524952333764606,17.879742456845662,17.145653296658768
617.5891901528903,35115785581.016815,32403167279.3617,16.74390181134759,15.450471698847666,17.849184210374062,17.106368411653204
625.0377027002941,34662085922.20511,32243208214.683147,16.527568831370296,15.374200049830065,17.820420073292773,17.066228332998712
632.5760489754474,34681925045.95291,32079379508.427258,16.537028518361776,15.296083279094582,17.78990284350462,17.025210244638664
640.2053124293863,34507790007.01836,31911563023.378845,16.453997484153287,15.216065056478053,17.75923053564188,16.983290562677514
647.9265895802449,33922859983.056934,31739635751.0692,16.175091267884163,15.134086729107192,17.724983530645705,16.940444899722507
655.7409901708554,34188213599.086357,31563469403.448235,16.301617125659206,15.050087126699786,17.689771604997254,16.89664802657061
663.6496373282415,33310733474.374016,31382930194.165146,15.88321722924524,14.964002457274974,17.651897710553733,16.851873831267767
671.6536677250424,33372779327.6196,31197878692.606903,15.912801920498936,14.875766237555924,17.610347062104367,16.806095277080754
679.7542317428836,33751405963.102757,31008169035.087067,16.093338596606163,14.785308916849031,17.572280617063807,16.759284356163
687.9524936377117,33655510532.45072,30813648533.2367,16.047613756668007,14.692557690316958,17.53669693510077,16.711412037664246
696.249631707129,33301501963.761127,30614157561.33821,15.878815462213261,14.597436445257179,17.499406336756625,16.662448214230608
704.6468384597479,32289548539.682053,30409528855.017944,15.396296034266964,14.499865426704718,17.455261501960106,16.612361645154667
713.145320786579,34144296547.67764,30199586917.30871,16.280676606047734,14.399760954231011,17.417020000665648,16.561119893560065
721.746300134495,32567016421.743805,29984147286.671425,15.52859821393274,14.297035072922128,17.381135547860847,16.508689257580347
730.451012681785,33531762848.5754,29763015753.630753,15.988608410955049,14.191595179855138,17.342727518705786,16.455034694607377
739.2607095158205,32289450874.85265,29535987645.981136,15.39624946574267,14.08334368327019,17.30358693033687,16.40011973887468
748.176656812871,32678529444.203396,29302846893.4299,15.581769830852492,13.972177556573829,17.260609519795338,16.343906411665213
757.2001360200866,32083093074.634956,29063364859.13475,15.297853980986133,13.85798778119294,17.217451405545827,16.286355121755477
766.3324440396711,35565210793.99492,28817298947.334816,16.958196650923025,13.740658682665664,17.191758846298686,16.227424553746225
775.5748934152812,47890866574.82231,28564391567.376556,22.835313358977224,13.620067436668437,17.2562623589791,16.167071545334746
784.9288125206746,32038028532.20841,28304367733.705074,15.276366314938551,13.496082924644332,17.29836083781092,16.105250948040887
794.3955457506266,31064466211.03911,28036932940.869484,14.812152524952925,13.368564720563546,17.244924178608237,16.041915465683292
803.9764537141556,31110324793.278885,27761770498.176952,14.834018804904398,13.237361820033678,17.187548042111114,15.97701546960649
813.6729134300795,29735583536.971886,27478537936.654152,14.178514955830419,13.102310927067812,17.123977147391134,15.910498782904636
823.4863185249237,30849034643.016975,27186863098.119026,14.709430488058576,12.963234589276498,17.060520744050663,15.842310427361515
833.4180794332223,29094307363.342785,26886337518.716,13.872741779820172,12.819938043006355,16.994848471096077,15.772392316831937
843.4696236002361,30416094344.39784,26576508193.819984,14.502995982029097,12.672205286683244,16.928390852503675,15.70068287394566
853.6423956871075,28788956393.382877,26256866250.914143,13.727144391796129,12.51979367981613,16.861683160161537,15.627116545293369
863.9378577784973,28795083285.610306,25926830824.998005,13.730065815314566,12.362426254472428,16.787455140670005,15.551623172879053
874.3574895927261,28988554577.0745,25585720439.6823,13.822316757561527,12.1997780692174,16.716119460618707,15.474127127313665
884.9027886944416,28900592731.807846,25232707287.39135,13.780374808209666,12.03145440900946,16.64706027701623,15.394546041074396
895.5752707098593,28881316925.7245,24866735666.53634,13.771183722233546,11.856951894429558,16.579033838032164,15.312788851624006
906.3764695445994,27844806029.396477,24486354673.544445,13.276954805313336,11.675578705928197,16.506621165959764,15.228752482277896
917.307937604142,27990525064.34897,24090227383.568012,13.346436526223712,11.48669737126866,16.430932596029706,15.142320555630818
928.3712460169497,26724420895.81181,23676965708.914795,12.742732991469694,11.289646022756974,16.350661087945163,15.053364057890025
939.5679848602816,29403504518.12838,23249239757.567017,14.0201731049185,11.08569782074369,16.28040594127173,14.9617644105381
950.8997633887208,25960878332.470314,22825858972.09009,12.378660780131044,10.883821479846189,16.20729523969108,14.867527715002327
962.368210265473,25854201296.946056,22425466860.418804,12.327795057528233,10.692906593764691,16.115981874835306,14.770871470182085
973.9749737964391,26294253664.60495,22035193481.63356,12.53762073888547,10.506816519860847,16.028733420723967,14.67203956625064
985.7217221671224,25713000730.667778,21635407027.622936,12.260467831941451,10.316190423343176,15.942719908881111,14.571086304759373
997.6101436823909,24514444057.15018,21224139198.026894,11.688972280164222,10.12008977963026,15.848670310439102,14.467943293666506
1009.6419470091245,22901135343.641457,20787175736.25478,10.919714744174923,9.911736949756106,15.740952452775,14.362451941783826
1021.8188614217956,24461473359.388897,20306684054.155704,11.663714802721572,9.682629002628609,15.635594877307732,14.254276280698297
1034.1426370510137,22262182220.019398,19792903006.064915,10.615049244401366,9.437648026710646,15.528997085385933,14.14304635998882
1046.6150451350566,20492001154.607815,19256813193.593643,9.770991865158763,9.182029790251907,15.402518317363242,14.028520874202968
1059.2378782744452,21101038574.423225,18693784064.58244,10.061392965065766,8.913566354303931,15.272558057283765,13.910499573644298
1072.0129506895892,19341363852.689487,18102708413.91944,9.22234521850053,8.631729781548179,15.139097379899843,13.788754663277912
1084.9420984815295,19554026663.926228,17483559405.687843,9.323747057341865,8.336507276088202,15.000127326735146,13.663057376050453
1098.027179895836,20614483416.56196,16833139865.217997,9.829393832646018,8.026374361741663,14.871669460891193,13.533166047107231
1111.270075589688,20297984369.213043,16149342555.598087,9.67848082060564,7.700326266228492,14.750410510838698,13.398814812757161
1124.6726889021647,19305194373.124107,15429616895.891058,9.205098894535686,7.357146822059756,14.62460617279354,13.25971778406637
1138.2369461278074,17305789381.270428,14670391485.359245,8.251743008833559,6.995133114654704,14.484847297318982,13.115561231619935
1151.9647967934795,16058803744.488281,13867154162.35109,7.657155568542086,6.612133656003015,14.330088260564207,12.965993168114647
1165.8582139385567,13846867335.545135,13014297647.74281,6.602460495329477,6.205474784401725,14.15942584449709,12.810612750162415
1179.919194398505,14862952892.3616,12104702580.449865,7.086950205975747,5.7717618475317485,13.986161425480837,12.648956695267314
1194.1497590918812,12929616505.863918,11129285685.793781,6.165097139378757,5.306663760189511,13.811721131158487,12.48048111215736
1208.5519533107824,10447545363.367298,10076176948.15206,4.981596476895803,4.8045206639155245,13.616455261948428,12.304536549298218
1223.1278470148095,16383777059.68943,8929049957.197126,7.812109279273754,4.257547803024173,13.445610943547889,12.120329527457288
1237.879535128577,8991108664.371525,7664567411.382453,4.287138623285618,3.6546174900902297,13.27013647891475,11.926861094162085
1252.8091378427982,15755002642.970592,6246983847.705798,7.512297188476646,2.978685580641123,13.09574707737538,11.72282182324607
1267.918800919016,10633832661.74643,4611945457.887619,5.070421949006203,2.199066904768495,12.934365569951984,11.506366946150749
1283.210695998004,7310273192.157194,2636474638.2736206,3.485682991804573,1.2571233062553457,12.729169492640786,11.274635300613335
1298.6870209118815,0.0,0.0,0.0,0.0,12.46863621307572,11.0223214972938
1314.35,0.0,0.0,0.0,0.0,12.173231904079449,10.761182972614714
