R_kpc,Sigma_bar,Sigma_eff,kappa_bar,kappa_eff,kappa_bar_mean,kappa_eff_mean
1.0,40445504725.87253,40448550347.243256,19.285217421036407,19.28666963360526,0.0,0.0
1.0120606264911474,40445551300.650696,40448594682.58305,19.285239628812757,19.28669077357306,0.45690158318422297,0.4569359759742666
1.0242667116936537,40445605797.04506,40448640102.123,19.285265613772545,19.286712430508953,0.902978921227408,0.903046827830781
1.0366200099307066,40445638362.935074,40448686632.40894,19.285281141833664,19.28673461707053,1.3384883797329128,1.3385890345340852
1.0491222966837304,40445686788.26279,40448734300.93053,19.285304231988675,19.286757346365395,1.7636802976699155,1.7638129989082334
1.0617753688475675,40445736551.43354,40448783135.76352,19.28532796005374,19.28678063178063,2.1787992126861533,2.17896319160006
1.0745810449887383,40445787880.88386,40448833165.78698,19.285352434951903,19.286804487086343,2.5840837886613404,2.5842782916309432
1.0875411656068144,40445839705.03094,40448884420.626945,19.28537714573128,19.28682892640882,2.9797670302942945,2.979991323619524
1.1006575933989453,40445891280.14931,40448936930.41428,19.28540173776884,19.286853964115046,3.3660764117430664,3.366329791751691
1.113932213527575,40445949104.69797,40448990725.99647,19.28542930965849,19.286879614913712,3.7432340506457358,3.7435158105764135
1.127366933891388,40446001496.84495,40449045839.10883,19.285454291271467,19.286905893936854,4.1114567723829145,4.111766232704971
1.1409636853995222,40446055348.07927,40449102302.30024,19.285479968606175,19.286932816704415,4.470956238925135,4.47129277348528
1.1547244222490889,40446114516.331856,40449160149.00916,19.285508181200463,19.28696039916052,4.821939158205844,4.822302132722457
1.1686511222060412,40446176988.85768,40449219413.44978,19.28553796933765,19.286988657619165,5.1646073511010835,5.164996113515436
1.1827457868894284,40446231879.37102,40449280130.57967,19.28556414222117,19.287017608748815,5.499157783830337,5.4995717382772655
1.19701044205908,40446295053.748436,40449342336.38595,19.28559426501509,19.28704726970884,5.8257827851630655,5.82622136200814
1.2114471379067577,40446360078.7307,40449406067.863045,19.28562527021404,19.28707765813892,6.144670179779763,6.1451327828862805
1.2260579493508208,40446428223.903595,40449471362.89024,19.285657763181664,19.287108792100643,6.456003313552571,6.456489350237873
1.2408449763344431,40446492334.2363,40449538260.2161,19.285688332257596,19.287140690070093,6.759961155033427,6.760470069948237
1.2558103441274293,40446564321.258575,40449606799.47631,19.285722657095068,19.287173370946345,7.056718460200892,7.0572497073756555
1.2709562036316695,40446629646.239296,40449677021.40555,19.285753805339223,19.287206854152508,7.346445829016712,7.34699888782827
1.2862847316902777,40446702982.50711,40449748967.86421,19.285788773523677,19.287241159648445,7.629309821373471,7.629884194661832
1.3017981314004599,40446780055.090096,40449822681.7686,19.28582552325718,19.287276307897496,7.905473109153883,7.906068265053127
1.3174986324301545,40446852420.98604,40449898207.05311,19.285860028749116,19.28731231984845,8.175094438275819,8.17570988350372
1.3333884913384921,40446933373.18026,40449975588.700645,19.28589862835807,19.28734921695005,8.438328821812577,8.438964073128394
1.34946999190012,40447007385.025734,40450054872.88365,19.285933918671326,19.28738702121823,8.695327586708025,8.695982184781807
1.3657454454334392,40447090128.2868,40450136107.04502,19.28597337229641,19.2874257552747,8.946238476575852,8.946911984074783
1.3822171911327976,40447177505.77378,40450219339.84948,19.286015035612163,19.287465442323764,9.191205799427099,9.191897736329238
1.3988875964046932,40447258430.288574,40450304621.16255,19.286053622023015,19.287506106142295,9.430370358354228,9.431080289519972
1.415759057208029,40447348483.1478,40450392002.066315,19.28609656100922,19.287547771087237,9.663869646859736,9.664597155251387
1.4328339983984741,40447433152.039696,40450481534.89385,19.28613693281321,19.28759046211204,9.891837905998178,9.892582587816031
1.4501148740769754,40447526187.5452,40450573273.45651,19.286181293984214,19.28763420487502,10.114406193067639,10.115167661381548
1.467604167942475,40447622083.050934,40450667273.06165,19.286227018859954,19.287679025747817,10.331702506297107,10.332480345350335
1.4853043936488803,40447718173.87655,40450763590.33351,19.28627283686808,19.287724951729995,10.543851765350272,10.544645577932885
1.5032180951663396,40447822463.71705,40450862283.22107,19.28632256432883,19.287772010452773,10.750975960838256,10.751785337977045
1.5213478471468749,40447916881.064514,40450963411.257454,19.286367584389442,19.28782023030272,10.953194135446818,10.954018715097074
1.5396962552944244,40448023279.21246,40451067035.62542,19.286418317132927,19.287869640452993,11.150622534240053,11.151461978143018
1.5582659567393489,40448129210.40637,40451173219.0089,19.28646882722348,19.28792027079253,11.343374700192921,11.344228642047453
1.5770596204174525,40448236720.9913,40451282025.69523,19.286520090398945,19.2879721519748,11.531561427983938,11.532429533088253
1.5960799474535783,40448347497.44762,40451393521.66755,19.28657291080654,19.288025315461876,11.715290908439522,11.716172852606293
1.615329671549826,40448462315.5216,40451507774.63349,19.286627658337466,19.288079793538095,11.894668783028468,11.895564239214194
1.6348115593784562,40448579327.3031,40451624854.072464,19.286683451871564,19.288135619332614,12.069798184239303,12.07070682953171
1.65452841097953,40448701200.32105,40451744831.24156,19.286741563339447,19.288192826822232,12.24077980594968,12.241701317482475
1.6744830601633456,40448835985.10648,40451867779.22044,19.286805831393703,19.28825145085277,12.407712017140755,12.408646012186152
1.6946783749177292,40448947065.415215,40451993773.13699,19.28685879668415,19.288311527246695,12.570690693394807,12.571636894480617
1.7151172578202367,40449079111.84262,40452122890.1713,19.28692175903508,19.288373092805003,12.729809487075961,12.730767672106252
1.7358026464553273,40449210561.72594,40452255209.40219,19.28698443694198,19.288436185234037,12.8851599600356,12.88612983358202
1.7567375138365704,40449346613.79811,40452390811.94242,19.287049309263647,19.28850084320997,13.036831413337708,13.037812700805004
1.7779248688339402,40449484838.86469,40452529781.1037,19.287115217712067,19.28856710645747,13.184911047729313,13.185903480405473
1.7993677566062685,40449626704.58057,40452672202.43391,19.28718286209415,19.28863501576747,13.329483992716483,13.330487313886405
1.8210692590389104,40449772171.96522,40452818163.757195,19.287252223823213,19.288704613016257,13.470633368953566,13.471647326575503
1.8430324951866892,40449922689.18018,40452967755.239395,19.287323993411352,19.288775941196683,13.608440335827757,13.609464675418131
1.8652606217221832,40450076377.811874,40453121069.43265,19.287397275193776,19.288849044439445,13.742984127372237,13.744018595638469
1.88775683338942,40450236014.9692,40453278201.34966,19.287473393350993,19.288923968048483,13.874342105657918,13.875386446295956
1.9105243634630407,40450393336.138374,40453439248.56101,19.287548407199207,19.289000758547378,14.002589768541114,14.00364375476329
1.9335664842130058,40450557544.37317,40453604311.28567,19.287626704936667,19.28907946372252,14.127800831091404,14.128864260151827
1.9568865073748998,40450730732.697334,40453773492.45959,19.287709284558527,19.289160132655805,14.250047325499988,14.25111995570897
1.9804877846259143,40450900899.57739,40453946897.78804,19.28779042349602,19.28924281574961,14.369399520942522,14.370481130211795
2.0043737080665673,40451084146.47707,40454124635.84007,19.287877799245834,19.2893275647718,14.485926045901481,14.48701640838085
2.0285477107082346,40451261469.637344,40454306818.09452,19.287962350439418,19.289414432877688,14.599693885345987,14.600792790337223
2.0530132669665586,40451445366.50087,40454493559.05654,19.288050036104863,19.289503474665604,14.710768401567897,14.711875690125769
2.0777738931608125,40451639517.40257,40454684976.457054,19.288142611098728,19.289594746271984,14.819213499388715,14.820328973327374
2.102833148019282,40451834444.1491,40454881191.26249,19.288235556030763,19.289688305376007,14.925091536416474,14.926214993781386
2.1281946331907466,40452043178.99719,40455082327.71618,19.28833508493901,19.289784211219366,15.028463413732617,15.029594629438222
2.153861993762124,40452243917.9975,40455288513.49325,19.28843080126872,19.289882524680078,15.12938853883784,15.130527317363727
2.1798389187823672,40452469292.618034,40455499879.72408,19.288538264349913,19.289983308283713,15.227924974763571,15.229071087915244
2.206129141792668,40452666949.87576,40455716561.14863,19.288632511243755,19.290086626276942,15.324129294652568,15.325282598108911
2.232736441363065,40452891369.20106,40455938696.46995,19.28873951882126,19.290192544796135,15.418056746956578,15.419217164199384
2.2596646416355184,40453123194.552444,40456166428.34178,19.28885005773864,19.290301131861415,15.509761467082216,15.510928793489587
2.2869176128735367,40453358416.91365,40456399903.196976,19.288962216417556,19.290412457294867,15.599296176416845,15.600470215385757
2.314499272018431,40453593518.256744,40456639271.44626,19.28907431739264,19.290526592815304,15.686712304784978,15.687892911716938
2.3424135832522777,40453832618.44147,40456884687.78026,19.289188325094585,19.290643612182276,15.77206006720449,15.773247146338958
2.3706645585676736,40454086081.11182,40457136311.502556,19.289309181114035,19.290763591354885,15.855388571029003,15.856581994040646
2.399256258344359,40454346445.91293,40457394306.62365,19.289433328206087,19.290886608536585,15.936745775966399,15.937945368767602
2.4281927919327986,40454615036.56237,40457658841.83525,19.28956139754548,19.291012744162927,16.0161784711087,16.017384051177668
2.4574783182447963,40454888296.79348,40457930090.42531,19.289691693433866,19.29114208086103,16.09373232425515,16.094943715542968
2.4871170463512398,40455163314.47291,40458208230.530365,19.289822827308406,19.29127470356993,16.169451884739054,16.170668956015472
2.5171132360870474,40455446358.20698,40458493445.59549,19.289957788164703,19.29141069975986,16.243380665709672,16.244603312274425
2.547471198663417,40455741037.69239,40458785924.45397,19.290098297177614,19.291550159470283,16.315561205118037,16.316789294569066
2.578195297287452,40456045192.86681,40459085861.43146,19.29024332438665,19.291693175359505,16.38603504110769,16.387268408169156
2.6092899477892684,40456355702.13876,40459393456.539116,19.29039138135519,19.291839842796815,16.45484269784398,16.45608117723788
2.6407596192566607,40456663671.12663,40459708915.715385,19.290538227065987,19.291990259977737,16.52202367133629,16.523267168141594
2.6726088346774195,40456988566.77459,40460032450.99421,19.29069314374344,19.292144528004254,16.587616582540683,16.588865012209695
2.7048421715894047,40457316849.244576,40460364280.72334,19.29084967532469,19.292302750988895,16.651659169774558,16.652912427957396
2.7374642627384485,40457660662.14835,40460704629.81918,19.291013612124253,19.292465036176257,16.71418827025021,16.715446242784726
2.770479796744201,40458007899.063644,40461053729.929184,19.291179181560295,19.292631494020426,16.775239847829454,16.77650241416374
2.803893518774003,40458364833.537674,40461411819.7228,19.291349374984346,19.29280223832373,16.83484898200199,16.836116050326385
2.837710231224885,40458736988.33918,40461779145.182526,19.29152682576188,19.292977386375487,16.893049987765988,16.894321430465485
2.8719347944137956,40459115218.38306,40462155959.78136,19.291707173335258,19.29315705903664,16.94987634617918,16.951152024459795
2.9065721272761507,40459498660.01405,40462542524.75683,19.291890005896555,19.293341380870427,17.00536068882052,17.00664051213425
2.941627208072808,40459895777.75327,40462939109.36471,19.292079359497023,19.293530480263314,17.059534917416702,17.06081880206695
2.977105075105571,40460295674.60628,40463345991.345665,19.29227003823397,19.293724489647563,17.112430163490405,17.113718049954567
3.013010827441318,40460717181.98195,40463763457.33393,19.29247102129598,19.293923545696046,17.164076866825745,17.16536867654766
3.0493496256448713,40461144096.50661,40464191802.96538,19.292674582593683,19.2941277893738,17.21450475969178,17.21580038516393
3.086126692520694,40461587169.95755,40464631333.127426,19.292885848787364,19.29433736605718,17.263742840066936,17.265042178788594
3.123347313863546,40462035946.04541,40465082362.412415,19.293099834111228,19.29455242575005,17.311819419866634,17.31312237677362
3.161016839218183,40462500565.07649,40465545215.60396,19.293321373664096,19.29477312331566,17.358762139158866,17.360068631146603
3.1991406826482205,40462972953.28551,40466020228.10014,19.293546617714817,19.294999618678464,17.404597994224854,17.4059079425384
3.237724323514275,40463462658.52024,40466507746.270775,19.29378011886626,19.29523207699444,17.449353350678354,17.45066667573786
3.2767733072614837,40463965948.495964,40467008127.84513,19.29402009749116,19.29547066883599,17.49305398188329,17.494370574882165
3.3162932462165258,40464477436.61141,40467521742.43829,19.2942639851514,19.2957155704429,17.535724999023724,17.53704477829252
3.356289820394258,40465001888.43827,40468048972.05497,19.294514054165898,19.295966963962584,17.57739091519075,17.578713832964137
3.396768778314074,40465544864.58567,40468590211.57644,19.29477295594319,19.29622503768225,17.618075721069353,17.619401708718556
3.4377359378261105,40466102539.895905,40469145869.31012,19.295038866572348,19.29648998629096,17.657802848446888,17.659131812026466
3.4791971869474256,40466668310.35262,40469716367.62669,19.295308637127622,19.29676201118342,17.69659511496798,17.697926999509846
3.521158484708249,40467256011.616646,40470302143.5502,19.29558886472602,19.29704132074134,17.734474839225324,17.735809591131034
3.56362586200845,40467853632.02872,40470903649.33428,19.29587382197059,19.297328130608214,17.77146382047173,17.772801383075986
3.606605422484327,40468479949.75886,40471521353.25069,19.29617246266459,19.29762266406528,17.80758338075879,17.80892366034
3.6501033433858567,40469110084.601776,40472155740.28016,19.296472923433534,19.29792515236096,17.842854301035928,17.844197209023623
3.6941258764645224,40469763504.8493,40472807312.81439,19.29678448714441,19.29823583504556,17.87729684084777,17.87864232834509
3.7386793488718437,40470438127.51444,40473476591.49884,19.297106160587795,19.298554960373142,17.910930877222807,17.912278842376924
3.7837701640687524,40471123991.9349,40474164116.11422,19.29743319432268,19.298882785721837,17.9437757479736,17.945126111514195
3.8294048027459335,40471824085.950645,40474870446.51443,19.29776701301033,19.29921957804107,17.975850293818734,17.97720304368137
3.875589823755259,40472553255.08939,40475596163.57715,19.298114695292274,19.299565614304814,18.007173010237146,18.008528105284338
3.922331865052462,40473294319.15567,40476341870.23934,19.298468049311165,19.29992118200536,18.037761940245435,18.0391193319141
3.9696376446511854,40474058722.10716,40477108192.61494,19.29883253177261,19.300286579686215,18.06763466795764,18.068994338809148
4.017513961588521,40474858530.70033,40477895781.19713,19.29921389634499,19.300662117515422,18.09680849370669,18.098170331082994
4.06596769690221,40475664211.070946,40478705312.12955,19.299598060697107,19.301048117891646,18.125300207880702,18.12666411372342
4.115005814619619,40476487690.21588,40479537488.5173,19.299990711857216,19.301444916069325,18.153126105027322,18.154492101369357
4.164635362758645,40477346222.21412,40480393041.861694,19.300400076911778,19.30185286084276,18.18030225865268,18.181670327871693
4.214863474340702,40478223292.770195,40481272733.63185,19.30081828151776,19.30227231529551,18.20684436448807,18.208214455644537
4.265697368415905,40479129514.3186,40482177356.93315,19.301250385894033,19.30270365759592,18.2327677139874,18.23413978481323
4.317144351100639,40480064296.58037,40483107738.27972,19.3016961085839,19.30314728184229,18.258087292552116,18.259461262165093
4.369211816627631,40481015618.719635,40484064739.53865,19.302149717814828,19.303603598989913,18.28281765893358,18.284193489909082
4.421907248408684,40482002401.69786,40485049260.00332,19.30262023547585,19.304073037839675,18.306973066982252,18.308350734250585
4.4752382201102385,40483018126.45997,40486062238.50827,19.303104553152437,19.30455604604648,18.330567502038434,18.331946933786842
4.529212396741896,40484048355.44284,40487104655.93339,19.303595786728646,19.305053091313265,18.35361449946611,18.354995707729383
4.583837535758073,40485126982.42602,40488177538.06511,19.30411009742962,19.305564662755323,18.37612738548432,18.377510363962166
4.639121488172954,40486236871.20743,40489281958.18067,19.304639314374935,19.306091272132488,18.398119263515138,18.399503906939408
4.695072199688863,40487367000.74385,40490419039.924286,19.305178182512975,19.306633455220567,18.419602767702006,18.420989045427252
4.75169771183828,40488540136.79965,40491589960.889565,19.305737557010932,19.307191773519502,18.44059030034518,18.441978200098422
4.8090061631396015,40489762167.03696,40492795956.27965,19.30632024522267,19.307766815998615,18.461094131185583,18.462483510988015
4.867005790266854,40490988219.330215,40494038322.83523,19.306904851230314,19.308359200969537,18.481126017355244,18.482516844815343
4.925704929233514,40492268742.71478,40495318423.176254,19.307515430132753,19.308969578156443,18.500697472166394,18.502089802179157
4.9851120165906035,40493585292.398506,40496637690.535446,19.308143187087904,19.30959863095306,18.519819914599115,18.521213724633615
5.0452355906392325,40494949530.71543,40497997634.05826,19.308793682927536,19.31024707894983,18.53850445580702,18.539899701653344
5.106084292657776,40496350396.652565,40499399844.571106,19.309461643541663,19.310915680684275,18.556761946327736,18.558158577495973
5.1676668681438365,40497796847.81635,40500846000.84366,19.310151340094386,19.31160523662702,18.574602968427204,18.576000957970088
5.229992168071196,40499407340.29653,40502337876.61951,19.310919254794566,19.31231659253412,18.59203857704394,18.59343721711793
5.293069150161929,40500838254.89211,40503877348.43938,19.311601543203963,19.31305064317735,18.609078277758915,18.6104775038237
5.356906880173848,40502417279.35721,40505466404.29558,19.312354453331526,19.3138083364708,18.625731283690936,18.627131748358394
5.4215145332034815,40504060555.03392,40507107153.27701,19.31313799970888,19.314590678069816,18.642007952983576,18.643409668873016
5.486901395004776,40505746995.347694,40508801836.33334,19.31394212783978,19.315398736503568,18.657917807734556,18.659320777853196
5.5530768633236836,40507501515.11377,40510552838.369995,19.314778717601428,19.31623364894218,18.67347016762682,18.674874388550112
5.620050449248863,40509313477.47597,40512362701.781456,19.315642697130194,19.317096627649676,18.688674210986676,18.690079621403836
5.687831778578659,40511177942.20159,40514234141.785355,19.316531710825316,19.317988967295584,18.703538810897363,18.704945410477613
5.756430593204574,40513123275.174065,40516170063.84766,19.317459284101623,19.318912053263595,18.71807276366698,18.719480509924818
5.825856752511429,40515116696.914,40518173583.438896,19.318409787054353,19.319867371071748,18.732284630203587,18.733693500512764
5.896120234794399,40517192428.61986,40520248048.555984,19.31939953702846,19.320856517111256,18.746182779003785,18.747592796230872
5.967231138693149,40519338986.854706,40522397065.52941,19.320423058493862,19.32188121095189,18.759775507183093,18.761186651015368
6.039199684643272,40521571212.571884,40524624528.80591,19.32148742791094,19.322943309542964,18.773070935139245,18.77448316562879
6.11203621634521,40523882180.07691,40526934655.40354,19.32258934297145,19.324044823642183,18.786077034854443,18.787490294739474
6.1857512022509145,40526271375.292404,40529332024.97641,19.323728558553118,19.32518793691929,18.79880154763498,18.800215854254446
6.2603552370684294,40528768025.36133,40531821626.694626,19.324919010736366,19.326375028309368,18.811252194570343,18.812667528969918
6.335859043284609,40531344846.55656,40534408914.399216,19.32614769009992,19.327608698311806,18.82343652288739,18.824852880617108
6.412273472706223,40534032395.06578,40537099871.98601,19.32742916643904,19.328891800166605,18.835361921447994,18.836779356398665
6.489609508019627,40536841848.93196,40539901091.346054,19.32876876966592,19.33022747701793,18.847035839132428,18.84845429813279
6.567878264369249,40539753690.3455,40542819865.90876,19.33015719330252,19.331619206517324,18.85846550019838,18.859884952149876
6.647090990955133,40542798662.25277,40545864304.14631,19.33160909619434,19.333070854944854,18.869658022853244,18.87107848012482
6.727259072649714,40545970480.91539,40549043468.39381,19.33312148213051,19.334586743401328,18.880620493562038,18.882041971078763
6.808394031634124,40549305856.78061,40552367546.09225,19.3347118553791,19.336171729460307,18.89136000421535,18.892782454848962
6.89050752905422,40552778447.14855,40555848063.45904,19.336367655219252,19.337831309050454,18.90188353511009,18.90330691741507
6.973611366696582,40556429066.84018,40559498155.47367,19.338108342965683,19.339571745190046,18.912197985184953,18.913622318596094
7.057717488684729,40560253319.15549,40563332911.468124,19.339931822184784,19.34140023277132,18.922310294102218,18.92373561280763
7.142837983195795,40564291104.02692,40567369824.00012,19.341857117954305,19.34332511259213,18.93222743914587,18.933653773818246
7.228985084197899,40568534984.0244,40571629382.156906,19.34388068396034,19.34535615425493,18.94195641405262,18.943383824810812
7.3161711732084855,40573046701.60985,40576135870.58602,19.34603196023115,19.34750493716047,18.951504355941527,18.95293287560297
7.404408781073854,40577828080.413445,40580918469.264854,19.34831181630971,19.349785374899692,18.960878589855806,18.96230816972109
7.493710589770156,40582911593.428894,40586012807.35956,19.35073573596234,19.352214456164432,18.970086462052592,18.971517145363006
7.58408943422613,40588352224.83637,40591463225.087204,19.353329936734763,19.35481332324807,18.979135639494572,18.980567516492894
7.67555830416779,40594208212.541916,40597326186.206665,19.356122187613614,19.35760889918874,18.988034247129296,18.98946738410466
7.768130345985381,40600531402.985794,40603675657.51552,19.3591372100081,19.36063645281997,18.996790838989096,18.998225394576128
7.861818864622859,40607448055.45037,40610612064.59996,19.362435206843823,19.36394386904956,19.005414774970113,19.006850975363268
7.956637325490131,40615086517.95701,40618278286.45737,19.366077376998486,19.36759927541227,19.013916631399532,19.015354706277307
8.052599356398389,40623646973.13314,40626891049.39373,19.37015917151221,19.371706011301697,19.022308592122997,19.023748950154285
8.149718749518765,40633469783.675026,40636811458.693306,19.374842882057294,19.376436258866775,19.030605610268235,19.03204904562003
8.24800946336461,40645179387.52553,40648741332.91803,19.380426253007954,19.382124659092927,19.038827743853275,19.040275983210076
8.3474856247977,40660271680.50504,40660691126.01207,19.387622557108116,19.387822557030333,19.047006581593475,19.048442891489632
8.448161531058608,40685542008.80106,40667052110.10133,19.399671949958886,19.390855600183205,19.05521997513228,19.056519547683823
8.550051651821585,40690828156.63758,40667784261.03547,19.402192489906103,19.391204704244224,19.063410695962116,19.064444727420746
8.653170631274223,40680476462.155334,40667245736.00902,19.39725659702705,19.390947924849527,19.071378222484746,19.072183196111503
8.757533290222188,40700937209.78362,40666718163.17315,19.40701268659208,19.390696367676135,19.079215126809615,19.079732305297448
8.863154628219347,40703877397.58171,40666204952.80428,19.408414626346055,19.390451658811372,19.086997944490008,19.087096684345852
8.970049825723585,40691551675.32763,40665674667.84784,19.402537477942236,19.390198808445195,19.094542843577077,19.09428069346093
9.078234246278617,40697076283.18364,40665137277.35873,19.405171720347944,19.389942570020363,19.101871179738822,19.1012884696888
9.187723438722127,40697239238.647705,40664600486.69938,19.405249420739512,19.389686617606237,19.109057838359135,19.108124151816348
9.298533139420517,40683389815.6658,40664054339.6532,19.3986457416614,19.389426203881627,19.115996451695967,19.114791767263572
9.410679274530622,40684148113.268364,40663495511.80541,19.399007312971598,19.389159743699746,19.122697228087382,19.12129517324448
9.524177962288718,40703597429.54667,40662930990.652145,19.408281132043946,19.38889056883709,19.129354023740156,19.1276381566283
9.639045515327101,40679377024.297134,40662362914.5314,19.396732363288837,19.388619698895564,19.13582468064004,19.133824465948344
9.755298443018628,40691745850.160675,40661787845.123184,19.40263006434704,19.388345494416107,19.142076332950918,19.13985775339687
9.872953453849549,40682537858.062035,40661205810.61718,19.39823951140829,19.38806796884013,19.14819699541673,19.145741565494923
9.992027457820912,40693802137.014046,40660615561.163055,19.4036105426305,19.38778652621424,19.154184956209967,19.151479357796447
10.112537568878977,40690117222.47231,40660016044.662186,19.401853502420543,19.38750066487699,19.160073356314474,19.157074490991615
10.234501107374921,40710449762.33434,40659408865.61785,19.411548459984278,19.387211149887303,19.165917094579644,19.16253024935994
10.357935602554209,40703724070.464836,40658795707.26622,19.408341516941054,19.386918783845516,19.171698324448347,19.167849857943466
10.48285879507597,40693789974.20853,40658175343.516975,19.403604743164017,19.38662298212749,19.177248377571505,19.173036467860868
10.60928863956282,40696791499.49782,40657547508.79273,19.4050359298482,19.386323618100672,19.18262822032882,19.178093147182196
10.737243307181362,40692365575.224884,40656910560.69148,19.402925561527393,19.386019908635262,19.187872307995146,19.183022880465877
10.866741188253847,40703766541.21823,40656265021.34911,19.408361767837135,19.38571210269599,19.193032087219933,19.187828575306426
10.997800894901342,40676812656.227776,40655612456.06887,19.395509621822253,19.38540094665044,19.197980475009437,19.192513082238168
11.130441263718758,40699706567.684135,40654952285.00668,19.40642589207395,19.38508616401747,19.202790382160902,19.197079189754756
11.264681358482123,40686854367.71735,40654281741.32268,19.400297708673147,19.384766435513054,19.207541842913617,19.201529601308135
11.400540472888565,40684174409.821526,40653602365.44559,19.39901985168878,19.38444249564411,19.212093346283975,19.20586694951925
11.538038133329287,40717905191.3758,40652917323.71605,19.415103356158923,19.384115854184543,19.21671363530289,19.210093831278108
11.677194101695985,40682304311.94017,40652224434.05711,19.398128151993475,19.38378547067686,19.22121155104888,19.214212787328133
11.818028378221166,40685464728.2498,40651519918.02241,19.39963510106199,19.38344954348302,19.2254209801443,19.21822626449678
11.960561204352672,40674601512.306725,40650805254.69396,19.39445530462296,19.383108777858624,19.229486697365274,19.222136638832165
12.104813065662881,40657223526.549,40650083301.05925,19.38616913695244,19.38276453607186,19.233296353500435,19.225946254627885
12.250804694792999,40686789076.71487,40649352769.41846,19.40026657663049,19.382416204121967,19.237086181157004,19.22965740936057
12.39855707443289,40669318857.778305,40648610916.61119,19.391936430354203,19.382062474015754,19.240852947265644,19.23327232325854
12.548091440336803,40679502275.93675,40647858852.50727,19.396792085750423,19.381703874961126,19.244490249763842,19.236793154853963
12.699429284375467,40714389565.049225,40647098703.63751,19.41342703592164,19.381341420930077,19.24829678991487,19.24022202985427
12.852592357625056,40697788657.50806,40646328879.46395,19.4055113945299,19.38097435352262,19.25211469108636,19.24356102650673
13.007602673493352,40702948517.36568,40645549212.513405,19.407971717868445,19.38060259288422,19.25577825297964,19.246812163939502
13.164482510883603,40694643453.6597,40644759758.417244,19.404011699064107,19.380226165541018,19.259336797414964,19.249977412819838
13.32325441739661,40691421587.12509,40643960057.04316,19.40247544931169,19.37984485209282,19.262746097446282,19.25305869482409
13.483941212571365,40693878582.446236,40643150003.61516,19.403646993326085,19.37945860258036,19.26607049706217,19.256057882921933
13.646565991164776,40677189472.20865,40642329731.12552,19.395689295142393,19.379067480416982,19.269235099398266,19.258976805876433
13.811152126471006,40679034752.385086,40641499301.08541,19.396569161264637,19.37867151493244,19.272241510908348,19.26181725022019
13.977723273680795,40679778421.738174,40640657939.20835,19.396923757535866,19.3782703369316,19.27519128116306,19.264580956105355
14.146303373281274,40687365985.4122,40639805303.20121,19.400541658119412,19.377863783202326,19.278118455576166,19.267269616164537
14.316916654496875,40695845005.1679,40638942226.11662,19.404584622612354,19.3774522509606,19.28106705997317,19.26988488574063
14.489587638771654,40683813787.991554,40638068120.6735,19.398847900060414,19.377035460179187,19.283925048155346,19.272428382298617
14.664341143293623,40684756866.74708,40637182725.78041,19.399297578682766,19.376613286364506,19.286653134988462,19.274901680201953
14.84120228456165,40673196938.351776,40636286610.98764,19.393785575952524,19.376186001089422,19.289256197485393,19.27730631828504
15.020196481995317,40673730270.54626,40635377464.09164,19.394039879302127,19.375752501849494,19.29173571606208,19.279643788983815
15.201349461588306,40684033024.51216,40634456058.00858,19.398952436374035,19.37531315718647,19.29421802725658,19.28191554078576
15.384687259605924,40697080610.74955,40633523953.482315,19.405173783817048,19.3748687112939,19.296773512051256,19.284123001069133
15.570236226327143,40676387908.94054,40632579754.79604,19.39530709390626,19.374418498666397,19.299224128141848,19.28626756422704
15.758023029831811,40685789175.599625,40631623424.57029,19.399789803982017,19.373962501480676,19.301553925588895,19.2883505835683
15.948074659833509,40659564546.295105,40630654394.900345,19.38728538151649,19.373500448948537,19.303732295409414,19.290373376902583
16.14041843155869,40696346014.94478,40629672709.8686,19.404823513993303,19.37303236208933,19.30592081775949,19.292337227880285
16.335081989672556,40682486302.103355,40628678808.87987,19.398214928506448,19.37255845041997,19.30818524579491,19.29424339248412
16.532093312252265,40688156660.03589,40627672044.646484,19.4009186674343,19.372078405300886,19.31035043030851,19.296093095729326
16.731480714808132,40670528716.42879,40626651883.61815,19.392513314912364,19.37159197232473,19.312395988194925,19.297887526942404
16.933272854353273,40673502114.20331,40625618641.70995,19.393931089840613,19.371099302126073,19.31431100654736,19.299627846072035
17.13749873352231,40676309411.5155,40624572286.744545,19.39526966477986,19.370600379362116,19.316213300494653,19.30131518717655
17.34418770473983,40680018994.878914,40623511551.204765,19.3970384675724,19.370094599655584,19.318107365912475,19.302950650063398
17.553369474439055,40691591492.991615,40622436808.63518,19.402556463792763,19.369582141119917,19.32004314240216,19.30453530348975
17.765074107331372,40676849239.21149,40621348583.44282,19.395527065313182,19.36906325380277,19.321914262026002,19.306070195969024
17.979332030727445,40692345691.85104,40620246196.69344,19.402916080741083,19.368537613974866,19.323746335259262,19.30755635025994
18.196174038910378,40680850446.50637,40619129300.39727,19.39743492017002,19.368005055707773,19.325556689783493,19.308994759101004
18.415631297561585,40691534542.355,40617997770.87164,19.40252930860168,19.36746552002716,19.327320323036886,19.310386389054365
18.637735348240156,40682640761.3556,40616851488.39965,19.398288577736007,19.36691894984963,19.329051622147716,19.31173218240794
18.862518112916142,40686258936.99004,40615690141.451485,19.400013795513626,19.366365196631605,19.33071252879983,19.313033056682812
19.090011898558522,40668970230.45089,40614513714.717125,19.39177019794213,19.365804253072962,19.332256161710056,19.31428990582628
19.320249401778593,40690785931.62213,40613321913.423004,19.40217235618274,19.36523597861983,19.333790117242145,19.31550360084549
19.553263713529255,40682125601.77373,40612114273.48016,19.39804293944789,19.3646601519854,19.335361005026023,19.31667498781983
19.789088323861044,40699160076.247894,40610890711.883606,19.40616531413734,19.364076733591254,19.336942845781003,19.317804889706267
20.027757126735455,40694453469.65941,40609651226.65602,19.403921110931336,19.363485722494566,19.338556106006994,19.31889410948716
20.269304424896426,40761407578.87501,40608395528.196335,19.43584615580854,19.36288698060781,19.340485167573345,19.319943429464125
20.513764934800466,40673356499.42859,40607123131.47676,19.393861657833046,19.362280276660137,19.342244114953242,19.320953609022645
20.76117379160629,40669065724.12484,40605833910.988716,19.391815731216518,19.36166555080657,19.343442645826876,19.321925386120654
21.011566554224647,40680258722.07162,40604527675.565506,19.397152774244166,19.361042711895042,19.344652291815233,19.322859479441608
21.264979210429043,40691325764.21964,40603204132.00834,19.402429759053206,19.360411620122566,19.34595900751906,19.323756587902757
21.52144818202804,40682853300.130974,40601863190.95907,19.398389920432095,19.359772232881404,19.347248758339912,19.324617391708827
21.78101033010006,40705098637.1833,40600504554.69754,19.408996937567025,19.3591244082127,19.348586786780572,19.325442552755863
22.043702960291224,40680070266.83963,40599127872.85704,19.397062915058388,19.358467979054662,19.349875794811272,19.32623271359601
22.309563828177094,40680773627.793335,40597732912.07637,19.397398291486734,19.357802834136052,19.35099773879601,19.32698849826505
22.578631144689147,40701578045.55198,40596319559.33186,19.407318249774136,19.357128919564946,19.35221526610252,19.32771051406181
22.85094358160664,40661530236.42345,40594887275.70819,19.38822266148776,19.35644597837585,19.3532931941734,19.32839935020032
23.126540277114675,40669080766.52863,40593435809.97931,19.391822903732468,19.35575389077921,19.354163639504034,19.329055577481814
23.405460841429427,40687227954.41105,40591965174.77754,19.40047584220523,19.355052662798364,19.355158971091246,19.3296797518455
23.687745362491093,40652246830.73495,40590474886.9689,19.383796149856273,19.35434206406547,19.356033838633053,19.330272413385035
23.9734344117255,40686924849.66513,40588964676.37513,19.4003313158613,19.35362196575418,19.35688862541613,19.33083408515052
24.26256904987534,40692921576.00589,40587434372.09148,19.40319067370786,19.352892286373724,19.357951935194034,19.331365275312045
24.555190832901552,40699334033.932915,40585883626.65756,19.40624826060569,19.352152860248115,19.35906015884138,19.331866477066345
24.851341817956033,40684279449.05807,40584312123.011154,19.399069936476405,19.351403536195804,19.360092586052847,19.332338168173006
25.15106456942623,40659132306.4958,40582719497.30032,19.3870792810224,19.350644140724988,19.360873137792034,19.332780811225003
25.454402165052805,40690700731.120255,40581105486.37846,19.402131730896585,19.349874548362152,19.361673386788404,19.333194854317558
25.76139820212097,40661929989.9922,40579470002.47725,19.388413271903936,19.349094717257625,19.36246843585469,19.33358073295356
26.072096803726463,40701410628.41072,40577812683.87138,19.407238421966543,19.348304474933624,19.36330745291163,19.333938869769884
26.38654262511724,40628119013.76206,40576132598.10402,19.372291529024594,19.34750337677626,19.363931797528487,19.334269670061044
26.70478086011153,40697533636.145256,40574429788.680954,19.40538979529503,19.346691443529956,19.364524283299303,19.334573524531326
27.02685724759327,40664305243.32231,40572704451.17425,19.389545839718622,19.345868768447346,19.365303649568844,19.334850815984105
27.35281807808605,40649590879.00951,40570955719.50158,19.382529739489236,19.345034938563234,19.365794380270383,19.335101914330195
27.68271020040616,40664542038.94997,40569183013.13924,19.38965874856213,19.344189677072418,19.366275826580967,19.335327172555324
28.016581028395926,40672229828.204575,40567386351.4494,19.393324438686832,19.34333299320717,19.366873493521886,19.335526932132996
28.354478547738374,40650158339.07483,40565565511.687965,19.382800315683344,19.342464780758686,19.36737474882231,19.335701525289632
28.696451322853907,40665730145.84584,40563719966.205765,19.390225261453033,19.341584788133403,19.367828690455983,19.335851272131805
29.042548503880234,40686191148.626,40561849378.62799,19.399981472679528,19.34069285494115,19.368475569114864,19.335976480308346
29.39281983373656,40666943081.50935,40559953360.1542,19.390803613191927,19.339788795794174,19.36911262871674,19.336077446081514
29.747315655272857,40695368493.656,40558031516.15662,19.40435741248918,19.338872422526148,19.369788046249845,19.336154454269305
30.10608691850536,40674799747.001495,40556083470.78627,19.394549826850213,19.33794355592483,19.370490180381324,19.336207778590577
30.469185187939466,40858480632.8072,40554108873.21758,19.482132509842064,19.33700202870965,19.372103910649336,19.33623768217563
30.8366626499808,40709856094.88975,40552107327.82186,19.41126538759286,19.336047652237006,19.373866168606007,19.33624441770296
31.208572120435743,40642226412.93384,40550078322.22624,19.379018216257627,19.335080182197377,19.374367936688476,19.33622822673201
31.58496705210235,40660772780.52935,40548021618.736496,19.387861491520827,19.334099505253445,19.374583494572388,19.336189340871904
31.965901542452947,40701910776.97358,40545936854.53824,19.4074769027036,19.33310544840813,19.37513182900285,19.33612798284839
32.35143034140928,40631349762.87371,40543823143.60406,19.373832014165608,19.332097589186017,19.37549719887947,19.33604436303881
32.74160885921138,40674718791.359955,40541680275.92146,19.39451122559751,19.331075827449,19.375704179792614,19.3359386806684
33.13649317438156,40671483638.09502,40539508106.49435,19.39296864046901,19.330040094060056,19.376131369535145,19.335811128239346
33.53614004178425,40652335401.79591,40537305997.59496,19.38383838229173,19.32899008493797,19.376421470235314,19.33566188925533
33.94060690078302,40669036729.04013,40535073491.29688,19.391801905786064,19.327925581734362,19.376692090679825,19.33549113668996
34.34995188349621,40668529144.352066,40532810138.636665,19.39155987935729,19.326846370374568,19.377047185039103,19.335299034296632
34.764233823151955,40676944124.674484,40530515469.74073,19.395572308580547,19.325752226813563,19.377438832465796,19.335085736758522
35.1835122625439,40636681807.265,40528188996.53471,19.376374438498832,19.32464291832783,19.377639667850378,19.334851389682637
35.60784746258914,40691359080.0247,40525830239.68686,19.402445644688665,19.32351821636249,19.377920380290707,19.334596129762318
36.03730041098919,40660957678.042305,40523438707.43724,19.38794965431573,19.322377886436684,19.37832868041605,19.334320084966905
36.4719328309954,40664532184.95274,40521013895.17777,19.389654049981157,19.32122168794328,19.378576929622668,19.334023374605653
36.91180719028024,40655593401.24574,40518555291.21885,19.38539186093351,19.32004937689854,19.37878857434469,19.333706109420508
37.356986709915475,40662803677.02305,40516062400.108185,19.388829863178096,19.318860717061018,19.378985988356,19.333368391841592
37.807535373458514,40651047290.62737,40513534696.74669,19.383224185383668,19.317655458053057,19.379152405061276,19.333010316106826
38.26351793614863,40660409593.50792,40510971651.42763,19.387688316758382,19.316433347300006,19.379302071437543,19.332631968263392
38.724999934213855,42026480679.47025,40508372714.04057,20.039058056954065,19.31519412249832,19.387263065435942,19.33223342621999
39.19204769429011,40593982224.73714,40505737261.308624,19.356014432154033,19.31393748645723,19.394565492016643,19.331814759409315
39.66472834295417,40623454419.51129,40503064743.185196,19.370067358133003,19.31266317690364,19.393819615737936,19.331376028994235
40.143109816371364,40690784950.764656,40500354645.88009,19.402171888490475,19.311370948852208,19.39363946875831,19.330917288680816
40.62726087005974,40638168472.91594,40497606370.99331,19.37708331011522,19.310060516973966,19.393542638943927,19.330438584617852
41.11725108877194,40641897706.73207,40494819327.803276,19.378861482632672,19.308731599601174,19.393173878290295,19.32993995514446
41.61315089649633,40636115556.78924,40491992926.174835,19.376104439060974,19.307383915345703,19.392801936604144,19.329421431021537
42.11503156657874,40641971436.20366,40489126511.94086,19.37889663830447,19.306017152287716,19.39243961736368,19.3288830352508
42.62296523196612,40639081211.98452,40486219469.30384,19.377518522174153,19.30463101680277,19.39210233707597,19.328324783117065
43.13702489557402,40667484379.211945,40483271179.860634,19.391061714653503,19.303225214024,19.391918213284633,19.32774668257175
43.65728444077888,40658707418.26869,40480280976.8239,19.38687668590349,19.301799426014,19.391848048724928,19.32714873411702
44.18381864203688,40631653975.58636,40477248201.77681,19.373977068810007,19.300353338826596,19.39157654477927,19.32653093075822
44.71670317563108,40639017087.25801,40474172188.51338,19.377487946234968,19.29888663480158,19.391201420472353,19.325893258184195
45.25601463054789,40576155020.349625,40471052244.00937,19.347514068146893,19.297398983491274,19.390519327978815,19.32523569474452
45.80183051948482,40657315434.15431,40467887676.95194,19.3862129603183,19.29589005526403,19.389961627274452,19.324558211482525
46.35422928999115,40640212877.72437,40464677809.599434,19.378058122804408,19.29435952695921,19.389775634251738,19.323860772395147
46.91329033574276,40616133572.74302,40461421902.84423,19.366576633450762,19.29280704615566,19.389361201658634,19.323143334327337
47.479094007952895,40591704391.611374,40458119158.07646,19.354928316221574,19.29123223206039,19.388682582611082,19.322405846458874
48.05172162692088,40651602196.47124,40454768876.487595,19.383488775476426,19.289634751467656,19.388223235795994,19.32164825071899
48.631255493719785,40664349873.679474,40451370344.57769,19.38956712035654,19.288014264166556,19.388183502992383,19.320870482435
49.21777890202509,40656614514.47838,40447922747.04056,19.38587874793953,19.286370381402957,19.388172329394546,19.320072469827732
49.811376150086275,40613955745.457016,40444425295.792435,19.365538202282686,19.284702727402923,19.38787559407181,19.31925413376299
50.41213255284251,40617288679.84957,40440877199.55072,19.36712741138877,19.28301092486724,19.38736531972743,19.318415388060494
51.02013445418457,40629956260.147,40437277634.3291,19.373167564475995,19.28129458090292,19.386957827363418,19.31755613945698
51.6354692393646,40662382325.20983,40433625759.34698,19.388628954291345,19.279553294609126,19.386815363207777,19.316676287495014
52.2582253475557,40674298861.721825,40429920746.01001,19.394310994831994,19.277786670895676,19.386926042742335,19.315775724668356
52.8884922845628,40736682116.44505,40426161735.43201,19.424056565790337,19.27599430022862,19.387455480505523,19.314854336485265
53.526360635686835,40592669130.18051,40422347820.88523,19.355388322671892,19.274175750262234,19.387504313058113,19.313912001192058
54.171922078744295,40610261747.28927,40418478107.43287,19.36377683082,19.272330594272916,19.386843392785543,19.312948589743602
54.825269397243595,40687157910.1445,40414551673.13672,19.400442443712155,19.270458392662285,19.386733845132834,19.31196396588878
55.48649649372027,40680977403.35058,40410567596.41824,19.397495455706917,19.26855870600344,19.38702350740476,19.310957986191678
56.15569840323338,40640634766.015495,40406524977.579666,19.378259287494448,19.266631105302675,19.387042371087357,19.309930500328157
56.83297130702432,40638245891.83553,40402422849.3999,19.37712022498888,19.264675129369827,19.386820710021222,19.30888135098823
57.51841254634043,40673199097.1118,40398260217.53085,19.393786605292046,19.262690304080035,19.38678949977568,19.30781037350829
58.21212063642555,40639747452.87413,40394036076.48076,19.37783619902101,19.260676149994918,19.386765194313618,19.306717395829715
58.91419528067912,40611871707.02317,40389749392.139305,19.36454449149621,19.258632174030208,19.386395254468177,19.305602238448902
59.6247373849859,40630158534.98962,40385399142.75299,19.373264013125727,19.256557888993605,19.38598148046131,19.30446471450317
60.34384907221895,40588406678.80827,40380984286.03696,19.353355901466685,19.25445279790305,19.385442937898,19.30330462989782
61.07163369691718,40595879279.229095,40376503741.649666,19.356918985294982,19.25231638563031,19.384725199491587,19.302121783145974
61.808195860139854,40672177225.4597,40371956405.71366,19.39329935665661,19.250148125824758,19.384499961799072,19.300915965196285
62.553641424500675,40803454994.205666,40367341163.07027,19.45589519592166,19.247947486756658,19.385454383644788,19.29968695941592
63.308077529382736,40617215367.21243,40362656887.15811,19.367092454471887,19.24571393125925,19.386064999070925,19.29843454164205
64.07161260633724,40594151328.48095,40357902414.89998,19.356095064167114,19.24344690475428,19.385484450717495,19.29715848008872
64.84435639466776,40622600748.51761,40353076553.94141,19.369660310901654,19.24114583870354,19.384949819252288,19.295858535156096
65.62641995720267,40582366036.62026,40348178093.84572,19.350475603674678,19.238810155946855,19.38435896117287,19.294534459348448
66.41791569625771,40614394728.57491,40343205838.9862,19.365747518124586,19.236439286385735,19.38373819768287,19.293185997443867
67.21895736979077,40620883840.38394,40338158544.60651,19.368841655110998,19.234032636495716,19.383348838808104,19.2918128864813
68.02966010775216,40554123452.762726,40333034912.118065,19.33700898052543,19.231589587084052,19.382625790822626,19.290414855362148
68.85014042863149,40614609661.84986,40327833645.97263,19.365850002565477,19.229109520407686,19.381888742549066,19.288991624758122
69.68051625620426,40628008360.78818,40322553414.41594,19.372238767495862,19.226591801459822,19.38158489037221,19.287542907117558
70.52090693648064,40609094156.47978,40317192860.94917,19.36322010040528,19.224035783434967,19.38125598942837,19.286068406516343
71.37143325485853,40611468797.32418,40311750644.98913,19.36435237617465,19.22144082711651,19.380842180154183,19.284567818807798
72.23221745348323,40598350899.4395,40306225385.66141,19.358097502746126,19.218806274076194,19.380376968474824,19.283040831677898
73.10338324881701,40673577654.62064,40300615631.906746,19.3939671090072,19.21613143242023,19.380276582608378,19.281487124213744
73.98505584942022,40725330529.79114,40294919925.40833,19.41864390452728,19.2134156067943,19.38089500661695,19.279906366671987
74.87736197394675,40698849228.57514,40289136793.95999,19.406017095812597,19.21065809522134,19.381638873141792,19.27829822056839
75.78042986935695,40598851378.01682,40283264716.926155,19.358336140840613,19.207858172632214,19.381648227641087,19.27666233853174
76.69438932934987,40490702306.27415,40277302139.66567,19.30676852222448,19.205015097743235,19.38048139636342,19.27499836404924
77.61937171301778,40572132741.83014,40271247509.66824,19.345596166112983,19.20212813028676,19.3791977116353,19.273305931504286
78.55550996372601,40568046608.68029,40265099230.48313,19.34364781692708,19.199196509043468,19.37837841259508,19.271584666154467
79.50293862822011,40669114606.42023,40258855647.55596,19.391839039262763,19.19621944508907,19.37812987265594,19.26983418377087
80.4617938759637,40576906889.891426,40252515110.11145,19.34787257443045,19.193196151301233,19.377930723332963,19.268054090558092
81.43221351870939,40630491420.36467,40246075924.81353,19.373422739463244,19.190125820263795,19.37752307077785,19.26624398316028
82.41433703030589,40564375883.28991,40239536341.44973,19.341897542385418,19.187007617440795,19.377050243931198,19.264403448325478
83.40830556674398,40522023186.03012,40232894604.42886,19.321702937804307,19.183840705731598,19.375976756405677,19.262532062790207
84.41426198644395,40573291169.004105,40226148925.67706,19.346148527124864,19.18062423254718,19.374982228173124,19.26062939330186
85.4323508707883,40591581599.62681,40219297464.43273,19.354869766572214,19.177357320175975,19.374403036335828,19.258694996373634
86.46271854490156,40565842336.24559,40212338343.59282,19.342596776188522,19.174039073578072,19.37379400219952,19.256728418024636
87.50551309868081,40538431425.83934,40205269656.86609,19.32952671140689,19.17066858379608,19.372899129406026,19.254729193658658
88.56088440808018,40540390771.41612,40198089454.84842,19.33046096617036,19.167244921315508,19.371882692614797,19.25269684790681
89.62898415665175,40516291819.937485,40190795715.89815,19.318970108977837,19.16376712217759,19.370764402366415,19.2506308942302
90.70996585734608,40536310637.56249,40183386397.51382,19.32851547756767,19.160234212477192,19.369651054065905,19.248530834660475
91.80398487457624,40425716261.363205,40175859490.535995,19.27578188937282,19.15664523420732,19.368048057671476,19.246396160142954
92.91119844654749,40522539976.2744,40168212922.39134,19.321949353624547,19.15299919912397,19.36641228011099,19.244226350626132
94.03176570785615,40588607913.45643,40160444512.31166,19.353451854131105,19.149295067393684,19.36573428598612,19.242020874351404
95.16584771236167,40484177740.92321,40152552043.43324,19.30365748028735,19.145531781971965,19.36484989855839,19.23977918731785
96.31360745633391,40482625109.156235,40144533278.136795,19.30291715472079,19.141708275917622,19.36339131825708,19.2375007332517
97.47520990187972,40567735535.83605,40136385938.73958,19.343499491236116,19.137823463186436,19.362442192777234,19.23518494355292
98.65082200065248,40554871555.17741,40128107699.42639,19.33736569056819,19.13387623478367,19.361920310376426,19.23283123708878
99.84061271784705,40584908675.28014,40119696172.32986,19.351687984128606,19.129865452126882,19.361509244841116,19.23043901986797
101.04475305648423,40588517917.94721,40111148929.627815,19.353408942490518,19.125789957582395,19.361297070086927,19.228007684769803
102.26341608198875,40438737116.19236,40102463506.49289,19.28199049075114,19.12164857587172,19.36025909959251,19.225536611420686
103.49677694706244,40588288159.831856,40093637375.38147,19.35329938927221,19.117440101812022,19.359254557257366,19.22302516594397
104.74501291685849,40524723551.00045,40084667959.02623,19.32299052528583,19.113163306511208,19.358752280931373,19.2204727006452
106.00830339445916,40592074765.542816,40075552626.75874,19.355104917845,19.108816935614495,19.358287724974733,19.217878553756876
107.28682994666,40495936872.034424,40066288685.82044,19.30926446681649,19.104399705161278,19.357666042451324,19.215242049119222
108.58077633006585,40439412806.881355,40056873390.41406,19.28231267344944,19.099910305901066,19.356198140633875,19.212562495871204
109.89032851750162,40486309489.43758,40047303957.07524,19.304673940184813,19.095347410622935,19.35471413867798,19.209839188287
111.21567472474072,40532427045.50906,40037577533.95232,19.326663703986586,19.090709659507553,19.353790646653316,19.20707140552812
112.5570054375567,40566925125.43248,40027691197.37433,19.343113071510633,19.08599565849072,19.353343986315657,19.204258411209338
113.91451343910114,40482332641.65052,40017641977.58441,19.302777700423594,19.081203991533567,19.35262092500004,19.20139945310201
115.28839383761098,40466631886.57382,40007426842.650444,19.29529126954875,19.076333212950832,19.3513508347404,19.198493762897332
116.67884409445062,40425307300.65576,39997042683.73698,19.275586888810626,19.071381840388216,19.349787868143853,19.19554055580124
118.08606405249265,40483599611.14744,39986486332.715744,19.303381816564052,19.06634836321944,19.348361143541926,19.19253903015634
119.51025596483952,40630940680.730446,39975754581.15941,19.37363695570041,19.06123125160283,19.3481327263308,19.189488367279473
120.95162452389278,40538676204.50151,39964844123.25806,19.329643426719308,19.056028929262762,19.348212700635386,19.186387731085542
122.410376890773,40678713012.01778,39953751566.20385,19.39641574908747,19.050739778441294,19.348568480468266,19.18323626745864
123.88672272509324,40427035633.71187,39942473507.75406,19.276410992230495,19.045362176881724,19.34827198307113,19.180033104137248
125.38087421509283,40513079404.27141,39931006447.509285,19.31743836558665,19.039894455524323,19.34705838673168,19.176777350533317
126.89304610813464,40512509694.64671,39919346776.290375,19.317166716758095,19.034334893441006,19.346353398202822,19.173468096997343
128.42345574156886,40401567748.11487,39907490847.37814,19.264267400147244,19.028681751803873,19.345031517549902,19.170104414445852
129.97232307397022,40445640639.19835,39895434923.023834,19.285282227201062,19.022933248380312,19.34336850266987,19.166685354093815
131.53987071675215,40458734938.34864,39883175173.011566,19.291525848285804,19.017087556847553,19.342066739453312,19.163209946884955
133.12632396616075,40438209800.308846,39870707699.48747,19.28173905609772,19.011142818631704,19.340752707044917,19.159677203068444
134.731910835656,40298164581.03735,39858028535.03346,19.214962722838123,19.00509714198927,19.338558801062078,19.156086111914217
136.3568620886835,40385929827.446945,39845133620.659454,19.25681092996254,18.998948591513418,19.336129289698892,19.152435641299117
138.00141127184006,40468470919.457375,39832018794.80584,19.296168156838053,18.99269518289013,19.33471911197207,19.14872473711671
139.66579474844085,40390093271.37422,39818679814.800934,19.258796142457772,18.98633489312955,19.333360412241248,19.144952322761426
141.35025173249107,40360703926.41402,39805112346.61006,19.24478272091041,18.979865655678136,19.331426854670486,19.141117298686982
143.05502432306622,40417204572.3057,39791311964.43359,19.271723347509965,18.973285360227,19.329695148846245,19.137218541915562
144.78035753910876,40342091997.31595,39777274157.89285,19.235908184624762,18.966591856138287,19.327894887353754,19.13325490559709
146.5264993546428,40433050807.888794,39762994303.88573,19.279279146370584,18.95978293902538,19.32623240518875,19.12922521845946
148.2937007344144,40266130483.88632,39748467680.12151,19.199688231083567,18.95285635720658,19.324171521373962,19.125128284190602
150.0822156699622,40353737382.77031,39733689474.34831,19.2414609349727,18.9458098161049,19.321720090604344,19.1209628809637
151.8923012161215,40390674797.144135,39718654758.11377,19.25907342545831,18.938640965736685,19.320028493863752,19.116727760876262
153.72421752796987,40354592886.584045,39703358495.76831,19.24186885612894,18.931347405004516,19.318379334039374,19.11242164930642
155.57822789821867,40218932670.33865,39687795553.34186,19.177183379129474,18.923926685929814,19.315795813436388,19.10804324438541
157.45459879505376,40244485814.74138,39671960681.766174,19.189367624299308,18.91637630565292,19.31265703521671,19.103591216437042
159.35359990043426,40272151629.076065,39655848507.585434,19.202559232320784,18.90869370200371,19.309893291490756,19.099064207283536
161.2755041488532,40371495388.51158,39639453535.65622,19.249928303695274,18.900876254789004,19.307914848059482,19.09446082953091
163.22058776656405,40340995109.51869,39622770160.29219,19.235385166806097,18.892921291106568,19.306367733910317,19.08977966594983
165.189130311282,40177354338.07161,39605792657.702286,19.157358007108314,18.884826081739504,19.303756187894,19.08501926889074
167.1814147123639,40324426496.223885,39588515161.52854,19.227484923950406,18.876587829492188,19.30112344849824,19.080178159531357
169.1977273114714,40281554036.818726,39570931685.05265,19.20704248648778,18.8682036797788,19.299135209541618,19.075254827130863
171.23835790372596,40099797837.79325,39553036129.07201,19.120377532259003,18.859670724378784,19.29592059040265,19.07024772847118
173.30359977936027,40193055874.00218,39534822239.063644,19.16484481030975,18.850985981011757,19.292291573316824,19.06515528711233
175.3937497658705,40290389399.24786,39516283601.89875,19.211255362222534,18.842146391770928,19.289825201351007,19.059975892406207
177.5091082706783,40145273006.13223,39497413687.40375,19.142060992871485,18.833148842940247,19.287139158770124,19.054707898751502
179.64997932430765,40154181420.17198,39478205829.26763,19.14630870106051,18.823990155890648,19.28375261686924,19.049349624991066
181.81667062408056,40211665123.57535,39458653190.343124,19.173718068944872,18.814667070534934,19.280822959227365,19.04389935351923
184.00949357834142,40208207538.85161,39438748778.82784,19.17206942409297,18.80517625304331,19.278265805936044,19.038355329307397
186.22876335121506,40187167602.22248,39418485454.83424,19.162037165745158,18.795514298976027,19.275630270142052,19.0327157590809
188.4747989079024,40115062568.32172,39397855923.9971,19.127656057996543,18.785677730235328,19.272529329919102,19.0269788105159
190.74792306052458,40162390118.75069,39376852722.83267,19.150222771064257,18.7756629880844,19.269365948094396,19.021142611336263
193.04846251451977,40133119833.12478,39355468206.546455,19.13626611936471,18.765466427333866,19.266376912941656,19.01520524828035
195.37674791559772,40096939609.15997,39333694560.60919,19.119014672257492,18.755084321861457,19.263088771571073,19.009164766089565
197.73311389726268,40183277524.39418,39311523810.95662,19.160182299618207,18.744512869475457,19.26016598883369,19.00301916664388
200.11789912890913,40128052583.75737,39288947792.91103,19.133849954541464,18.73374817709589,19.257483396324847,18.996766407998475
202.53144636449608,39990801546.20977,39265958150.792816,19.068405942448937,18.72278626056928,19.253774408976454,18.990404403266503
204.97410249181,39990912396.23291,39242546352.06425,19.068458797934657,18.711623051412708,19.249383328094485,18.98393101960654
207.44621858232193,40115452621.144135,39218703649.428604,19.127842042904803,18.700254378741917,19.245804566408548,18.977344077098035
209.94814994164432,40106829135.82081,39194421089.07729,19.123730194368985,18.688675973203686,19.24296082259765,18.9706413474775
212.48025616059775,40061317078.98484,39169689530.68298,19.102029144590794,18.676883476508987,19.23987742634275,18.96382055306454
215.04290116689413,40044880081.81009,39144499619.4861,19.094191658906972,18.66487242812324,19.23651815527645,18.956879365666968
217.63645327744084,40034315474.29127,39118841792.2275,19.089154244876678,18.652638268095142,19.23308615546772,18.949815405388843
220.26128525127794,39970706738.222305,39092706260.12077,19.058824340149773,18.64017632893753,19.229314712409963,18.942626239403335
222.91777434315375,39962053458.8758,39066082990.81548,19.054698285233822,18.62748182702709,19.225226320548515,18.935309380556507
225.60630235774448,39916342300.59652,39038961727.31242,19.032902299945516,18.614549871623524,19.220926465567494,18.927862286010456
228.32725570452996,40031976300.51027,39011331972.40787,19.088038880505337,18.601375457452264,19.217128893729917,18.92028235593639
231.08102545333108,39829962053.89079,38983182987.33148,18.991714488101074,18.587953464055,19.21292263199649,18.912566932143537
233.86800739051486,40032700539.21272,38954503789.14216,19.08838421185764,18.574278654547967,19.20883381868282,18.9047132967182
236.68860207588085,39947012571.9972,38925283128.128174,19.04752649258035,18.560345664845887,19.205493254505487,18.896718670551905
239.54321490022994,39853060944.9956,38895509487.69885,19.002728496707473,18.546149003610306,19.201216885886517,18.888580211776993
242.4322561436301,39973038717.108475,38865171071.6806,19.059936273852813,18.531683046192114,19.197196080108448,18.88029501416646
245.35614103438468,39962527650.42061,38834255794.62599,19.054924389150756,18.516942030010693,19.19388442348766,18.87186010544529
248.31528980870976,39910272502.15361,38802751306.67229,19.030008099873918,18.50192006640699,19.19029528659776,18.86327244572866
251.31012777113347,39909502147.947174,38770644987.80977,19.02964077973629,18.486611137910497,19.18649341893492,18.854528926104177
254.3410853556237,39850107106.4893,38737923895.08453,19.001320048025562,18.471009073064554,19.182439803806478,18.845626366915436
257.408598187451,39758550234.25781,38704574761.046265,18.957663918640066,18.45510754568616,19.177628506832566,18.836561515781092
260.5131071457995,39719214757.14935,38670584005.82277,18.938907984364096,18.4389000806234,19.17219363941693,18.82733104572068
263.6550584271334,39769722128.31229,38635937720.81035,18.96299089891403,18.422380045978652,19.166953678413375,18.817931553299996
266.8349036093247,39750372742.410324,38600621668.251,18.95376472862361,18.405540652907014,19.162011487742515,18.80835955672643
270.05309971655794,39803592148.74117,38564621258.019264,18.979140795236333,18.3883749445478,19.15738015336511,18.798611493855166
273.31010928501604,39663059536.746124,38527921548.841705,18.91213206347641,18.37087579660602,19.1523588075119,18.788683720119188
276.6064004293574,39650300056.16522,38490507246.54625,18.90604809051452,18.353035916517623,19.146594903868873,18.77857250650525
279.9424469099964,39725897121.0047,38452362672.203064,18.94209426775233,18.334847828258443,19.141325478048152,18.768274037386934
283.3187282011958,39628504139.08349,38413471762.501915,18.895655365719488,18.31630387252413,19.136051926273126,18.75778440823233
286.7357295599775,39734380096.34593,38373818054.08777,18.946139118346775,18.297396199261048,19.130958111369626,18.747099623279073
290.1939420958668,39591191071.84973,38333384679.20386,18.87786375651283,18.278116765588816,19.125765787883704,18.736215593151883
293.69386284147885,39409174864.1205,38292154368.450745,18.791074824986275,18.258457337115864,19.11885828992871,18.72512813252762
297.2359948239523,39487566667.851135,38250109416.23482,18.828453589059542,18.238409471464614,19.11153795199615,18.713832957674924
300.8208471372484,39369782319.809586,38207231665.735214,18.77229167993832,18.2179645111034,19.104161900834885,18.7023256837727
304.44893501532135,39385256659.80037,38163502514.59976,18.779670151617484,18.1971135860624,19.09638722981872,18.690601822240083
308.1207799061689,39257430151.18477,38118902900.0455,18.718719941513,18.175847606829283,19.08815729772528,18.678656778076988
311.836909546778,39433128666.97197,38073413256.608,18.802496472439614,18.15415724420324,19.080403022157274,18.666485846943957
315.5978580389755,39385842418.907364,38027013529.29689,18.77994945315696,18.132032935567793,19.073550227979677,18.654084212148696
319.4041659261899,39153876394.05439,37979683187.66078,18.66934345988519,18.10946489159725,19.06527621942635,18.64144694185779
323.2563802711419,39159218981.97466,37931401170.73572,18.671890911581784,18.086443070007014,19.055926221418932,18.62856898614066
327.15505473447257,39292426823.33694,37882145849.769226,18.735407047683182,18.06295715777969,19.047584653077923,18.615445173562637
331.100749654316,39105549938.33458,37831895059.66766,18.646300448997792,18.038996586159783,19.039126732319506,18.60207020782813
335.0940321268354,39383189765.83689,37780626062.1656,18.77868461565392,18.014550513092157,19.03139758359779,18.588438664470672
339.13547608772984,39324980364.38797,37728315507.47603,18.750929220573568,17.98960780493606,19.0250796027656,18.574544987196603
343.2256623947215,38940361187.851105,37674939469.712746,18.567535182247507,17.964157053355258,19.016399000885947,18.56038348430143
347.36517891104063,38685251507.80971,37620473422.34273,18.445893835968,17.938186563613208,19.004315025714103,18.54594832523041
351.5546205899174,39187161350.16121,37564892158.95874,18.685214385955227,17.91168431679589,18.993936987582064,18.531233536632637
355.79458956008955,38725374564.660126,37508169818.281456,18.465025303857978,17.8846379817333,18.98399882504342,18.516232998205894
360.08569521234466,38978993284.77328,37450279871.96847,18.585955730924653,17.857034909186552,18.973144529387834,18.500940438710973
364.428554287106,38988857032.957504,37391195060.30801,18.59065896134812,17.82886210118537,18.96402738167091,18.48534943164664
368.82379096307136,38774033626.374344,37330887413.72986,18.48822690786867,17.80010622128491,18.953960942855698,18.469453390788246
373.2720369469261,39009842462.35958,37269328224.00427,18.6006652295709,17.770753580832846,18.944266786338773,18.4532455657891
377.7739315641329,38852055093.87868,37206488001.393326,18.525429088297063,17.74079011853828,18.935229668798396,18.43671903748096
382.3301218508199,38996425955.07105,37142336447.12994,18.594267973266554,17.710201387349187,18.926341105751497,18.41986671288882
386.94126264677766,38884009665.2882,37076842447.50972,18.540665660603565,17.678972551635308,18.917834925414706,18.402681320175773
391.60801668957356,38890196408.918884,37009974041.91848,18.543615622456052,17.647088371943017,18.908934264855215,18.38515540349281
396.33105470980524,38568112713.73577,36941698401.03238,18.390039739759658,17.61453319460073,18.89844906372738,18.367281317647187
401.11105552750286,38570650804.38852,36871981798.5592,18.39124995163374,17.58129093824458,18.886418358836593,18.349051222614182
405.94870614969005,38497624476.5032,36800789554.62697,18.35642955267288,17.547345066825002,18.87427198173397,18.330457077698586
410.84470186912574,38533022047.93617,36728086020.53004,18.37330781555743,17.512678582333336,18.86220450431543,18.31149063542989
415.7997463642362,38317856303.64428,36653834574.51072,18.27071252868062,17.477274022790457,18.849399048805328,18.292143435492598
420.81455180024926,38484939144.02995,36577997532.47655,18.350380934996753,17.441113419674984,18.836638329902517,18.27240679826928
425.88983893155137,38493255592.3327,36500536122.367386,18.35434638220223,17.404178285701008,18.825165277727272,18.252271817889664
431.02633720527984,38262910784.737236,36421410528.487724,18.244513417416808,17.36644963595661,18.812701866803046,18.23172935555245
436.22478486616023,38242409687.8074,36340579776.762535,18.23473808850594,17.327907933191582,18.79912397383072,18.210770032602177
441.48592906261183,38177579584.4747,36258001681.88838,18.20382581168622,17.288533062618033,18.78538428348724,18.18938422282565
446.81052595413337,38162892218.30165,36173632830.04037,18.1968225847044,17.24830432366472,18.771522665618242,18.16756204453583
452.1993408199794,37921473333.14625,36087428540.67869,18.081709280486244,17.207200411765644,18.75653519819611,18.14529335252921
457.65314816915196,37868608894.634964,35999342854.94639,18.056502469557785,17.165199412827885,18.740246977286578,18.122567729953328
463.17273185171797,37969837742.81861,35909328416.59294,18.10477038856966,17.1222787464536,18.72462305011364,18.099374479625254
468.7588851714661,37666556276.31369,35817336465.44671,17.960159780766396,17.078415162827568,18.708214320787192,18.075702614849998
474.41241099992544,37886563569.128876,35723316820.95254,18.0650636138354,17.033584734867578,18.691741698435344,18.051540850326433
480.1341218917604,37573515601.1008,35627217718.87175,17.915796144742025,16.987762780359766,18.67511576726428,18.026877592248145
485.9248402015522,41505376191.06192,35528985702.61544,19.790585119698225,16.940923810144177,18.679467801310743,18.00170092710464
491.7853982019932,37655718667.471855,35428565832.227516,17.954992194300225,16.893041627762,18.68391757979771,17.975998611325178
497.7166382035078,37079820745.63387,35325901538.529945,17.680392663147284,16.844089259909158,18.6633756572597,17.94975806151253
503.71941267531,37578388763.93601,35220934308.53236,17.91811976526406,16.79403880643336,18.64292000111535,17.92296634230167
509.79458436792675,37106468868.21541,35113603807.762726,17.6930990155919,16.742861498663803,18.623066636196263,17.895610153434927
515.9430264371982,36817060771.34534,35003847867.05451,17.555103505104988,16.69052769311101,18.599389559888564,17.86767581775509
522.1656225697697,36882098275.425415,34891602316.61568,17.586114674707318,16.637006792347666,18.575018111169445,17.83914926846601
528.4632671101007,37202476656.80931,34776800852.5523,17.73887743002128,16.582267181364415,18.553409677422966,17.81001603500484
534.8368651890073,36961962427.82384,34659374992.39059,17.62419548377595,16.52627620636189,18.532745297161167,17.780261228246978
541.2873328537482,36554373818.23955,34539254036.01667,17.429849165008346,16.46900015612603,18.508904120026713,17.74986952558975
547.8155971996863,36802663605.78173,34416364943.93077,17.548238651519338,16.41040420397725,18.48475021259893,17.718825155478495
554.4225965035367,36918069274.80711,34290632174.83089,17.603266359390936,16.350452330327148,18.46321833725052,17.687111880692743
561.1092803582181,36523571662.550156,34161977671.032383,17.415162087333517,16.28910731572624,18.44060291567689,17.654712981033697
567.8766098093348,36433960908.66551,34030320685.243927,17.37243390570638,16.226330658267333,18.415799199539528,17.62161123535572
574.7255574933044,36162400823.5178,33895577519.547813,17.242948680575818,16.162082449126157,18.38953694561687,17.58778890156771
581.6571077771479,36184788511.185684,33757661634.02924,17.253623573302605,16.096321424357956,18.36249942902792,17.553227696260187
588.6722568999686,35561332281.65349,33616483713.1988,16.95634729944919,16.029004996569057,18.332685563289978,17.51790877580223
595.7720131161401,36047811683.040565,33471950999.565395,17.18831030968217,15.96008893715122,18.30284192664158,17.48181271447247
602.9573968402125,36406004331.00119,33323967220.513054,17.359103655972604,15.889527341415084,18.278472005213505,17.444919478951107
610.229440793577,35179201937.58831,33172432780.069416,16.77413998572124,15.817272720029155,18.249719569217547,17.40720840409521
617.5891901528903,35842420030.2218,33017244253.32322,17.090375503133888,15.743275757948071,18.21852899522015,17.368658167492015
625.0377027002941,35379332177.575615,32858294345.611782,16.869566046462435,15.66748529495237,18.18916965527775,17.32924676154439
632.5760489754474,35399581822.988205,32695471741.89041,16.879221478311475,15.589848253824849,18.158020946707058,17.288951465132737
640.2053124293863,35221843489.523575,32528660765.446487,16.79447232193056,15.510309477618685,18.12671395110612,17.24774881316325
647.9265895802449,34624809783.45018,32357741234.797108,16.509794830393478,15.4288116614234,18.091758288845828,17.205614564108323
655.7409901708554,34895654237.15952,32182588071.723618,16.638938828285664,15.345295165467949,18.055817739285626,17.16252366528533
663.6496373282415,34000016828.577293,32003071189.339817,16.211881179432222,15.259697961749444,18.01716013806292,17.118450216121293
671.6536677250424,34063346567.507122,31819055393.317493,16.24207805279941,15.171955586935526,17.974749701493415,17.073367431098177
679.7542317428836,34449807946.031815,31630399633.698814,16.426350489506437,15.082000785613696,17.935895565318372,17.027247598770142
687.9524936377117,34351928196.29705,31436956757.896088,16.379679486942734,14.989763392516714,17.899575566872294,16.98006203614754
696.249631707129,33990594294.65342,31238573548.121677,16.20738832870355,14.895170350369927,17.86151333162831,16.93178104298757
704.6468384597479,32957700993.913166,31035090124.725605,15.71488435298322,14.798145425390816,17.81645502843973,16.8823738539876
713.145320786579,34850828430.843765,30826339452.796825,16.617564996342367,14.698608972026724,17.777422213660916,16.8318085859576
721.746300134495,33240910388.46903,30612146918.430664,15.849924199480576,14.596477730910777,17.740795220670147,16.780052181066228
730.451012681785,34225619859.75156,30392329759.722855,16.319453171339084,14.491664557548578,17.70159243215118,16.727070345819214
739.2607095158205,32957601308.151344,30166696643.628044,15.714836820838336,14.384078220555956,17.661641925916346,16.67282748588444
748.176656812871,33354730897.4995,29935047164.17252,15.90419607168252,14.273623162396873,17.617775203952224,16.617286637234134
757.2001360200866,32746973442.94665,29697171161.204426,15.614405284554334,14.160199174550032,17.573724039064675,16.56040939223009
766.3324440396711,36301144987.935455,29452847725.149227,17.309104645121934,14.043700922956571,17.5474998357031,16.50215581798004
775.5748934152812,48881849771.68857,29201844946.195957,23.30783376740556,13.924017828427115,17.613338089201402,16.44248436961534
784.9288125206746,32700976401.120678,28943919050.59813,15.592472984330845,13.80103365481294,17.656307692015766,16.38135179930727
794.3955457506266,31707268612.341736,28678813166.821674,15.118653436535208,13.674625920680883,17.601765293080067,16.31871305557877
803.9764537141556,31754076124.673653,28406256181.635082,15.14097218514218,13.544665353874475,17.54320189909886,16.254521171574112
813.6729134300795,30350887993.576637,28125961851.860504,14.471904302957656,13.411015467979281,17.478315561675252,16.188727144506103
823.4863185249237,31487379220.119427,27837628014.603737,15.013805820803166,13.273532185744916,17.413546084748706,16.121279808484598
833.4180794332223,29696342193.439026,27540934579.01051,14.159803906307019,13.132062881514686,17.34651488626064,16.052125694512508
843.4696236002361,31045480291.35089,27235541865.074467,14.803099662549371,12.986445589136345,17.278682091347726,15.981208873084228
853.6423956871075,29384672739.350113,26921089204.141182,14.011193739952597,12.836508334654697,17.21059404802765,15.908470783234229
863.9378577784973,29390926412.479225,26597194154.15262,14.014175615115052,12.682068762124622,17.134830062963616,15.833850053319102
874.3574895927261,29588401114.460484,26263448628.744434,14.108335462758808,12.522932287888027,17.062018267161772,15.757282299644329
884.9027886944416,29498619116.065292,25919416153.734383,14.065525628358625,12.358890792413204,16.991530074281066,15.678699892539566
895.5752707098593,29478944444.78486,25564630779.701004,14.056144355559528,12.189722101790817,16.922095996118905,15.598031706393556
906.3764695445994,28420985515.56261,25198592993.703583,13.551688591912539,12.015188038361034,16.848184922609356,15.515202846275386
917.307937604142,28569719846.028206,24820766186.78687,13.622608065422444,11.83503273634984,16.77093016462821,15.430134338006543
928.3712460169497,27277416778.90686,24430572883.596985,13.006412377119789,11.648980844075252,16.68899763590798,15.342742784318371
939.5679848602816,30011937419.648796,24027389032.080063,14.310285958533782,11.456734801162582,16.617288732459556,15.252939975539771
950.8997633887208,26498074588.110687,23610539312.166912,12.634806590598929,11.257972601632389,16.542665185449046,15.160632450790944
962.368210265473,26389190134.820652,23179291003.48026,12.58288832750143,11.05234486990189,16.44946231600709,15.065721008388712
973.9749737964391,26838348299.33143,22732845755.73146,12.797055833080433,10.839470936747178,16.360408470598287,14.968100146659255
985.7217221671224,26245067771.578194,22270328555.63104,12.514167931274393,10.618933578507715,16.27261512153887,14.867657409101362
997.6101436823909,25021709928.048523,21790777564.039818,11.930846690604897,10.390274171238795,16.17661939891753,14.764272625371198
1009.6419470091245,23375017775.466976,21293141810.714657,11.145671269917537,10.152991591520662,16.06667258620991,14.65781710009133
1021.8188614217956,24967643132.53078,20776257112.279305,11.905066572050675,9.906530733670222,15.959134895910278,14.548152671096108
1034.1426370510137,22722843095.118534,20238820052.224266,10.834701470127424,9.650270102889815,15.85033132594063,14.43513050692913
1046.6150451350566,20916032504.774624,19679375028.88627,9.973178408180724,9.383515639487397,15.721235392174997,14.318589713144803
1059.2378782744452,21537672449.715717,19096287147.4553,10.269588641581056,9.10548779324879,15.588585925474243,14.198355744876432
1072.0129506895892,19741585605.88216,18487710567.535515,9.413178874286553,8.815306430928047,15.45236360897944,14.074238524959702
1084.9420984815295,19958648948.736023,17851537665.688374,9.516678973727663,8.5119665959415,15.310517913780556,13.946030140059255
1098.027179895836,21041049234.617775,17185334657.110737,10.032788860136584,8.194307811509278,15.179401929655391,13.813501940139783
1111.270075589688,20718001021.21322,16486291232.275606,9.878753076056013,7.860990066408482,15.055633825103882,13.676401059028302
1124.6726889021647,19704667688.273117,15751103275.45649,9.3955756802444,7.510437892843579,14.927226276982655,13.534446068227082
1138.2369461278074,17663889948.49553,14975834086.175703,8.422492449206219,7.140774194085322,14.784575436747255,13.38732128664907
1151.9647967934795,16391101023.9225,14155754563.163263,7.81560149042493,6.7497440410182055,14.626614043943864,13.234669537884702
1165.8582139385567,14133394054.315672,13285076866.525024,6.73908210769104,6.3345876769890905,14.452420190674063,13.07608266838623
1179.919194398505,15170504992.074253,12356565802.486904,7.233597136245371,5.8918552183591855,14.275570492431463,12.91108858674421
1194.1497590918812,13197162984.255934,11360944487.507267,6.292668597344073,5.417123263385758,14.097520587048221,12.739133051002351
1208.5519533107824,10663731509.997562,10286012509.789082,5.084678311810172,4.904574414171893,13.898214172943177,12.55955353976937
1223.1278470148095,16722798859.22168,9115131389.975649,7.973761585475983,4.346275114340335,13.723834653322802,12.371540185351542
1237.879535128577,9177157450.807037,7824445243.335429,4.375850368179078,3.730850405735976,13.544729178030217,12.174073336274803
1252.8091378427982,16081013508.975166,6377366058.622518,7.667745623973526,3.0408544002023215,13.36673121853264,11.965815658642327
1267.918800919016,10853873563.900797,4710102592.533533,5.175341807673548,2.2458701699496926,13.20201031939176,11.7448936034771
1283.210695998004,7461541240.034578,2697248086.667933,3.557810591940688,1.2861012896840138,12.992568216058512,11.508407265500354
1298.6870209118815,0.0,0.0,0.0,0.0,12.726643843750054,11.250896198442188
1314.35,0.0,0.0,0.0,0.0,12.425126872185668,10.98434232997627
