R_kpc,Sigma_bar,Sigma_eff,kappa_bar,kappa_eff,kappa_bar_mean,kappa_eff_mean
1.0,39625486921.47069,39628796829.65794,15.860788902524911,15.862113750725486,0.0,0.0
1.0120606264911474,39625531510.19401,39628840292.14536,15.860806749935328,15.862131147340435,0.3757706903722965,0.3758020730253753
1.0242667116936537,39625580610.813156,39628884817.300735,15.860826403310359,15.862148969306677,0.7426391448714854,0.7427011395336373
1.0366200099307066,39625619176.34126,39628930431.21809,15.860841839832348,15.862167227068797,1.1008162444123657,1.1009081378861094
1.0491222966837304,39625666283.925674,39628977160.785194,15.860860695460635,15.862185931389098,1.4505078938423825,1.450629009188023
1.0617753688475675,39625714621.109604,39629025033.511246,15.86088004325747,15.862205093278606,1.7919151747871431,1.792064815689158
1.0745810449887383,39625764316.81134,39629074077.64495,15.860899934824637,15.862224724044358,2.12523437103921,2.12541185637913
1.0875411656068144,39625814844.46308,39629124322.15466,15.860920159394233,15.862244835281443,2.4506571141726816,2.4508617798444545
1.1006575933989453,39625865843.24486,39629175796.61504,15.860940572541802,15.86226543882763,2.768370491463813,2.768601694451212
1.113932213527575,39625920606.20778,39629228531.32314,15.860962492368209,15.86228654680984,3.078557171763512,3.078814275917287
1.127366933891388,39625973255.2474,39629282557.39407,15.860983566060122,15.862308171682436,3.3813954836529145,3.381677872337066
1.1409636853995222,39626027282.43896,39629337906.73308,15.86100519138127,15.862330326216046,3.677059519742786,3.6773666067181967
1.1547244222490889,39626084649.88922,39629394612.08397,15.861028153698939,15.86235302351695,3.9657192738959877,3.966050477089171
1.1686511222060412,39626144358.48786,39629452706.98161,15.861052053101881,15.86237627700806,4.247540716998419,4.2478954542352
1.1827457868894284,39626200933.043915,39629512225.74628,15.861074698049881,15.862400100426658,4.522685856963347,4.52306357711829
1.19701044205908,39626262394.61887,39629573203.638535,15.86109929911202,15.8624245078864,4.791312875901494,4.79171304603735
1.2114471379067577,39626325515.32093,39629635676.859245,15.861124564268577,15.86244951387731,5.053576230713487,5.0539983135819275
1.2260579493508208,39626390953.60426,39629699682.49901,15.861150757077265,15.862475133245544,5.309626706866915,5.310070173430805
1.2408449763344431,39626455118.3587,39629765258.54203,15.861176440133908,15.862501381194937,5.559611503425711,5.560075847046606
1.2558103441274293,39626524037.568794,39629832443.887115,15.861204026243948,15.862528273295414,5.803674343872414,5.804159068316569
1.2709562036316695,39626590396.16889,39629901278.466866,15.861230587425394,15.862555825530691,6.041955540141062,6.042460166188703
1.2862847316902777,39626661616.37685,39629971803.27384,15.861259094549766,15.862584054308751,6.274592080851752,6.275116145350793
1.3017981314004599,39626735561.947235,39630044060.33846,15.861288692547754,15.862612976453,6.50171773391089,6.502260764998048
1.3174986324301545,39626807994.480606,39630118092.723274,15.861317684926417,15.862642609199968,6.723463067738463,6.72402461573442
1.3333884913384921,39626885641.40006,39630193944.55215,15.861348764453613,15.862672970211001,6.939955569468329,6.940535194652151
1.34946999190012,39626960691.85407,39630271661.09561,15.861378804700449,15.862704077606416,7.151319700285649,7.151916978633058
1.3657454454334392,39627041074.41095,39630351288.82632,15.861410979214003,15.862735949987695,7.357676973672845,7.358291495913874
1.3822171911327976,39627124745.246574,39630432875.40958,15.8614444699182,15.862768606433706,7.559146051859675,7.5597773959562735
1.3988875964046932,39627206134.83496,39630516469.70815,15.861477047513596,15.86280206650262,7.75584274955619,7.7564905176615415
1.415759057208029,39627293127.89099,39630602121.806274,15.861511867994171,15.86283635024152,7.947880148974581,7.948543955969254
1.4328339983984741,39627378428.231606,39630689883.04334,15.861546010936022,15.86287147819989,8.13536865556611,8.136048126878379
1.4501148740769754,39627468998.273766,39630779806.145485,15.861582263167382,15.862907471482279,8.318416057901976,8.31911083092871
1.467604167942475,39627562086.29485,39630871945.25198,15.86161952326351,15.862944351758873,8.497127610538222,8.497837315179053
1.4853043936488803,39627656374.9362,39630966355.84271,15.861657263928738,15.862982141236454,8.671606055109184,8.67233033371681
1.5032180951663396,39627755929.476234,39631063094.760704,15.861697112361309,15.863020862667437,8.841951712298306,8.842690206733755
1.5213478471468749,39627851661.58541,39631162220.3619,15.861735430799587,15.863060539409794,9.008262501821699,9.009014878203027
1.5396962552944244,39627954624.783104,39631263792.567856,15.86177664360655,15.863101195448172,9.17063403339261,9.171399972190594
1.5582659567393489,39628058569.27669,39631367872.81101,15.861818249194227,15.86314285537197,9.32915967384425,9.329938847832596
1.5770596204174525,39628164557.97738,39631474524.107124,15.861860673011277,15.86318554440434,9.483930553596547,9.484722653010252
1.5960799474535783,39628273473.048805,39631583811.12323,15.861904268159007,15.863229288429382,9.635035653244152,9.635840376753793
1.615329671549826,39628385738.02868,39631695800.21434,15.861949204165736,15.863274114006845,9.782561851450154,9.783378900405337
1.6348115593784562,39628500453.72279,39631810559.46998,15.861995121113376,15.86332004839074,9.926593966273673,9.927423047570029
1.65452841097953,39628618999.733,39631928158.740776,15.862042571211513,15.863367119539996,10.067214808624836,10.068055632884079
1.6744830601633456,39628745472.14637,39632048669.68532,15.86209319399009,15.863415356137205,10.204505253515402,10.205357509627758
1.6946783749177292,39628861434.63432,39632172165.90896,15.862139609988603,15.863464787644187,10.338544191248335,10.33940761621124
1.7151172578202367,39628989459.09052,39632298722.99168,15.86219085399926,15.86351544431314,10.469408663848522,10.470283021559894
1.7358026464553273,39629118705.26616,39632428418.43731,15.862242587024328,15.863567357166321,10.597173942753642,10.598058969424212
1.7567375138365704,39629251834.39522,39632561331.76918,15.862295874268899,15.863620558034322,10.721913477689025,10.722808921640175
1.7779248688339402,39629387660.62478,39632697544.64176,15.862350241074756,15.86367507960076,10.84369898511076,10.844604600365653
1.7993677566062685,39629526965.02088,39632837140.88873,15.862406000077142,15.86373095542152,10.962600480520319,10.963516029316967
1.8210692590389104,39629669769.66889,39632980206.57347,15.862463160116105,15.863788219944965,11.078686324413217,11.079611574028894
1.8430324951866892,39629816847.99441,39633126830.05328,15.862522030768668,15.86384690853764,11.192023261495779,11.192957981161419
1.8652606217221832,39629967296.389404,39633277102.03421,15.862582250350032,15.86390705750621,11.302676454507822,11.303620416875772
1.88775683338942,39630122561.024536,39633431115.64184,15.862644397715103,15.86396870412581,11.410709525006606,11.411662504301916
1.9105243634630407,39630278519.04608,39633588966.504906,15.862706822620122,15.864031886673502,11.516184574390971,11.517146360119018
1.9335664842130058,39630439860.82207,39633750752.83652,15.862771402466299,15.864096644460783,11.61916223570784,11.62013263027014
1.9568865073748998,39630607691.16384,39633916575.50569,15.862838579473552,15.864163017862232,11.71970173287481,11.720680524831414
1.9804877846259143,39630776005.83589,39634086538.10182,15.862905950342403,15.8642310483413,11.81786086325608,11.818847852055827
2.0043737080665673,39630952979.26084,39634260747.02177,15.862976787027389,15.864300778485175,11.913696065585807,11.914691051611108
2.0285477107082346,39631129077.51206,39634439311.53386,15.8630472734089,15.864372252030407,12.007262434514109,12.008265227030913
2.0530132669665586,39631310659.71762,39634622343.87891,15.863119954838318,15.864445513903323,12.098613744798541,12.09962417739792
2.0777738931608125,39631499638.47295,39634809959.414505,15.863195596865163,15.864520610277808,12.187802536270611,12.18882042827751
2.102833148019282,39631691289.74232,39635002276.66524,15.863272308612132,15.864597588595378,12.274880090480044,12.275905261919444
2.1281946331907466,39631892247.059494,39635199417.39041,15.86335274526626,15.864676497592315,12.359896483401599,12.360928746744616
2.153861993762124,39632091571.548065,39635401506.71077,15.863432528352398,15.864757387350364,12.442900583707232,12.44393976613408
2.1798389187823672,39632305787.389046,39635608673.17063,15.863518271960801,15.864840309321622,12.523940129546006,12.524986046536972
2.206129141792668,39632508547.855156,39635821048.867966,15.863599430356587,15.86492531638059,12.603061680272473,12.604114184913357
2.232736441363065,39632727402.42487,39636038769.68674,15.863687030696678,15.86501246291719,12.680310699401431,12.681369675528668
2.2596646416355184,39632952654.174255,39636261975.34687,15.863777191618965,15.86510180485674,12.755731656925382,12.756796936114647
2.2869176128735367,39633182350.29024,39636490809.37582,15.863869131476122,15.865193399648598,12.82936791424568,12.830439333410617
2.314499272018431,39633414787.61272,39636725419.26927,15.863962168548756,15.865287306330474,12.901261788126675,12.902339208100214
2.3424135832522777,39633652118.13849,39636965956.70631,15.864057164210939,15.86538358561455,12.971454595010584,12.972537899159175
2.3706645585676736,39633899645.79426,39637212577.78241,15.864156241451388,15.865482299980755,13.03998670792117,13.041075767628342
2.399256258344359,39634153684.87834,39637465443.12469,15.864257925004038,15.865583513722875,13.10689755079037,13.107992219825148
2.4281927919327986,39634414983.272064,39637724717.949165,15.864362514221368,15.865687292971492,13.172225599722864,13.173325730005955
2.4574783182447963,39634681829.32024,39637990572.091034,15.864469323983679,15.865793705706087,13.236008414615883,13.237113862491906
2.4871170463512398,39634952838.69346,39638263180.20796,15.864577800189101,15.865902821836428,13.298282650835082,13.299393293271708
2.5171132360870474,39635231260.98266,39638542722.09123,15.864689243542808,15.866014713327093,13.359084104290782,13.360199831095024
2.547471198663417,39635519006.95907,39638829382.78828,15.864804418864146,15.86612945424653,13.41844774725406,13.419568438068183
2.578195297287452,39635815079.310135,39639123352.74089,15.864922926961459,15.86624712082237,13.476407727688821,13.477533249763187
2.6092899477892684,39636117998.366684,39639424827.97203,15.865044175571475,15.866367791516208,13.532997372774213,13.534127594851824
2.6407596192566607,39636423375.02881,39639734010.30058,15.86516640788078,15.866491547109552,13.588249192199246,13.589384014276545
2.6726088346774195,39636741130.71492,39640051107.523384,15.865293595109293,15.866618470776697,13.642194952078565,13.643334279968991
2.7048421715894047,39637064538.70736,39640376333.62634,15.865423044771516,15.866748648169212,13.694865680605297,13.696009413126951
2.7374642627384485,39637399832.088394,39640709909.018555,15.865557251766816,15.866882167509667,13.746291668886887,13.747439702060403
2.770479796744201,39637741013.59155,39641052060.72427,15.865693815585193,15.86701911966846,13.796502491150738,13.797654719616736
2.803893518774003,39638091361.54256,39641403022.64467,15.865834048433419,15.86715959826859,13.845527008329595,13.846683340195344
2.837710231224885,39638453778.97059,39641763035.82481,15.865979112299309,15.86730369979253,13.893393426887409,13.894553756361598
2.8719347944137956,39638823772.899345,39642132348.668686,15.866127208791116,15.867451523668294,13.940129277277554,13.941293495069473
2.9065721272761507,39639201031.84764,39642511217.20877,15.86627821323309,15.867603172377319,13.98576141504606,13.986929433502146
2.941627208072808,39639589954.02555,39642899905.37139,15.866433886085149,15.867758751560697,14.030316078994199,14.031487814539844
2.977105075105571,39639985174.20882,39643298685.35591,15.866592079823166,15.86791837017095,14.073818881416454,14.07499426186428
3.013010827441318,39640396328.58952,39643707837.99159,15.86675665150027,15.868082140614865,14.11629484848348,14.117473794708733
3.0493496256448713,39640815383.44215,39644127652.949905,15.866924385478383,15.868250178838473,14.1577684205471,14.158950842261355
3.086126692520694,39641247907.74064,39644558429.03613,15.86709751083599,15.868422604443778,14.198263447623352,14.199449257729636
3.123347313863546,39641688776.13066,39645000474.59177,15.867273976061055,15.86859954084981,14.237803216478222,14.238992332074972
3.161016839218183,39642143258.57272,39645454107.92219,15.867455890546744,15.868781115463827,14.276410463153615,14.277602807425724
3.1991406826482205,39642607441.47215,39645919657.70156,15.86764168780886,15.868967459843365,14.31410739120414,14.315302890176515
3.237724323514275,39643086306.13349,39646397463.35451,15.867833361701004,15.86915870984902,14.35091568345785,14.352114263780827
3.2767733072614837,39643578139.77419,39646887875.46329,15.868030226652236,15.869355005807426,14.386856524345314,14.388058101244328
3.3162932462165258,39644080400.69566,39647391256.25622,15.868231265303576,15.869556492706757,14.42195057620371,14.423155077326419
3.356289820394258,39644595674.61192,39647907980.09652,15.868437512631942,15.869763320392387,14.456218012196935,14.457425380457368
3.396768778314074,39645126954.44373,39648438433.97524,15.868650166605816,15.869975643764201,14.489678554013297,14.490888724377724
3.4377359378261105,39645672504.60487,39648983018.049446,15.868868532526687,15.870193622992009,14.522351461926325,14.523564359506906
3.4791971869474256,39646229194.30586,39649542146.23889,15.869091357241727,15.870417423754377,14.554255516785501,14.555471084047786
3.521158484708249,39646804211.04529,39650116246.814575,15.869321517671995,15.870647217474206,14.585409074016596,14.586627254833852
3.56362586200845,39647391710.22447,39650705762.9968,15.86955667441543,15.870883181558117,14.615830060169516,14.617050797924962
3.606605422484327,39648001387.57131,39651311153.67831,15.869800708355406,15.871125499685888,14.645535995783996,14.646759218958376
3.6501033433858567,39648620922.13049,39651932894.11706,15.870048687815707,15.871374362087776,14.674543973233517,14.675769613261236
3.6941258764645224,39649260374.00844,39652571476.65538,15.870304639528541,15.871629965832337,14.70287066985886,14.70409867573017
3.7386793488718437,39649918939.88577,39653227411.532196,15.870568241951384,15.871892515151556,14.730532411467292,14.731762710484105
3.7837701640687524,39650591851.43653,39653901227.73862,15.870837586479006,15.87216222178331,14.757545110547687,14.758777640296262
3.8294048027459335,39651280882.07729,39654593473.9278,15.871113382952172,15.872439305335543,14.78392428857907,14.785159015811109
3.875589823755259,39651993797.14111,39655304719.358864,15.87139873958022,15.872723993664101,14.809685144707379,14.810922024551715
3.922331865052462,39652722216.2312,39656035554.913826,15.871690301963879,15.873016523279768,14.83484251460833,14.836081499722992
3.9696376446511854,39653472210.17197,39656786594.18837,15.871990500055986,15.873317139784863,14.859410871933775,14.86065192881637
4.017513961588521,39654250175.55142,39657558474.66067,15.872301894201918,15.873626098341092,14.883404406552652,14.884647462021375
4.06596769690221,39655041534.60701,39658351858.93312,15.87261864939919,15.873943664166564,14.90683693276314,14.908081920449286
4.115005814619619,39655852638.41521,39659167436.03583,15.872943307776394,15.874270113057536,14.929721899165752,14.930968804174064
4.164635362758645,39656692538.94329,39660005922.83772,15.873279492540544,15.874605731953242,14.952072508850273,14.95332130009566
4.214863474340702,39657553267.05443,39660868065.57608,15.873624013906307,15.874950819548104,14.973901656752158,14.975152289630946
4.265697368415905,39658440553.43357,39661754641.48879,15.8739791656798,15.875305686945076,14.995221922078452,14.99647435623745
4.317144351100639,39659354493.14043,39662666460.55785,15.87434498591032,15.875670658353512,15.016045613475017,15.01729979277484
4.369211816627631,39660289431.580666,39663604367.404106,15.874719211248342,15.876046071847563,15.03638472144978,15.037640608709271
4.421907248408684,39661255341.33723,39664569243.31776,15.875105833393278,15.876432280178928,15.056250973352066,15.057508537165628
4.4752382201102385,39662249379.942986,39665562008.387596,15.875503714598326,15.876829651629121,15.075655852132702,15.076915041832468
4.529212396741896,39663264730.212616,39666583623.912056,15.875910126166735,15.877238570974518,15.09461052277641,15.095871323724845
4.583837535758073,39664318978.19888,39667635095.084816,15.876332107221359,15.87765944056134,15.11312593750388,15.114388327811163
4.639121488172954,39665403989.10479,39668717473.644775,15.876766401668506,15.878092681366335,15.131212833140406,15.132476749508232
4.695072199688863,39666514737.11148,39669831860.78866,15.87721099783695,15.878538734162602,15.148881629823684,15.150147041048902
4.75169771183828,39667663266.65591,39670979410.56783,15.87767071672163,15.878998060879235,15.166142534583772,15.167409417728742
4.8090061631396015,39668853134.914116,39672161333.466644,15.878146982144,15.879471146033602,15.183005586362162,15.184273864037802
4.867005790266854,39670062321.181335,39673378900.27415,15.878630979934771,15.879958498281079,15.1994804979876,15.200750139682409
4.925704929233514,39671316923.31029,39674633446.341675,15.879133156212463,15.880460652119213,15.215576772874043,15.216847785502907
4.9851120165906035,39672608317.40429,39675926376.23599,15.879650059112748,15.88097816975023,15.2313037711489,15.232576129293397
5.0452355906392325,39673943103.93355,39677259168.9005,15.880184330588389,15.881511643146897,15.246670622019991,15.247944291530214
5.106084292657776,39675316458.74617,39678633383.30252,15.880734039688859,15.882061696312944,15.261686246505624,15.262961191015869
5.1676668681438365,39676733698.3898,39680050664.61234,15.88130131445463,15.88262898775633,15.27635935689212,15.277635550445433
5.229992168071196,39678255423.91279,39681512751.08884,15.881910411507128,15.88321421324534,15.290698773177354,15.291975901902985
5.293069150161929,39679709179.14012,39683021481.726524,15.88249230226906,15.883818108869452,15.304712569409945,15.305990592296752
5.356906880173848,39681261219.24564,39684578804.73495,15.883113533259374,15.884441454433345,15.318408608574323,15.319687788741996
5.4215145332034815,39682870241.47655,39686186786.988655,15.883757572334387,15.885085077239436,15.33179515393268,15.333075483901398
5.486901395004776,39684526672.69734,39687847624.58084,15.884420587680461,15.885749856312138,15.344880032648236,15.346161501293784
5.5530768633236836,39686244214.700554,39689563654.669205,15.88510806367787,15.886436727139387,15.357670906682342,15.358953500583363
5.620050449248863,39688018709.06271,39691337368.76427,15.885818335845446,15.887146686991514,15.370175301213282,15.371458982862816
5.687831778578659,39689848953.19957,39693171427.756485,15.886550922827968,15.887880800936108,15.38240053779905,15.383685295945567
5.756430593204574,39691750636.93175,39695068678.96571,15.887312104748462,15.888640208662359,15.394353833708546,15.395639639684811
5.825856752511429,39693708703.30973,39697032175.49765,15.88809585480155,15.889426132228815,15.406042237347535,15.407329071339193
5.896120234794399,39695742005.93167,39699065198.32446,15.888909719467124,15.890239884901533,15.417472649098137,15.418760511007934
5.967231138693149,39697846464.02486,39701171281.59272,15.889752065345078,15.891082881284017,15.428651875253951,15.429940747161966
6.039199684643272,39700031413.473816,39703354241.8008,15.890626629285235,15.891956648995983,15.43958658615389,15.440876442302502
6.11203621634521,39702295362.336395,39705618211.559494,15.89153281411185,15.892862842186632,15.45028333098908,15.451574138784034
6.1857512022509145,39704640225.07167,39707967678.85773,15.892471386120398,15.893803257251424,15.46074850588878,15.462040264845884
6.2603552370684294,39707083113.9451,39710407533.00213,15.893449194792138,15.8947798512202,15.47098844609415,15.472281140904956
6.335859043284609,39709612852.97834,39712943118.67261,15.894461766747765,15.895794763393857,15.481009364096195,15.482302986173805
6.412273472706223,39712247696.09034,39715580299.9763,15.89551640843516,15.896850340983061,15.490817359597557,15.492111925682218
6.489609508019627,39714996409.2317,39718325536.82351,15.896616628578197,15.897949169679029,15.500418515633747,15.501713997798648
6.567878264369249,39717852605.08584,39721185976.6502,15.897759870542556,15.899094110367061,15.50981878196994,15.511115162370885
6.647090990955133,39720835637.29847,39724169565.635376,15.898953880960844,15.900288343643224,15.519024029622502,15.52032130963673
6.727259072649714,39723946631.44021,39727285184.69645,15.900199110362237,15.901535424248854,15.528040087097546,15.529338270096353
6.808394031634124,39727208934.32136,39730542817.31575,15.901504903712778,15.90283934824603,15.536872761481439,15.538171825592327
6.89050752905422,39730614716.223114,39733953758.96815,15.90286812703162,15.904204636844621,15.545527794968848,15.546827721917001
6.973611366696582,39734190786.00538,39737530881.69194,15.904299511030247,15.90563644230137,15.554010884686129,15.555311683370308
7.057717488684729,39737942065.820435,39741288972.7408,15.905801025885543,15.907140683471214,15.562327742615869,15.563629429834927
7.142837983195795,39741896956.29783,39745245174.50494,15.90738403944242,15.90872422189337,15.570484104081638,15.571786697141409
7.228985084197899,39746061386.90204,39749419565.88251,15.909050925071952,15.910395094495325,15.578485730665282,15.579789261797366
7.3161711732084855,39750477969.074165,39753835945.27349,15.910818738743027,15.912162826999726,15.586338478646923,15.587642971605609
7.404408781073854,39755161381.03793,39758522908.4519,15.912693355669452,15.91403886536145,15.594048336407411,15.595353784388678
7.493710589770156,39760144778.03623,39763515371.27483,15.914688046812659,15.916037185258318,15.601621377780857,15.60292781813925
7.58408943422613,39765476731.22835,39768856786.1789,15.916822253622177,15.918175179282269,15.609063920647294,15.610371417731658
7.67555830416779,39771213079.46797,39774602486.391205,15.919118326568368,15.920474995517843,15.616382628474119,15.61769124645117
7.768130345985381,39777414514.00687,39780824957.68289,15.921600558378142,15.922965647653047,15.623584559527602,15.624894416262375
7.861818864622859,39784191378.01094,39787622614.72467,15.92431311581883,15.925686527867972,15.630677417226186,15.631988681700372
7.956637325490131,39791674276.5794,39795135475.310776,15.927308275848246,15.92869368071499,15.637669865518665,15.638982745297358
8.052599356398389,39800062860.10517,39803575925.35604,15.930665952001403,15.932072117342798,15.644571930966436,15.645886776394802
8.149718749518765,39809689660.85419,39813297837.30248,15.934519246089357,15.935963481338325,15.651395929717818,15.652713392353702
8.24800946336461,39821168453.006836,39824988969.28764,15.93911383188082,15.940643059833238,15.658158381058577,15.659479860014214
8.3474856247977,39835956831.546234,39836699764.90136,15.945033137066616,15.945330509036774,15.664885258334424,15.66619697932961
8.448161531058608,39860722529.756424,39842933830.264946,15.954946037622612,15.947825801900489,15.671640594063467,15.672839888416721
8.550051651821585,39865901785.02644,39843651457.13368,15.957019124438501,15.948113044510237,15.678377311869117,15.679358219935134
8.653170631274223,39855759950.75486,39843123615.19418,15.952959679243929,15.94790176661243,15.684930459131314,15.685722984984896
8.757533290222188,39875805897.03685,39842606677.6873,15.960983417171997,15.947694853403043,15.691376169182583,15.691932003820591
8.863154628219347,39878686478.3201,39842103884.04129,15.962136419827605,15.947493601519458,15.697777387665305,15.697989085207988
8.970049825723585,39866610635.80052,39841584344.62544,15.957302854264038,15.947285646850847,15.703982925179536,15.703897815602227
9.078234246278617,39872023243.11687,39841057842.567535,15.959469344286658,15.947074905263905,15.71001034555421,15.70966159756789
9.187723438722127,39872182894.97994,39840531938.28574,15.95953324771586,15.946864402947227,15.715921237261618,15.715283835228396
9.298533139420517,39858614241.7628,39839996864.606674,15.954102158760534,15.94665023042014,15.72162812007011,15.720767841101518
9.410679274530622,39859357166.37548,39839449362.447495,15.954399527231377,15.946431083178174,15.727139389853265,15.726116787646214
9.524177962288718,39878412186.08538,39838896283.763824,15.962026629599888,15.94620970383549,15.73261448069684,15.731333789483271
9.639045515327101,39854682801.833115,39838339725.335014,15.952528531692398,15.945986931664418,15.737936477225574,15.736421929738054
9.755298443018628,39866800874.12139,39837776315.37539,15.95737900045385,15.94576141704922,15.743078349642532,15.741384212290232
9.872953453849549,39857779555.92093,39837206081.72712,15.953768061265048,15.945533171134203,15.748112484422798,15.746223554093465
9.992027457820912,39868815473.81012,39836627799.10595,15.958185378945787,15.945301703478082,15.753037473871164,15.750942797280201
10.112537568878977,39865205263.65068,39836040436.339645,15.956740329668635,15.945066601336272,15.757880574418875,15.755544705954197
10.234501107374921,39885125601.32629,39835445566.39923,15.964713790571865,15.944828494317724,15.762686936897568,15.76003198137557
10.357935602554209,39878536259.60843,39834844839.404366,15.962076292180978,15.944588042911473,15.767441883853087,15.764407276091333
10.48285879507597,39868803557.58152,39834237053.32163,15.958180609268465,15.944344765982784,15.772006696886283,15.768673181848461
10.60928863956282,39871744232.85919,39833621947.884,15.959357665588366,15.944098559355256,15.77643151695965,15.772832222084027
10.737243307181362,39867408035.48091,39832997913.31588,15.95762202732623,15.94384877868827,15.78074468140311,15.776886851545154
10.866741188253847,39878577869.35098,39832365461.49931,15.962092947202636,15.9435956288715,15.784988501824074,15.78083946167623
10.997800894901342,39852170421.274025,39831726126.65033,15.951522907767334,15.943339724001541,15.789058461011594,15.78469239699473
11.130441263718758,39874600203.7813,39831079340.51644,15.960500817519776,15.943080836625468,15.793014523407264,15.788447950992683
11.264681358482123,39862008556.84738,39830422391.23835,15.955460792286777,15.942817881274532,15.79692251200901,15.792108347211544
11.400540472888565,39859382929.817825,39829756788.607475,15.95440983949634,15.942551462268952,15.800666043529493,15.795675750933443
11.538038133329287,39892429886.232635,39829085636.28738,15.967637457382903,15.942282821903936,15.804466141451186,15.799152298061196
11.677194101695985,39857550744.48654,39828406795.531456,15.953676475517057,15.942011104109037,15.80816559033785,15.80254007832046
11.818028378221166,39860647089.58217,39827716563.04017,15.954915841383485,15.941734826574336,15.811627773052379,15.805841104182864
11.960561204352672,39850004103.939575,39827016388.55472,15.950655801654401,15.941454569583913,15.814971757384125,15.80905732990214
12.104813065662881,39832978422.604904,39826309072.1607,15.943840977192911,15.941171453920626,15.8181051436585,15.812190683621292
12.250804694792999,39861944589.49135,39825593351.93221,15.955435188242271,15.940884974476733,15.821222217671949,15.815243054979923
12.39855707443289,39844828544.82382,39824866539.329796,15.94858419428841,15.940594055117646,15.82432032054909,15.818216270076944
12.548091440336803,39854805514.2425,39824129722.081314,15.95257764946412,15.940299131225329,15.82731194374363,15.821112104264731
12.699429284375467,39888985532.30334,39823384984.6065,15.966258794940561,15.94000103712495,15.83044274937908,15.823932305903533
12.852592357625056,39872721175.45537,39822630768.066925,15.959748703818848,15.939699148864381,15.833582894477408,15.82667858432033
13.007602673493352,39877776429.32037,39821866908.30178,15.961772156920143,15.939393400735403,15.836596101610478,15.82935260021508
13.164482510883603,39869639734.418335,39821093459.88847,15.958515303560555,15.939083814583572,15.839522934808635,15.831955974429409
13.32325441739661,39866483184.88,39820309971.904945,15.957251839820989,15.938770209919507,15.842327020431448,15.834490287510658
13.483941212571365,39868890369.46178,39819516341.772896,15.958215357230294,15.938452545684465,15.84506127724385,15.836957079945646
13.646565991164776,39852539598.05329,39818712699.808014,15.951670677180875,15.938130874039558,15.847664107623135,15.839357855862422
13.811152126471006,39854347468.80974,39817899106.28905,15.952394308829563,15.937805219112406,15.850136832859976,15.84169408465529
13.977723273680795,39855076061.73188,39817074802.44746,15.952685940792518,15.937475277192728,15.852562970841513,15.843967197570757
14.146303373281274,39862509802.501465,39816239452.91116,15.955661424559725,15.937140914042033,15.854970521751778,15.846178586770707
14.316916654496875,39870816926.83703,39815393874.21484,15.95898649525815,15.936802456492492,15.857395694000868,15.848329613748382
14.489587638771654,39859029618.884964,39814537490.80798,15.9542684206632,15.936459674170024,15.859746337087136,15.850421608843893
14.664341143293623,39859953578.57678,39813670046.84358,15.954638251566612,15.936112464667428,15.861990141666654,15.852455866946192
14.84120228456165,39848628004.95426,39812792100.513885,15.950104994151182,15.935761051410838,15.864131118836573,15.854433653722715
15.020196481995317,39849150524.889275,39811901385.776985,15.95031414182432,15.935404527377647,15.866170486216104,15.856356196676895
15.201349461588306,39859244410.81706,39810998660.2388,15.95435439486207,15.935043195812778,15.868212147319051,15.85822468716405
15.384687259605924,39872027482.9499,39810085453.60863,15.959471041353417,15.934677669008924,15.870313985916576,15.860040299181485
15.570236226327143,39851754284.9012,39809160398.044556,15.951356341961414,15.93430739946362,15.872329574067592,15.861804179597524
15.758023029831811,39860964959.4012,39808223456.91294,15.955043074295679,15.933932372513615,15.874245794070786,15.863517441487627
15.948074659833509,39835271982.78794,39807274073.60735,15.94475901446449,15.933552365367524,15.876037472130195,15.865181168728862
16.14041843155869,39871307779.62776,39806312291.493645,15.959182967607157,15.93316739538328,15.877837497294472,15.866796417102805
16.335081989672556,39857729045.15773,39805338541.34745,15.953747843455385,15.932777634986312,15.879699947245642,15.868364219636861
16.532093312252265,39863284447.754944,39804352188.798454,15.955971489767608,15.932382830258888,15.881480773415594,15.869885583888538
16.731480714808132,39846013875.97382,39803352710.96158,15.949058643654471,15.93198277190718,15.883163212109778,15.8713614880605
16.933272854353273,39848926993.96667,39802340417.443474,15.950224669692819,15.931577583856624,15.884738288243733,15.872792886192448
17.13749873352231,39851677378.85681,39801315276.80552,15.951325558982324,15.931167253523366,15.886302897020588,15.874180711030432
17.34418770473983,39855311757.726166,39800276046.946945,15.952780282205104,15.930751283735015,15.88786073605681,15.875525867149129
17.553369474439055,39866649646.23982,39799223094.04049,15.957318468869456,15.930329821058564,15.889452877424032,15.876829233584722
17.765074107331372,39852206262.609825,39798156931.99199,15.951537253884071,15.929903071193744,15.890991840587475,15.878091672724544
17.979332030727445,39867388555.2033,39797076895.518074,15.957614230007007,15.92947076784934,15.892498688520293,15.879314025773164
18.196174038910378,39856126353.31,39795982643.65227,15.95310633822611,15.9290327745476,15.893987672144835,15.880497109243578
18.415631297561585,39866593850.16515,39794874055.236176,15.95729613552214,15.928589042792776,15.895438228558827,15.881641718119173
18.637735348240156,39857880373.05295,39793751013.054565,15.953808415071979,15.928139525667437,15.896862190271749,15.882748627418646
18.862518112916142,39861425197.304955,39792613211.822205,15.955227292504805,15.927684100975867,15.898228256885188,15.883818591790444
19.090011898558522,39844486985.22858,39791460636.50374,15.948447479132113,15.927222762699905,15.899497871693196,15.884852346493497
19.320249401778593,39865860416.03998,39790292998.3362,15.957002565783645,15.926755395257164,15.900759525628708,15.885850607918886
19.553263713529255,39857375657.31663,39789109842.607704,15.953606393838387,15.92628181664132,15.902051552071606,15.88681407195518
19.789088323861044,39874064791.38223,39787911087.85992,15.960286509414129,15.925801994247257,15.903352584826294,15.88774341547246
20.027757126735455,39869453601.96936,39786696732.31206,15.958440800817234,15.925315927362188,15.90467945627652,15.888639298912102
20.269304424896426,39935050348.53391,39785466492.76074,15.98469703716367,15.924823502629046,15.906266051728293,15.88950236570921
20.513764934800466,39848784331.24461,39784219893.57221,15.950167566462182,15.924324529667162,15.907712737862981,15.89033324045123
20.76117379160629,39844580542.95644,39782956811.32324,15.948484927236532,15.923818959074246,15.908698516895281,15.891132530097588
21.011566554224647,39855546624.92234,39781677059.092995,15.95287429187686,15.923306716031991,15.909693435793091,15.89190082575444
21.264979210429043,39866389304.59516,39780380349.66882,15.957214262607545,15.92278768557855,15.910768186563779,15.892638702272622
21.52144818202804,39858088603.0234,39779066595.49074,15.953891762731807,15.922261832666516,15.911828983334466,15.893346719112388
21.78101033010006,39879882959.694855,39777735505.00813,15.962615332264653,15.921729040597699,15.912929483781067,15.894025420676034
22.043702960291224,39855361990.2489,39776386734.78732,15.952800388644192,15.921189171906807,15.913989666748959,15.894675335455723
22.309563828177094,39856051091.94504,39775020056.12922,15.953076213558507,15.920642135053058,15.914912449194652,15.895296976713158
22.578631144689147,39876433741.122574,39773635358.65458,15.961234722664523,15.920087885855246,15.915913841227145,15.895890843945576
22.85094358160664,39837197822.42174,39772232114.02546,15.945529865203872,15.919526212836939,15.916800420791743,15.89645742177586
23.126540277114675,39844595280.40513,39770810076.05531,15.94849082615616,15.918957017457698,15.917516358230651,15.896997179680898
23.405460841429427,39862374569.806915,39769369257.46665,15.955607295326557,15.91838030480993,15.918335005075736,15.897510574915216
23.687745362491093,39828102619.49336,39767909184.54021,15.941889352370339,15.917795885279274,15.919054576973112,15.897998051700506
23.9734344117255,39862077609.912544,39766429592.61461,15.955488431974633,15.917203652930425,15.919757632561328,15.89846004023894
24.26256904987534,39867952764.44152,39764930314.555565,15.957840064547337,15.916603540864982,15.920632183325562,15.898896958495845
24.555190832901552,39874235222.41792,39763411009.98004,15.960354727394261,15.915995412838724,15.921543671617282,15.899309212122866
24.851341817956033,39859485839.5908,39761871368.113205,15.954451030919131,15.915379144458633,15.922392821227389,15.899697194074385
25.15106456942623,39834848505.798965,39760311032.236244,15.944589510449548,15.914754592941815,15.923034818829594,15.900061284828759
25.454402165052805,39865776942.81042,39758729744.70861,15.956969154174706,15.914121655163164,15.923693015045068,15.900401852939943
25.76139820212097,39837589471.7745,39757127419.701614,15.945686629655,15.913480296768261,15.924346933610714,15.900719256606507
26.072096803726463,39876269718.03401,39755503702.88756,15.96116906957645,15.912830375931295,15.925037011911895,15.901013843446014
26.38654262511724,39804463946.47286,39753857680.16268,15.9324275632078,15.912171526766368,15.925550535337639,15.901285946810125
26.70478086011153,39872471324.148254,39752189394.52344,15.959648696496616,15.911503766483559,15.926037855992666,15.90153588804963
27.02685724759327,39839916571.52307,39750499037.960495,15.946618091719817,15.910827171930462,15.92667887253323,15.901763982020398
27.35281807808605,39825500511.95639,39748785761.27952,15.940847813665027,15.91014140320231,15.927082504490704,15.901970532973026
27.68271020040616,39840148566.58591,39747048995.90964,15.946710951770353,15.90944623271874,15.927478499740516,15.902155831235499
28.016581028395926,39847680501.05989,39745288761.08887,15.94972573927205,15.908741668180102,15.92797007787728,15.90232015766944
28.354478547738374,39826056467.886894,39743504838.31354,15.941070344675694,15.908027622126511,15.928382362953077,15.902463785530768
28.696451322853907,39841312586.95528,39741696710.62172,15.947176871126585,15.907303887634981,15.928755734822165,15.902586978105779
29.042548503880234,39861358783.21644,39739864048.72844,15.955200709113155,15.906570332903486,15.929287783796973,15.902689988435874
29.39281983373656,39842500932.737946,39738006471.575554,15.947652527151694,15.90582680540689,15.929811756439559,15.902773060197866
29.747315655272857,39870350075.657196,39736123592.00772,15.95879962997049,15.90507315017955,15.930367275153122,15.902836427652765
30.10608691850536,39850198319.81648,39734215041.671036,15.950733539930052,15.904309219781421,15.930944765730615,15.902880315929767
30.469185187939466,40030155437.55142,39732280478.79433,16.02276449974027,15.903534877412659,15.932271983041705,15.902904941458052
30.8366626499808,39884543969.31947,39730319515.417046,15.964480982266007,15.90274996778532,15.933721353812048,15.902910512077835
31.208572120435743,39818285345.9209,39728331647.534935,15.937959818228846,15.901954289162953,15.934134054374082,15.902897226472666
31.58496705210235,39836455722.45355,39726316643.06692,15.945232826811301,15.90114774865108,15.934311365292064,15.902865275136483
31.965901542452947,39876759727.07015,39724274147.354454,15.961365204198037,15.900330204291464,15.934762362210726,15.902814841264554
32.35143034140928,39807629198.51152,39722203291.53825,15.933694510274163,15.899501308308094,15.935062882227214,15.902746097895973
32.74160885921138,39850119005.39106,39720103869.94686,15.950701792954652,15.898660978377398,15.935233137153789,15.90265920889416
33.13649317438156,39846949438.48467,39717975741.048225,15.949433118787587,15.89780915784872,15.935584498631737,15.902554332595871
33.53614004178425,39828189394.95057,39715818279.56826,15.94192408575321,15.89694559644525,15.935823112825558,15.90243161993699
33.94060690078302,39844552135.68994,39713631036.9196,15.948473556735062,15.896070114612112,15.93604570519268,15.902291213190754
34.34995188349621,39844054841.28139,39711413573.52347,15.948274506016716,15.89518253640027,15.936337771172084,15.902133247048674
34.764233823151955,39852299224.45701,39709165428.96132,15.951574463476904,15.89428267751921,15.936659899052641,15.901957848743244
35.1835122625439,39812853146.20799,39706886124.664,15.935785486009447,15.893370346413324,15.936825096094351,15.901765138039822
35.60784746258914,39866421944.9879,39704575191.42381,15.957227327491262,15.892445355274083,15.9370559861771,15.901555227372675
36.03730041098919,39836636871.533714,39702232147.611946,15.945305334874762,15.891507511321198,15.93739180814862,15.901328222003544
36.4719328309954,39840138912.359055,39699856498.56187,15.946707087498492,15.890556616555806,15.937595998308383,15.901084220070816
36.91180719028024,39831381344.880486,39697447743.17943,15.943201719113935,15.889592470406273,15.937770083190168,15.900823312666208
37.356986709915475,39838445446.522125,39695005396.403656,15.946029248404516,15.888614878718528,15.937932463754258,15.900545584047888
37.807535373458514,39826927397.69813,39692528938.040474,15.941418949448988,15.887623633275862,15.93806935059759,15.900251111710347
38.26351793614863,39836099898.33343,39690017849.48868,15.945090402031338,15.886618526499142,15.93819246092736,15.899939966386667
38.724999934213855,41174476584.46768,39687471608.79846,16.480798900274024,15.8855993494689,15.944739870742348,15.899612212200255
39.19204769429011,39771019213.58895,39684889596.79966,15.919040728385445,15.884565854351528,15.950745651991427,15.89926790634189
39.66472834295417,39799893917.68033,39682271263.33425,15.930598329863601,15.883517820936733,15.950132236398733,15.89890709910498
40.143109816371364,39865859455.06746,39679616113.30121,15.957002181137716,15.882455051051732,15.949984095276811,15.898529834636806
40.62726087005974,39814309672.64189,39676923560.03024,15.936368485994906,15.881377309871562,15.949904476585901,15.89813615090691
41.11725108877194,39817963303.58975,39674193024.26517,15.937830915196258,15.880284365538877,15.949601212365579,15.897726079457183
41.61315089649633,39812298375.344986,39671423928.081894,15.935563429342613,15.879175986729534,15.949295331553573,15.89729964559548
42.11503156657874,39818035538.34157,39668615630.46782,15.937859828409419,15.87805191686711,15.948997364172811,15.89685686824865
42.62296523196612,39815203907.72414,39665767528.04649,15.936726419107421,15.87691191443971,15.948719989289282,15.896397759995905
43.13702489557402,39843031256.69608,39662879015.33955,15.94786479852054,15.875755737094105,15.948568575111826,15.895922327386558
43.65728444077888,39834432231.343544,39659949439.17241,15.944422889373673,15.874583123385838,15.948510884493487,15.895430570845459
44.18381864203688,39807927243.91077,39656978154.29402,15.933813808118256,15.873393815041975,15.94828760519905,15.894922484631111
44.71670317563108,39815141083.00012,39653964507.94107,15.936701272421212,15.872187550782668,15.947979104666949,15.894398056983253
45.25601463054789,39753553420.647156,39650907820.41314,15.91204974161438,15.870964058546027,15.947418142778336,15.893857270101575
45.80183051948482,39833068466.96459,39647807415.13577,15.943877019010737,15.869723067521386,15.946959484570385,15.893300100176758
46.35422928999115,39816312631.170715,39644662628.85897,15.93717020491054,15.868464312231419,15.946806531003118,15.892726517611155
46.91329033574276,39792721486.65671,39641472736.510574,15.927727439857655,15.86718750245341,15.946465700692157,15.892136486923794
47.479094007952895,39768787559.04202,39638236955.08839,15.918147469919187,15.86589232477714,15.945907594198902,15.891529966322109
48.05172162692088,39827471053.91929,39634954600.59143,15.94163655728751,15.864578505419345,15.945529824301362,15.89090690805065
48.631255493719785,39839960297.08766,39631624974.743904,15.94663559363597,15.863245764883017,15.945497158859647,15.890267258930882
49.21777890202509,39832381757.05413,39628247278.56109,15.943602151450152,15.861893783360653,15.945487981186323,15.889610959941983
49.811376150086275,39790587810.52816,39624820739.325455,15.926873398953923,15.86052225155865,15.945243947613857,15.88893794600994
50.41213255284251,39793853176.24247,39621344581.51349,15.928180418256597,15.859130859060263,15.944824292055293,15.888248146261356
51.02013445418457,39806263946.307106,39617817998.06261,15.933148044383262,15.857719282824686,15.944489167604539,15.887541483997177
51.6354692393646,39838032636.78677,39614240165.19994,15.945864014142984,15.856287193122528,15.944372011051655,15.886817876602363
52.2582253475557,39849707588.999,39610610271.73299,15.950537116402955,15.854834265259909,15.94446304817328,15.886077235667301
52.8884922845628,39910826146.1405,39606927477.350334,15.975000879706846,15.853360162887604,15.944898485971567,15.885319467045495
53.526360635686835,39769732739.4374,39603190891.81716,15.91852579477752,15.851864529673675,15.944938657551024,15.884544470614088
54.171922078744295,39786968700.89533,39599399637.189316,15.925424787508083,15.850347014205735,15.944395104171333,15.883752140238805
54.825269397243595,39862305945.549866,39595552812.33712,15.955579827276592,15.848807255790991,15.94430501804489,15.8829423638637
55.48649649372027,39856250736.354324,39591649514.717285,15.953156124698465,15.847244893170826,15.94454325543176,15.882115023535425
56.15569840323338,39816725966.50796,39587688861.691635,15.937335649553352,15.845659573053991,15.944558778681321,15.881269995631257
56.83297130702432,39814385522.045425,39583669905.479485,15.936398846035155,15.844050916074817,15.944376486028924,15.880407150776465
57.51841254634043,39848630119.949684,39579591672.88086,15.950105840714809,15.842418532693122,15.944350826359923,15.87952635355235
58.21212063642555,39815856641.89234,39575453178.60463,15.936987687287466,15.84076202852903,15.94433084521238,15.87862746246195
58.91419528067912,39788546021.86758,39571253408.94516,15.926056137604094,15.839080997829265,15.944026602460408,15.877710329881507
59.6247373849859,39806462120.425804,39566991363.42458,15.933227367013894,15.8373750401352,15.94368630881569,15.876774802134822
60.34384907221895,39765556700.868835,39562666020.25997,15.91685426285878,15.835643746460478,15.943243401099863,15.875820719597344
61.07163369691718,39772877809.038666,39558276319.59034,15.91978466347302,15.833886692577348,15.942653116476666,15.874847916555069
61.808195860139854,39847628964.73204,39553821181.46607,15.949705110962334,15.83210344621723,15.942467880910186,15.873856221073508
62.553641424500675,39976245335.36076,39549299516.33112,16.001186045644445,15.830293571266408,15.943252837055873,15.872845455004589
63.308077529382736,39793781349.87462,39544710218.184586,15.928151668506205,15.828456625028819,15.943755035003319,15.871815434010115
64.07161260633724,39771184889.087524,39540052145.55388,15.919107042879306,15.826592150610255,15.943277579413207,15.870765967461738
64.84435639466776,39799057553.18412,39535324131.901726,15.93026356045758,15.82469968108392,15.942837887258538,15.869696858303234
65.62641995720267,39759638520.79989,39530524990.89555,15.914485408566927,15.822778741599613,15.942351952273189,15.868607902990238
66.41791569625771,39791017894.12823,39525653551.54065,15.927045547379622,15.820828863446375,15.941841421908835,15.867498891623828
67.21895736979077,39797375451.98022,39520708594.890015,15.929590270255225,15.818849558719513,15.941521206369783,15.86636960794464
68.02966010775216,39731968499.686386,39515688847.19379,15.90341000235982,15.816840317578539,15.94092655347271,15.86521982899612
68.85014042863149,39791228470.05449,39510593039.63357,15.927129834048982,15.814800632156862,15.94032038611813,15.864049325048457
69.68051625620426,39804355536.77002,39505419868.5379,15.932384170342615,15.812729980637359,15.940070493736846,15.862857859616039
70.52090693648064,39785824780.6891,39500168004.37569,15.92496691359102,15.810627830852129,15.939800000262332,15.861645189329876
71.37143325485853,39788151280.36893,39494836133.22898,15.925898135467904,15.808493656882709,15.939459675169047,15.860411064053293
72.23221745348323,39775299322.01892,39489422901.42178,15.920753916072506,15.806326916896786,15.939077074866006,15.85915522692622
73.10338324881701,39849001002.95088,39483926888.01541,15.950254293073293,15.80412704213899,15.938994519516296,15.85787741401623
73.98505584942022,39899704690.541046,39478346666.12982,15.970549324072934,15.801893461475819,15.939503137584484,15.856577354140759
74.87736197394675,39873760245.53362,39472680794.01528,15.960164609652354,15.799625597821915,15.940114923694999,15.855254768939947
75.78042986935695,39775789654.37912,39466927780.13522,15.92095018011016,15.797322854163882,15.940122622159107,15.853909372739096
76.69438932934987,39669833091.990204,39461086099.16713,15.87853922697239,15.794984619964907,15.939162985552784,15.852540872326204
77.61937171301778,39749612685.89993,39455154230.8255,15.910472394134198,15.792610286704331,15.938107244601964,15.851148966995275
78.55550996372601,39745609391.04919,39449130612.25274,15.908870005886753,15.790199228821276,15.937433430029461,15.84973334854459
79.50293862822011,39844628434.25959,39443013623.34652,15.948504096561845,15.787750797841667,15.937229026929602,15.848293700980555
80.4617938759637,39754290047.515335,39436801646.12451,15.912344589303679,15.785264346139993,15.937065244234654,15.846829700442637
81.43221351870939,39806788257.20573,39430493021.7431,15.93335790892067,15.782739209735306,15.936729981326533,15.845341015204824
82.41433703030589,39742013082.384,39424086035.5295,15.90743052092396,15.78017470230006,15.936341116774653,15.843827305403087
83.40830556674398,39700519002.61769,39417578965.6075,15.89082179530294,15.777570134623419,15.935458248470809,15.842288222930689
84.41426198644395,39750747628.24529,39410970061.275444,15.910926674506625,15.774924805956658,15.934640318861325,15.840723411462038
85.4323508707883,39768667256.42301,39404257520.342575,15.918099316707888,15.772237994941648,15.934163975850906,15.839132506265955
86.46271854490156,39743449805.89522,39397439503.188965,15.908005594445905,15.76950896523858,15.933663089431414,15.837515133983562
87.50551309868081,39716594597.69237,39390514141.61722,15.897256331248638,15.766736969069024,15.932927119544434,15.835870912520027
88.56088440808018,39718514221.397896,39383479525.837326,15.898024693954842,15.76392124200638,15.932091171226453,15.834199450918414
89.62898415665175,39694903828.6806,39376333675.78081,15.888574224474509,15.76106099149387,15.931171455094612,15.8325003490384
90.70996585734608,39714516804.21944,39369074590.6209,15.896424658347746,15.75815541666586,15.930255803302984,15.830773197343602
91.80398487457624,39606164511.10402,39361700299.41974,15.853054772405047,15.755203728620254,15.928937448280294,15.829017577168907
92.91119844654749,39701025315.95795,39354208772.61493,15.891024456005237,15.752205114989483,15.927592132837411,15.827233060797997
94.03176570785615,39765753855.880974,39346597877.0066,15.916933177574322,15.74915872192327,15.927034530797329,15.825419210907127
95.16584771236167,39663440799.34704,39338865437.96857,15.875980600893742,15.746063678989742,15.926307183849412,15.823575580106695
96.31360745633391,39661919644.130135,39331009261.55229,15.875371732116152,15.742919108022917,15.925107601192607,15.82170171089229
97.47520990187972,39745304624.593994,39323027118.41113,15.908748017823365,15.739724116688109,15.924327011333054,15.819797135624459
98.65082200065248,39732701435.79853,39314916729.887215,15.903703372759958,15.736477792912952,15.923897800555803,15.817861376366707
99.84061271784705,39762129612.47046,39306675757.265076,15.915482511244859,15.733179200585992,15.923559729245634,15.81589394461065
101.04475305648423,39765665684.85339,39298301822.25238,15.916897885590187,15.729827387754442,15.92338523237034,15.813894341054583
102.26341608198875,39618921393.755264,39289792506.74901,15.858160936101827,15.726421386531758,15.92253157309002,15.811862055482804
103.49677694706244,39765440584.63117,39281145335.85465,15.916807785319277,15.722960206296138,15.921705406192995,15.80979656656566
104.74501291685849,39703164623.0085,39272357786.04864,15.891880750783235,15.71944283696463,15.921292319780749,15.807697341623184
106.00830339445916,39769150424.37172,39263427280.43206,15.918292713065494,15.715868247088723,15.920910255813551,15.80556383641028
107.28682994666,39674961537.24287,39254351180.38937,15.880591976196945,15.712235380516749,15.9203989655845,15.803395494844738
108.58077633006585,39619583386.14679,39245126792.95146,15.858425910046448,15.708543159341076,15.919191715936746,15.80119174873755
109.89032851750162,39665529330.86025,39235751391.82321,15.876816571881632,15.704790492314766,15.91797122493298,15.7989520176646
111.21567472474072,39710711944.34343,39226222184.97085,15.894901697143089,15.700976261877841,15.91721171619202,15.796675708785893
112.5570054375567,39744510643.66467,39216536309.14531,15.908430213175626,15.697099321965169,15.916844369897845,15.79436221649018
113.91451343910114,39661633105.82688,39206690853.6417,15.875257040186955,15.693158507516594,15.916249702040043,15.792010922135537
115.28839383761098,39646250652.62565,39196682846.83388,15.869099946306664,15.689152629087175,15.915205139030206,15.789621193843816
116.67884409445062,39605763841.26918,39186509241.36345,15.8528943973494,15.685080466918826,15.913919704566995,15.787192386165886
118.08606405249265,39662874390.013435,39176166933.890686,15.875753885727049,15.680940778845956,15.912746320076684,15.784723839779172
119.51025596483952,39807228409.70273,39165652783.824745,15.93353408759713,15.67673230779257,15.912558464052495,15.782214881374822
120.95162452389278,39716834413.949425,39154963552.05311,15.89735232186791,15.672453757247661,15.912624239590365,15.77966482334355
122.410376890773,39854032251.09448,39144095916.10936,15.952268137467936,15.668103797336382,15.912916846873578,15.777072963252504
123.88672272509324,39607457135.77774,39133046539.44272,15.853572167866222,15.663681092546373,15.912672999262776,15.774438583736439
125.38087421509283,39691756538.41304,39121811991.99835,15.88731446691878,15.659184269938649,15.911674898428764,15.771760952339067
126.89304610813464,39691198378.52855,39110388741.46002,15.887091053737276,15.654611915642331,15.91109509381173,15.769039320942154
128.42345574156886,39582505561.38428,39098773211.670715,15.8435848671417,15.649962598238503,15.910007936211393,15.766272925445476
129.97232307397022,39625684961.43366,39086961740.727554,15.860868171457385,15.645234851986979,15.908640218247047,15.76346098552982
131.53987071675215,39638513799.46713,39074950579.16571,15.8660031365448,15.640427176099385,15.90756960582494,15.760602704219467
133.12632396616075,39618404768.16237,39062735907.86156,15.857954147741427,15.635538041905201,15.906488902765242,15.75769726753185
134.731910835656,39481198689.793846,39050313835.57236,15.803035033448669,15.630565891866986,15.90468456188948,15.754743844208143
136.3568620886835,39567184668.747986,39037680386.479034,15.837452413946007,15.625509134594145,15.902686451145174,15.751741585379284
138.00141127184006,39648052402.74076,39024831487.94518,15.869821128062425,15.620366139943272,15.901526674812152,15.748689624122708
139.66579474844085,39571263707.052475,39011762981.19979,15.839085119825459,15.615135243294086,15.90040923568783,15.745587075022936
141.35025173249107,39542470173.15831,38998470618.30833,15.827560008127573,15.609814744337061,15.8988190140041,15.742433033778418
143.05502432306622,39597825379.772385,38984950064.68204,15.849716890350912,15.604402908077816,15.897394801987556,15.739226576815438
144.78035753910876,39524235564.25339,38971196901.4266,15.820261289423264,15.598897965777201,15.895914207438166,15.735966760934113
146.5264993546428,39613350364.14935,38957206600.39884,15.855931034808142,15.59329810496732,15.894546927233758,15.732652622854955
148.2937007344144,39449814020.848816,38942974532.27287,15.790472774973479,15.587601472680133,15.8928519880102,15.729283178697052
150.0822156699622,39535644862.461464,38928495981.77042,15.824828059057236,15.581806181543671,15.890835849734959,15.725857423579269
151.8923012161215,39571833443.53314,38913766125.067314,15.839313166740512,15.575910300738588,15.889444624626215,15.722374331194922
153.72421752796987,39536483022.6209,38898780028.164246,15.825163547208629,15.569911855346021,15.888088301042691,15.718832853282274
155.57822789821867,39403573049.981476,38883532657.52001,15.771964023799566,15.563808830603737,15.885963527533699,15.71523191915063
157.45459879505376,39428608154.72636,38868018869.31464,15.781984758997043,15.557599167608515,15.883382091358397,15.711570435216503
159.35359990043426,39455713099.182724,38852233400.65386,15.792833983464343,15.55128075979558,15.881109096203808,15.707847284458285
161.2755041488532,39553042859.62323,38836170871.42287,15.831791909390642,15.544851453680595,15.879481958537049,15.704061325851187
163.22058776656405,39523160913.69513,38819825789.44028,15.819831141885084,15.53830905092264,15.878209560629672,15.700211393848887
165.189130311282,39362837636.4833,38803192541.38764,15.755658967520205,15.531651304693579,15.876061737938944,15.69629629785849
167.1814147123639,39506928196.39132,38786265383.99922,15.813333715040075,15.524875916151613,15.873896485071418,15.692314821643166
169.1977273114714,39464924891.63307,38769038454.88751,15.796521163277639,15.517980538774394,15.872261291132297,15.688265722749016
171.23835790372596,39286853441.44591,38751505771.09677,15.725244974632124,15.510962777780042,15.869617480641443,15.684147731989682
173.30359977936027,39378220854.70813,38733661206.448105,15.761816367614468,15.503820181059128,15.866632855244363,15.679959552828288
175.3937497658705,39473581134.49643,38715498483.87286,15.79998597472631,15.496550236105973,15.864604428482288,15.675699860630619
177.5091082706783,39331406690.34221,38697011201.70627,15.74307818579408,15.489150380543142,15.862395337156812,15.671367302025335
179.64997932430765,39340134503.8387,38678192826.273834,15.746571644630883,15.481617999154016,15.859610131483869,15.666960494367922
181.81667062408056,39396452838.41023,38659036662.20058,15.769114035535784,15.473950411998553,15.857200682852456,15.662478025040704
184.00949357834142,39393065349.404625,38639535860.57448,15.767758134266128,15.466144877680842,15.855097594373328,15.65791845066852
186.22876335121506,39372451956.03766,38619683425.33328,15.759507265793367,15.458198595905536,15.85293004145364,15.653280296421867
188.4747989079024,39301808709.63756,38599472208.279434,15.731231080297865,15.4501087054825,15.85037972417582,15.648562055342913
190.74792306052458,39348176787.22654,38578894898.593216,15.749790708143253,15.441872280129246,15.847778052794286,15.64376218761393
193.04846251451977,39319499898.973236,38557944006.59573,15.73831228588769,15.433486321971806,15.845319769991992,15.638879119716224
195.37674791559772,39284053157.76687,38536611874.31501,15.724124112486292,15.424947765773977,15.842615492104594,15.633911243582805
197.73311389726268,39368640741.87308,38514890693.02106,15.75798176117442,15.416253485956052,15.840211697492677,15.62885691590465
200.11789912890913,39314535378.10323,38492772464.89569,15.73632515024246,15.407400281252484,15.838005443428521,15.623714457353143
202.53144636449608,39180066834.92926,38470248998.24324,15.682501781925518,15.398384872794903,15.834955047527176,15.618482151617474
204.97410249181,39180175437.686584,38447311932.115486,15.682545252064108,15.389203913968666,15.83134367482447,15.61315824455971
207.44621858232193,39302190854.90748,38423952701.34149,15.73138404057488,15.379853976415447,15.828400380878248,15.607740943339179
209.94814994164432,39293742193.759056,38400162534.972755,15.728002317310516,15.37033154941087,15.826061590468814,15.602228415385305
212.48025616059775,39249152804.20737,38375932475.672554,15.710154640223964,15.360633047625448,15.82352570177093,15.59661878748
215.04290116689413,39233049034.76608,38351253358.473694,15.703708826999023,15.350754802621985,15.820762924285262,15.590910144851788
217.63645327744084,39222698603.85026,38326115814.90648,15.699565887377071,15.340693064507883,15.817940332208009,15.585100530211037
220.26128525127794,39160379409.582855,38300510254.05477,15.674621548224607,15.33044399435249,15.814838570511224,15.579187942737077
222.91777434315375,39151901558.42638,38274426845.712395,15.67122814115288,15.32000365744517,15.811476139387672,15.573170336919706
225.60630235774448,39107117103.820854,38247855541.62465,15.653302385892873,15.309368031797574,15.807939793830945,15.567045621450127
228.32725570452996,39220406852.209015,38220786059.51924,15.698648574005736,15.29853300175175,15.804816542901039,15.560811658162029
231.08102545333108,39022488046.43031,38193207874.51835,15.619428136802858,15.287494354542673,15.80135717156923,15.554466260881552
233.86800739051486,39221116408.39868,38165110229.41323,15.698932586186105,15.276247784410842,15.797994393776188,15.548007194313081
236.68860207588085,39137165595.8956,38136482104.6376,15.665329816384295,15.264788880583584,15.79524700135998,15.54143217285657
239.54321490022994,39045118653.02751,38107312210.93739,15.628486429882905,15.253113124341017,15.791729971717688,15.534738859276423
242.4322561436301,39162664112.19159,38077588994.765144,15.675536040098335,15.24121589117524,15.788423125584886,15.527924863393121
245.35614103438468,39152366136.67186,38047300618.02307,15.671414096659117,15.229092442682148,15.785699507684969,15.520987740734608
248.31528980870976,39101170358.582634,38016434979.08281,15.650922097896226,15.216737934974944,15.78274768061834,15.513924991224453
251.31012777113347,39100415621.78998,37984979714.9396,15.65062000139533,15.204147419546391,15.779620896560214,15.506734058010412
254.3410853556237,39042224697.777275,37952922145.756905,15.627328074064886,15.191315821071843,15.776287066863583,15.49941232606637
257.408598187451,38952523960.74449,37920249270.65593,15.591423797171142,15.178237935723907,15.772330093988206,15.491957120546003
260.5131071457995,38913985932.935455,37886947784.10232,15.57599828265292,15.16490843773152,15.76786027568731,15.484365705233682
263.6550584271334,38963469366.65793,37853004061.03137,15.595804885862607,15.151321873426053,15.763550754999786,15.476635281038456
266.8349036093247,38944512251.43288,37818404153.71263,15.588216971463442,15.137472659986303,15.759486130692183,15.468762984438568
270.05309971655794,38996652739.153496,37783133769.660736,15.60908710665321,15.123355076596937,15.755677165101323,15.46074588584273
273.31010928501604,38858969148.98862,37747178267.654724,15.553976859975997,15.108963262855143,15.751547440876472,15.452580987867107
276.6064004293574,38846468341.7377,37710522661.92079,15.548973194902786,15.094291220444857,15.746807012009036,15.444265223654323
279.9424469099964,38920532825.02927,37673151594.4589,15.578618789845004,15.079332802059998,15.742473258412874,15.435795455119997
283.3187282011958,38825114293.93238,37635049326.6177,15.540425866635859,15.064081708032196,15.738136111483698,15.42716847107022
286.7357295599775,38928843824.75865,37596199732.41786,15.58194541173707,15.048531483658335,15.733946786226383,15.418380985292066
290.1939420958668,38788557675.622406,37556586286.0309,15.525793445660092,15.03267551418873,15.72967644417186,15.409429634598123
293.69386284147885,38610231487.895676,37516192062.4407,15.454415293893,15.01650702509192,15.723995484632946,15.400310976861565
297.2359948239523,38687034052.253586,37474999718.01422,15.485156853305696,15.000019074277757,15.717974991529774,15.391021489008153
300.8208471372484,38571637549.80928,37432991465.723656,15.438967400315855,14.983204542179639,15.71190867797584,15.381557564846071
304.44893501532135,38586798178.04437,37390149078.37569,15.44503570490333,14.966056133047077,15.705514525967706,15.371915512845797
308.1207799061689,38461563100.046555,37346453877.37519,15.394908191284351,14.94856637044818,15.698745951849123,15.3620915539342
311.836909546778,38633699674.58823,37301886699.11867,15.463808842943722,14.93072758381803,15.69236857373263,15.35208181912764
315.5978580389755,38587372062.039536,37256427899.39876,15.445265411933045,14.912531910221677,15.6867326043852,15.341882347083766
319.4041659261899,38360108691.319885,37210057355.43497,15.354299303291803,14.893971295166965,15.679927780274685,15.331489081741735
323.2563802711419,38365342968.796074,37162754433.03195,15.356394413700707,14.875037479459069,15.672238026049438,15.320897869871283
327.15505473447257,38495850283.62146,37114497946.741264,15.408632231617823,14.855721983254542,15.665377638472027,15.310104458335072
331.100749654316,38312761959.27678,37065266175.79355,15.335347952015077,14.836016112438452,15.658421558726106,15.299104491304053
335.0940321268354,38584773186.283806,37015036849.5271,15.444225166804268,14.815910952791908,15.652064845737954,15.287893507544483
339.13547608772984,38527743865.76482,36963787100.88786,15.421398191433626,14.795397351379632,15.646868724930046,15.27646693747865
343.2256623947215,38150922085.25369,36911493475.070305,15.270568733453587,14.774465920008616,15.639729504682585,15.26482010013738
347.36517891104063,37900984251.35683,36858131935.49719,15.170526777374947,14.753107037621627,15.629791235160079,15.252948200253897
351.5546205899174,38392718860.51982,36803677801.745834,15.36735208951449,14.731310825451116,15.62125598593405,15.240846325158724
355.79458956008955,37940293892.280235,36748105732.15177,15.186261143434747,14.70906714005604,15.613082505263462,15.228509441372525
360.08569521234466,38188770992.52392,36691389734.02957,15.285718415515387,14.686365577412912,15.604155565736114,15.215932391246502
364.428554287106,38198434772.64731,36633503107.887825,15.289586511239769,14.663195450586885,15.596657315404153,15.203109889464423
368.82379096307136,37987966487.38652,36574418443.56572,15.205342927058373,14.639545788185343,15.588378335970706,15.190036519346181
373.2720369469261,38218994763.81385,36514107618.07236,15.297816004554932,14.615405333493065,15.580405534081853,15.176706729210428
377.7739315641329,38064406223.35547,36452541740.58891,15.235939258110934,14.59076252245837,15.572973103258011,15.163114828550865
382.3301218508199,38205850249.777336,36389691126.372574,15.292554684668248,14.56560547324772,15.565662848667715,15.149254983919407
386.94126264677766,38095712978.78671,36325525296.11641,15.24847033034992,14.539921985989501,15.558667078542554,15.135121214780854
391.60801668957356,38101774298.37943,36260012937.66712,15.250896478720572,14.513699527450887,15.551346874539655,15.12070738928017
396.33105470980524,37786220215.54532,36193121883.25791,15.124590480132328,14.486925221924892,15.542723490792918,15.10600721982101
401.11105552750286,37788706851.41064,36124819088.56767,15.125585799296871,14.459585842848456,15.532829032491117,15.091014258541739
405.94870614969005,37717160988.44637,36055070581.09432,15.096948325855244,14.43166779213798,15.522839441446992,15.075721892553812
410.84470186912574,37751840943.85901,35983841435.64803,15.110829579933934,14.403157090380049,15.512914740166657,15.06012333893263
415.7997463642362,37541037261.11206,35911095768.62987,15.026451747087355,14.374039374541374,15.502383100747513,15.044211639684324
420.81455180024926,37704732826.09631,35836796663.361755,15.091973738164466,14.344299868080812,15.49188825422288,15.02797965644868
425.88983893155137,37712880674.794846,35760906139.894135,15.095235056024693,14.313923368864348,15.482452428349324,15.011420064831523
431.02633720527984,37487205654.346924,35683385184.603134,15.004904712148008,14.282894261011887,15.472202097951152,14.994525348870383
436.22478486616023,37467120176.765976,35604193652.94597,14.996865151131404,14.251196475973405,15.46103517983045,14.9772877953068
441.48592906261183,37403604376.04976,35523290218.58472,14.971441849478829,14.218813472164868,15.449735194077489,14.959699487293413
446.81052595413337,37389214767.28878,35440632350.21533,14.965682158818115,14.185728225693635,15.43833493100147,14.941752297899779
452.1993408199794,37152690174.38525,35356176269.31799,14.8710090852548,14.1519232134473,15.426008731182677,14.923437883461355
457.65314816915196,37100897458.211006,35269876948.8254,14.85027815166259,14.117380412560665,15.412612747711849,14.904747676880536
463.17273185171797,37200074090.939285,35181687998.18251,14.889975320277422,14.082081254408891,15.399763101867633,14.885672880531898
468.7588851714661,36902941058.64116,35091561644.447174,14.771042666892306,14.046006617042709,15.386268008193719,14.866204458703628
474.41241099992544,37118488137.05394,34999448699.02342,14.857319126183175,14.009136811872837,15.372720366732281,14.846333129970324
480.1341218917604,36811786599.80902,34905298446.195175,14.73455651261676,13.971451539053664,15.35904663891126,14.826049359057947
485.9248402015522,40663936462.879265,34809058599.74931,16.27644635538717,13.932929870120882,15.362625898982447,14.805343348169298
491.7853982019932,36892323160.96628,34710675300.658844,14.76679266905774,13.893550247064125,15.366285547383518,14.784205028299539
497.7166382035078,36328100434.85672,34610093059.30367,14.540952729965865,13.853290459199846,15.349391175847417,14.762624050470851
503.71941267531,36816560968.86888,34507254595.6536,14.7364675366996,13.812127579201773,15.332567752707524,14.740589776140242
509.79458436792675,36354208319.25517,34402100802.05289,14.551402863839451,13.770037948204786,15.316239674233081,14.718091266903768
515.9430264371982,36070667401.35593,34294570754.258266,14.437910690154858,13.726997180223085,15.29676684622391,14.69511727432196
522.1656225697697,36134386398.17797,34184601587.673214,14.463415324575578,13.6829801126108,15.276722942863131,14.671656229447976
528.4632671101007,36448269739.09034,34072128357.165222,14.589052579711307,13.637960749951418,15.25895143643553,14.647696231351885
534.8368651890073,36212631462.23527,33957083967.867786,14.494734269529788,13.591912236360086,15.24195635151133,14.62322503492601
541.2873328537482,35813305908.67726,33839399139.583874,14.334897285799611,13.544806841235474,15.22234856142383,14.598230038483303
547.8155971996863,36056562109.958755,33719002320.50819,14.432264802453782,13.496615924725619,15.202483571366837,14.57269827107022
554.4225965035367,36169628156.41744,33595819512.403595,14.477521449986675,13.447309867751754,15.184775029144962,14.546616378839607
561.1092803582181,35783128206.00791,33469774235.4743,14.322818136525047,13.396858057948185,15.166175341868728,14.519970610754964
567.8766098093348,35695334133.60675,33340787377.2043,14.287677035243254,13.34522882915726,15.145775927151206,14.492746803746789
574.7255574933044,35429279394.15642,33208776941.22267,14.181184007982774,13.292389360908345,15.124176961641325,14.464930366310252
581.6571077771479,35451213215.56517,33073658143.93125,14.18996340069735,13.23830571709472,15.10194039389969,14.436506261768784
588.6722568999686,34840396332.75029,32935343468.436497,13.945473341669816,13.182942867560753,15.077420462742877,14.40745899264681
595.7720131161401,35317013322.73829,32793742049.408436,14.136247564344679,13.126264441881014,15.052876046980737,14.377772582732726
602.9573968402125,35667944320.47438,32648759584.86692,14.276713787144043,13.06823269405119,15.03283339968938,14.347430556246891
610.229440793577,34466012928.535995,32500298476.78076,13.795619886124413,13.008808558765331,15.009186424235338,14.31641591775796
617.5891901528903,35115785581.016815,32348257401.598457,14.055702668098956,12.947951479513321,14.983534241649547,14.28471113118923
625.0377027002941,34662085922.20511,32192531250.346992,13.874101504993476,12.885619384604379,14.959388127865896,14.25229809701248
632.5760489754474,34681925045.95291,32033010963.381516,13.882042458612508,12.821768621022754,14.933770376819028,14.219158128911538
640.2053124293863,34507790007.01836,31869583214.39486,13.812341886893416,12.756353827947045,14.908022445164836,14.185271928712694
647.9265895802449,33922859983.056934,31702130254.8602,13.57821349242884,12.689327874485684,14.879273726680779,14.150619559677716
655.7409901708554,34188213599.086357,31530529552.49792,13.68442588287101,12.620641714967014,14.84971500357895,14.115180417971953
663.6496373282415,33310733474.374016,31354653650.809296,13.333199232917023,12.550244332715213,14.81792168532022,14.078933202434472
671.6536677250424,33372779327.6196,31174370090.911827,13.358034162581243,12.47808270876353,14.78304190838106,14.041855884029502
679.7542317428836,33751405963.102757,30989540701.674843,13.509586045089915,12.404101537718741,14.751086953129288,14.003925672267213
687.9524936377117,33655510532.45072,30800021326.32038,13.471202234556484,12.328243118328396,14.7212161584278,13.96511897777031
696.249631707129,33301501963.761127,30605661842.237316,13.32950416056693,12.250447361411785,14.68991248927432,13.925411374533413
704.6468384597479,32289548539.682053,30406305597.78663,12.9244522385473,12.170651564431452,14.652855017292985,13.884777560483558
713.145320786579,34144296547.67764,30201788974.420105,13.666847320795661,12.088790236223621,14.620753110710355,13.843191314232074
721.746300134495,32567016421.743805,29991940901.53308,13.035513574230913,12.004794902809577,14.59062983330975,13.800625448473111
730.451012681785,33531762848.5754,29776582322.01539,13.421670076251084,11.918593893473162,14.558388134573478,13.757051759650427
739.2607095158205,32289450874.85265,29555525790.745373,12.924413146504206,11.830112180051026,14.525531487504804,13.712440974382597
748.176656812871,32678529444.203396,29328574949.357056,13.080148596953013,11.739271166699085,14.489454012205279,13.666762692759834
757.2001360200866,32083093074.634956,29095523853.56152,12.841814855305195,11.645988420641212,14.453224844807995,13.619985327300054
766.3324440396711,35565210793.99492,28856156127.622986,14.235592910069853,11.550177333733624,14.431657173328007,13.5720760361477
775.5748934152812,47890866574.82231,28610244716.23697,19.169150567350332,11.451747023149801,14.485804779154828,13.523000652686656
784.9288125206746,32038028532.20841,28357550690.161175,12.82377699003346,11.350601853313524,14.52114443343053,13.472723609954203
794.3955457506266,31064466211.03911,28097822303.51822,12.43409177329101,11.24664105856793,14.4762869204212,13.421207856720006
803.9764537141556,31110324793.278885,27830794012.211777,12.45244746677979,11.139758350279529,14.428122405128759,13.368414766428145
813.6729134300795,29735583536.971886,27556185379.369373,11.90218341816156,11.029841478722693,14.374757687358885,13.314304038449237
823.4863185249237,30849034643.016975,27273700386.96392,12.347861549038862,10.916771957544228,14.321489079612025,13.258833593229756
833.4180794332223,29094307363.342785,26983025439.961555,11.645501499317076,10.800424264888896,14.266360355579353,13.201959457160951
843.4696236002361,30416094344.39784,26683827765.576027,12.174569680161573,10.680665202673211,14.210572371542584,13.143635633133291
853.6423956871075,28788956393.382877,26375754018.837296,11.52327947374769,10.557353338440057,14.154574462584426,13.083813959961898
863.9378577784973,28795083285.610306,26058429508.823997,11.525731868703502,10.430338695644817,14.092263599598613,13.022443964879441
874.3574895927261,28988554577.0745,25731454453.538292,11.603172111108442,10.299461254604012,14.032380716879594,12.959472698012922
884.9027886944416,28900592731.807846,25394401251.04698,11.567963855825274,10.16454986022218,13.974408843766946,12.894844540114304
895.5752707098593,28881316925.7245,25046813420.807297,11.560248379878697,10.025421798239146,13.91730391023935,12.828500996935091
906.3764695445994,27844806029.396477,24688201595.049698,11.145366903358143,9.881881190711407,13.85651694436247,12.760380474362055
917.307937604142,27990525064.34897,24318040060.503952,11.203693476279291,9.733717611777982,13.792980019319737,12.690418023491596
928.3712460169497,26724420895.81181,23935763075.992477,10.696913307607248,9.58070461371322,13.725595937457072,12.618545057879645
939.5679848602816,29403504518.12838,23540759311.017345,11.769263027119486,9.422597500874728,13.666620110695106,12.544689033607165
950.8997633887208,25960878332.470314,23132367156.464138,10.39129214415625,9.259131452731202,13.605247182517918,12.468773088346394
962.368210265473,25854201296.946056,22709868762.130276,10.348592809141124,9.09001913727965,13.528593991374224,12.39071563843628
973.9749737964391,26294253664.60495,22272482049.40297,10.52473140709264,8.914947513981106,13.455353097880145,12.310429919303255
985.7217221671224,25713000730.667778,21819349776.66624,10.29207483173191,8.733573457000007,13.383148879202581,12.2278234469676
997.6101436823909,24514444057.15018,21349529624.203842,9.81233172033371,8.545519786514497,13.304198751170949,12.142797393477403
1009.6419470091245,22901135343.641457,20861992072.221188,9.166576906259712,8.350374419357866,13.213774774941875,12.05524592028707
1021.8188614217956,24461473359.388897,20355596680.849663,9.791129279165574,8.147680874678588,13.125332142436942,11.965055404284966
1034.1426370510137,22262182220.019398,19829066525.293865,8.910824828500708,7.93692804116428,13.03584840768921,11.8721034484201
1046.6150451350566,20492001154.607815,19280975631.064186,8.202279132812945,7.717545147775461,12.929675546836096,11.776257735345833
1059.2378782744452,21101038574.423225,18709722421.119415,8.446056930889581,7.488891135503516,12.8205801403456,11.677374722347993
1072.0129506895892,19341363852.689487,18113498671.83899,7.741716581612879,7.25024223145977,12.70854630137981,11.575298093967758
1084.9420984815295,19554026663.926228,17490239731.502007,7.826838562905576,7.000772022957677,12.591887605631303,11.469856867515798
1098.027179895836,20614483416.56196,16837561480.828882,8.25130478403102,6.73952622487547,12.484053387058815,11.360863008149856
1111.270075589688,20297984369.213043,16152710987.209173,8.124620546994393,6.465402928154375,12.382262313091296,11.248108567967181
1124.6726889021647,19305194373.124107,15432451639.137068,7.727239119639034,6.177106622862743,12.276655603864098,11.131362112402712
1138.2369461278074,17305789381.270428,14672927238.7769,6.926942568853614,5.873093798886513,12.15933472961202,11.010364041647739
1151.9647967934795,16058803744.488281,13869505510.607126,6.427814924348491,5.551510307547814,12.029421939251991,10.88482063591131
1165.8582139385567,13846867335.545135,13016517297.135323,5.542448985058371,5.2100869701632195,11.886159024557095,10.754396260177636
1179.919194398505,14862952892.3616,12106876065.29995,5.94915486492576,4.845987278877001,11.740711853157483,10.618702709514993
1194.1497590918812,12929616505.863918,11131496054.740116,5.175303420157899,4.455574500407152,11.594277590823902,10.477284238105884
1208.5519533107824,10447545363.367298,10078429163.714325,4.181811365152847,4.034066199653673,11.430361256998744,10.329596083630925
1223.1278470148095,16383777059.68943,8931383083.410667,6.557891134177128,3.5749410972361377,11.28694564401751,10.174972364082247
1237.879535128577,8991108664.371525,7667003366.532398,3.598847297646448,3.068851170271118,11.13964324529849,10.0125747865848
1252.8091378427982,15755002642.970592,6249487274.25968,6.306213260523491,2.501465751133531,10.993251705015812,9.841304069843373
1267.918800919016,10633832661.74643,4615928761.80445,4.256376089636071,1.8476056035643114,10.857779668089773,9.659618176017736
1283.210695998004,7310273192.157194,2642997194.404774,2.926063726368182,1.05790550040423,10.685527400736424,9.4651268376659
1298.6870209118815,0.0,0.0,0.0,0.0,10.466822205617,9.253337761116196
1314.35,0.0,0.0,0.0,0.0,10.21884445342349,9.034109627379719
