R_kpc,Sigma_bar,Sigma_eff,kappa_bar,kappa_eff,kappa_bar_mean,kappa_eff_mean
10.72,13006627378.013193,13482336071.591576,5.4336636929991,5.632396306890261,0.0,0.0
10.794401006338012,13007183643.569284,13484384822.050709,5.4338960791410225,5.633252195251037,0.07464711838487499,0.07738152573438481
10.86931838485364,13007748355.178156,13486435987.206766,5.43413199371572,5.634109092378394,0.1482719810133606,0.15371177956800858
10.944755719372424,13008321652.701433,13488489378.890066,5.434371495151948,5.634966919662346,0.22088868010452095,0.2290052167734965
11.02071661859304,13008903678.700346,13490544807.751196,5.434614643006251,5.635825598000063,0.29251111509453515,0.30327609295934815
11.09720471625996,13009494578.500864,13492602083.295301,5.434861497990172,5.636685047810196,0.36315299530077233,0.37653846680619296
11.174223671337256,13010094500.260963,13494661013.848005,5.435112121998361,5.637545189018635,0.4328278425496152,0.44880620276542044
11.251777168183665,13010703595.039913,13496721406.520647,5.435366578137511,5.638405941043989,0.5015489937686117,0.5200929737205784
11.329868916728808,13011322016.8698,13498783067.174818,5.435624930756246,5.639267222782773,0.5693296035433738,0.5904122636119592
11.408502652650672,13011949922.829304,13500845800.386158,5.435887245475936,5.640128952594281,0.6361826466398013,0.6597773700249608
11.48768213755431,13012587473.119896,13502909409.40741,5.436153589222533,5.640991048285149,0.7021209204920756,0.7282014067426676
11.567411159151815,13013234831.144413,13504973696.1307,5.436424030259395,5.641853427093605,0.7671570476569414,0.7956973062631733
11.64769353144346,13013892163.588326,13507038461.049,5.4366986382212374,5.642716005673361,0.8313034782346723,0.8622778222820447
11.72853309490019,13014559640.503527,13509103503.216784,5.436977484149135,5.643578700077183,0.8945724922573188,0.9279555321405262
11.809933716647315,13015237435.39505,13511168620.209824,5.437260640526752,5.644441425740089,0.9569762020445932,0.9927428392398394
11.891899290649532,13015925725.31057,13513233608.08407,5.437548181317729,5.645304097462179,1.0185265545279292,1.056651975422116
11.974433737897163,13016624690.933006,13515298261.333675,5.437840182004372,5.646166629391093,1.0792353335430942,1.1196950033183406
12.057541006593748,13017334516.67623,13517362372.848019,5.438136719627632,5.647028935004056,1.1391141620918852,1.181883818663834
12.1412250723449,13018055390.784054,13519425733.867794,5.438437872828463,5.647890927089541,1.1981745045732928,1.243230152581657
12.225489938348515,13018787505.43269,13521488133.940075,5.438743721890622,5.64875251772849,1.2564276689846154,1.3037455738344126
12.310339635586235,13019531056.836727,13523549360.872322,5.439054348784941,5.649613618275102,1.3138848090928934,1.3634414910448147
12.395778223016297,13020286245.35888,13525609200.685324,5.439369837215179,5.650474139337174,1.3705569265771644,1.4223291548855166
12.481809787767716,13021053275.623594,13527667437.56503,5.439690272665484,5.651333990755979,1.4264548731419362,1.4804196602385866
12.568438445335772,13021832356.634787,13529723853.8132,5.44001574244957,5.652193081585648,1.4815893526022514,1.5377239483250043
12.6556683397789,13022623701.897743,13531778229.796883,5.440346335761656,5.653051320072066,1.5359709229408316,1.5942528088046461
12.743503643916922,13023427529.54556,13533830343.896618,5.440682143729274,5.653908613631231,1.589609998337657,1.6500168818471177
12.831948559530685,13024244062.470154,13535879972.453396,5.441023259468008,5.654764868827095,1.6425168511724222,1.705026660173851
12.921007317563024,13025073528.458185,13537926889.714241,5.44136977813828,5.655619991348836,1.6947016140002094,1.7592924910718029
13.010684178321187,13025916160.332048,13539970867.776459,5.44172179700424,5.656473885987559,1.746174281500861,1.812824578379217
13.100983431680614,13026772196.09619,13542011676.530396,5.442079415494901,5.65732645661239,1.7969447124023643,1.8656329844437534
13.19190939729019,13027641879.089003,13544049083.60077,5.442442735267593,5.658177606145964,1.8470226313786993,1.9177276320534102
13.283466424778833,13028525458.140589,13546082854.286419,5.442811860273866,5.659027236539249,1.8964176309224583,1.9691183063405397
13.375658893963603,13029423187.73663,13548112751.498468,5.443186896827952,5.659875248745724,1.9451391731927155,2.0198146566594
13.468491215059199,13030335328.188671,13550138535.696825,5.443567953677905,5.660721542694843,1.993196591838424,2.0698261984375215
13.561967828888964,13031262145.811186,13552159964.82496,5.443955142079566,5.661566017264791,2.0405990937978076,2.119162315001302
13.656093207097273,13032203913.10568,13554176794.242899,5.444348575873479,5.662408570254489,2.087355761074016,2.1678322593761012
13.750871852363478,13033160908.952238,13556188776.658333,5.444748371564911,5.663249098354815,2.133475552487508,2.215845156061254
13.846308298617284,13034133418.808859,13558195662.055801,5.445154648407126,5.664087497119023,2.1789673054054632,2.263210002780281
13.942407111255669,13035121734.919024,13560197197.623892,5.445567528488098,5.664923660932323,2.2238397374486154,2.3099356722066537
14.039172887361236,13036126156.527853,13562193127.680304,5.445987136820816,5.665757482980584,2.268101448175833,2.3560309136654083
14.136610255922143,13037146990.107325,13564183193.594744,5.446413601437365,5.666588855218112,2.3117609207468384,2.40150435481096
14.234723878053567,13038184549.591103,13566167133.709574,5.446847053487038,5.667417668334513,2.3548265235634256,2.4463645032814374
14.333518447220628,13039239156.619295,13568144683.25808,5.447287627338578,5.668243811720537,2.3973065118894574,2.490619748329785
14.432998689462947,13040311140.793915,13570115574.280285,5.447735460686902,5.669067173432915,2.4392090294500903,2.5342783624320186
14.533169363620706,13041400839.945415,13572079535.536203,5.448190694664452,5.669887640158115,2.480542110010506,2.5773485028728826
14.634035261562323,13042508600.411026,13574036292.416405,5.448653473957468,5.670705097174985,2.521313678934528,2.6198382133092273
14.735601208413646,13043634777.325464,13575985566.849825,5.449123946927442,5.671519428316237,2.561531554723441,2.6617554253113656
14.837872062788794,13044779734.92477,13577927077.208626,5.449602265738042,5.672330515928698,2.601203450535403,2.7031079598827454
14.940852717022569,13045943846.86394,13579860538.21006,5.450088586487812,5.673138240832317,2.640336975685746,2.743903528958173
15.044548097404519,13047127496.5492,13581785660.815125,5.45058306934898,5.673942482277828,2.6789396371285523,2.7841497368808947
15.148963164414548,13048331077.485699,13583702152.123959,5.451085878712712,5.674743117903045,2.7170188409198,2.8238540818587743
15.25410291296024,13049554993.641552,13585609715.2677,5.451597183341195,5.675540023687689,2.754581893662474,2.86302395739988
15.359972372615822,13050799659.82919,13587508049.296825,5.45211715652695,5.67633307390674,2.7916360039339714,2.9016666537277165
15.466576607862713,13052065502.104956,13589396849.065601,5.452645976259768,5.677122141082163,2.828188283696102,2.9397893591763347
15.573920718331829,13053352958.18821,13591275805.112648,5.453183825401792,5.677907095933013,2.8642457496881026,2.97739916156564
15.682009839047527,13054662477.900875,13593144603.537325,5.453730891871153,5.678687807323797,2.899815324802967,3.0145030495570846
15.790849140673242,13055994523.628923,13595002925.871761,5.454287368834747,5.679464142211009,2.9349038394474514,3.051107913990022
15.900443829758858,13057349570.806925,13596850448.94837,5.45485345491067,5.680235965587784,2.969518032886121,3.0872205491989617
16.010799148989744,13058728108.427267,13598686844.76254,5.4554293543809464,5.681003140426536,3.003664554569767,3.122847654311936
16.121920377437554,13060130639.575466,13600511780.33035,5.4560152774151645,5.6817655276195165,3.0373499654485894,3.1579958345302446
16.2338128308128,13061557681.993347,13602324917.541004,5.456611440305747,5.682522985917169,3.070580739270491,3.192671602389788
16.346481861719088,13063009768.671743,13604125913.003769,5.457218065715562,5.683275371864185,3.1033632638648383,3.226881379004196
16.459932859909195,13064487448.474783,13605914417.889084,5.45783538293872,5.684022539733122,3.1357038424120867,3.2606314952899873
16.574171252542893,13065991286.797684,13607690077.763557,5.458463628175383,5.684764341455477,3.167608694699655,3.2939281931739823
16.689202504446598,13067521866.26045,13609452532.418602,5.459103044821557,5.685500626550094,3.199083958364417,3.326777626783156
16.805032118374744,13069079787.439697,13611201415.692238,5.459753883774823,5.686231242048722,3.2301356901222,3.359185863617131
16.921665635273033,13070665669.641378,13612936355.283833,5.4604164037571525,5.686956032418617,3.2607698669847345,3.39115888570353
17.039108634543517,13072280151.717068,13614656972.56132,5.4610908716559186,5.687674839482009,3.290992387464435,3.422702590736377
17.157366734311495,13073923892.926943,13616362882.360514,5.461777562884413,5.688387502332263,3.320809072767454,3.453822793197728
17.276445591694245,13075597573.852703,13618053692.77608,5.462476761763235,5.6890938572465535,3.3502256679754314,3.484525225462701
17.396350903071657,13077301897.363977,13619729004.943686,5.463188761924014,5.689793737594856,3.379247843216415,3.5148155388881235
17.51708840435876,13079037589.642096,13621388412.812868,5.463913866737101,5.690486973745059,3.407881194825406,3.544699304884939
17.638663871280045,13080805401.265411,13623031502.910027,5.464652389764979,5.691173392963952,3.4361312464950005,3.5741820159745363
17.761083119645825,13082606108.360714,13624657854.091026,5.465404655243269,5.691852819313876,3.4640034504166644,3.6032690868292048
17.884352005630408,13084440513.825668,13626267037.282763,5.466170998591431,5.692525073544754,3.4915031884131196,3.6319658552968153
18.008476426052237,13086309448.627703,13627858615.213064,5.466951766955378,5.693189972981258,3.518635773062429,3.660277583409925
18.13346231865603,13088213773.18513,13629432142.128208,5.467747319784459,5.693847331404798,3.545406448814326,3.688209458379441
18.25931566239674,13090154378.83701,13630987163.497274,5.46855802944551,5.694496958930009,3.5718203930993724,3.715766593572944
18.386042477725624,13092132189.408604,13632523215.702572,5.469384281876841,5.695138661875431,3.5978827174316144,3.7429540294778674
18.513648826878256,13094148162.880198,13634039825.715242,5.4702264772854035,5.69577224262798,3.6235984685053646,3.7697767346496147
18.642140814164478,13096203293.167492,13635536510.755066,5.4710850308905705,5.696397499500834,3.648972629286806,3.7962396066447286
18.77152458626044,13098298612.022825,13637012777.933504,5.4719603737183915,5.697014226584305,3.6740101201011752,3.822347472939268
18.901806332502645,13100435191.067205,13638468123.878855,5.472852953450498,5.697622213589251,3.698715799716299,3.8481050918324455
19.032992285184022,13102614143.964188,13639902034.342323,5.473763235332264,5.6982212456825,3.7230944664233085,3.873517153335663
19.165088719852054,13104836628.747654,13641313983.783773,5.474691703145263,5.698811103313797,3.7471508591154357,3.8985882800469973
19.29810195560898,13107103850.316902,13642703434.935696,5.47563886024962,5.699391562033646,3.7708896583658187,3.923323028011243
19.43203835541409,13109417063.113688,13644069838.343964,5.476605230702372,5.699962392301456,3.7943154875053557,3.9477258875655683
19.566904326388123,13111777573.997414,13645412631.883709,5.477591360458616,5.700523359283292,3.8174329137016834,3.9718012841708537
19.702706320119734,13114186745.336409,13646731240.248512,5.4785978186629185,5.7010742226384785,3.8402464490404467,3.995553579228737
19.839450832974126,13116645998.335123,13648025074.411049,5.479625199039296,5.70161473629428,3.8627605516101444,4.018987070884437
19.977144406403863,13119156816.619167,13649293531.053026,5.480674121388897,5.7021446482077485,3.8849796265919125,4.042105994815364
20.11579362726172,13121720750.10262,13650535991.96215,5.481745233205619,5.702663700113802,3.9069080273557075,4.0649145250055145
20.25540512811583,13124339419.16467,13651751823.393606,5.4828392114209485,5.703171627258472,3.9285500565645295,4.087416774505681
20.39598558756694,13127014519.165752,13652940375.393326,5.4839567642906175,5.703668158116198,3.9499099672884217,4.109616796179435
20.537541730567916,13129747825.33682,13654100981.080032,5.485098633437164,5.704153014089885,3.9709919641301603,4.131518583434869
20.68008032874545,13132541198.079317,13655232955.882809,5.486265596064046,5.704625909192394,3.9918002043647136,4.153126070942026
20.823608200723953,13135396588.717812,13656335596.73055,5.487458467358871,5.70508654970793,4.012338799094776,4.17444313533596
20.968132212451774,13138316045.752428,13657408181.189327,5.4886781031054195,5.705534633831658,4.032611814424878,4.195473595905346
21.113659277529653,13141301721.663874,13658449966.543365,5.489925402526522,5.7059698512857775,4.052623272656847,4.2162212152665175
21.260196357541417,13144355880.330519,13659460188.814747,5.491201311382622,5.7063918829099896,4.072377153509649,4.2366897000227715
21.407750462387014,13147480905.124495,13660438061.716537,5.4925068253540195,5.7068004002241555,4.091877395367007,4.25688270140883
21.556328650617846,13150679307.762424,13661382775.533484,5.493842993738353,5.707195064960695,4.1111278965565115,4.2768038159202035
21.705938029774458,13153953737.996237,13662293495.923714,5.495210923499053,5.707575528563984,4.130132516664379,4.296456585927287
21.856585756726485,13157306994.241205,13663169362.634233,5.496611783705321,5.707941431653735,4.14889507789045,4.31584450027386
22.008279038015058,13160742035.251156,13664009488.122116,5.4980468104095745,5.70829240344899,4.167419366448591,4.334970994859749
22.161025130197515,13164261992.966421,13664812956.07241,5.49951731201483,5.708628061148954,4.185709134018245,4.353839453207257
22.31483134019459,13167870186.677643,13665578819.802792,5.5010246751917835,5.708948009266527,4.203768099253561,4.372453207011004
22.46970502563988,13171570138.66917,13666306100.543571,5.502570371414018,5.709251838909749,4.221599949357326,4.390815536670663
22.62565359523183,13175365591.529896,13666993785.580631,5.504155964189796,5.709539127006002,4.239208341727877,4.408929671806141
22.782684509088224,13179260527.347414,13667640826.247013,5.505783117080636,5.7098094354629625,4.25659690568814,4.42679879175459
22.940805279102925,13183259189.034554,13668246135.747206,5.507453602610707,5.710062310259682,4.273769244307224,4.444426026048546
23.100023469305313,13187366104.075987,13668808586.796135,5.509169312187241,5.710297280460244,4.29072893632634,4.461814454874534
23.260346696222104,13191586111.028662,13669327009.052422,5.510932267171383,5.710513857141482,4.3074795382024975,4.478967109511183
23.42178262924168,13195924389.16407,13669800186.322723,5.512744631261582,5.710711532225059,4.324024586285225,4.495886972745959
23.58433899098102,13200386491.705006,13670226853.51079,5.514608724378611,5.7108897772029,4.340367599143898,4.512576979269388
23.748023557655067,13204978383.186533,13670605693.281132,5.516527038273537,5.71104804174341,4.35651208006567,4.529040016045523
23.912844159448742,13209706481.563223,13670935332.402779,5.5185022541184825,5.711185752164031,4.372461519747219,4.545278922657268
24.078808680891562,13214577705.795687,13671214337.733631,5.520537262386432,5.711302309753662,4.388219399206906,4.561296491624928
24.245925061234733,13219599529.78346,13671441211.79968,5.522635185382298,5.711397088925829,4.4037891929483335,4.577095468696175
24.414201294830978,13224780043.673677,13671614387.9165,5.524799402855302,5.711469435180636,4.419174372411182,4.592678553105345
24.583645431517002,13230128023.772911,13671732224.791788,5.527033581205426,5.711518662849911,4.434378409751288,4.6080483977996725
24.754265576998506,13235653012.53147,13671793000.5378,5.529341706897744,5.71154405259584,4.449404781998996,4.623207609629748
24.926069893237973,13241365410.367245,13671794906.010498,5.5317281248228625,5.711544848628317,4.464256975653535,4.638158749501056
25.099066598845113,13247276581.463947,13671736037.377777,5.534197582495307,5.711520255600242,4.478938491781481,4.652904332482982
25.27326396946999,13253398976.135735,13671614387.801737,5.5367552811727165,5.711469435132692,4.493452851700064,4.667446827871125
25.44867033819898,13259746272.921701,13671427838.09885,5.5394069352174,5.7113915019131065,4.507803603341478,4.681788659198075
25.6252940959533,13266333544.291843,13671174146.216026,5.542158841321851,5.711285519298794,4.521994328413214,4.695932204187016
25.803143691890455,13273177450.75552,13670850935.328983,5.545017959599724,5.711150494344895,4.536028650492814,4.709879794641625
25.982227633808453,13280296469.321264,13670455680.33038,5.547992009027468,5.710985372159644,4.54991024422434,4.723633716264534
26.16255448855273,13287711163.742805,13669985692.426401,5.551089580342621,5.7107890294694315,4.5636428458199445,4.737196208395283
26.344132882425992,13295444505.907347,13669438101.500206,5.5543202703073415,5.710560267250925,4.577230265115407,4.750569463657061
26.52697150160088,13303522260.225384,13668809835.824009,5.55769484229155,5.710297802255574,4.590676399485916,4.763755627499433
26.711079092535464,13311973446.172495,13668097598.604832,5.56122541950492,5.71000025721133,4.603985250001736,4.776756797621806
26.896464462391698,13320830898.498562,13667297840.724915,5.564925719030528,5.709666149434656,4.617160940297734,4.789575023259258
27.08313647945667,13330131950.467623,13666406728.877918,5.5688113372559265,5.7092938775190625,4.630207738752964,4.802212304308462
27.27110407356685,13339919273.407047,13665420108.093613,5.57290010060418,5.7088817056793815,4.643130084736813,4.814670590266602
27.460376236535325,13350241916.68131,13664333457.36979,5.5772124999945065,5.708427745216503,4.655932619889893,4.826951778949952
27.650962022581837,13361156607.222282,13663141836.765411,5.581772233735557,5.707929932414948,4.668620225691021,4.839057714950823
27.842870548765987,13372729388.832096,13661839823.818727,5.586606892362478,5.707386001980824,4.6811980689445525,4.850990187781361
28.03611099542337,13385037711.503368,13660421436.48548,5.591748831473739,5.706793454848405,4.693671657346622,4.862750929639104
28.230692606604688,13398173124.437569,13658880038.868607,5.597236296769606,5.7061495187976625,4.706046908017048,4.874341612711443
28.426624690517976,13412244790.3468,13657208224.715115,5.60311489219091,5.705451099783781,4.71833023290995,4.88576384591207
28.623916619973897,13427384134.409876,13655397671.807022,5.6094395220723205,5.704694721107355,4.730528646486895,4.897019170909829
28.82257783283409,13443751087.803703,13653438957.687305,5.616276999447231,5.703876446431841,4.7426499031828895,4.908109057265135
29.02261783246268,13461542615.115614,13651321323.178326,5.623709608469394,5.702991780990749,4.7547026753921005,4.919034896425329
29.224046188180846,13481004583.218548,13649032364.105413,5.631840062767945,5.702035542801727,4.766696787569141,4.9297979942386085
29.4268725357246,13502448637.568256,13646557622.227562,5.640798555708834,5.701001691773292,4.778643529648867,4.940399561511357
29.631106577705783,13526276789.864985,13643880031.28956,5.650753032164802,5.699883098286935,4.790556085218655,4.95084070193038
29.836758084076134,13553018258.452248,13640979149.09789,5.661924579002972,5.698671222388254,4.8024501301991815,4.96112239635578
30.043836892594705,13583386496.614838,13637830063.415321,5.674611249292562,5.697355656712216,4.814344692859036,4.971245481983255
30.25235290929845,13618370931.08318,13634401781.703287,5.68922638708855,5.695923453780075,4.826263429248349,4.981210624027312
30.462316108976086,13659391491.587769,13630654766.591377,5.706363183877012,5.694358096414251,4.838236588404871,4.991018276092332
30.673736535645343,13708573967.122837,13626536977.301336,5.726909711726228,5.692637843999045,4.850304185327161,5.000668622641989
30.886624303033315,13769276435.996782,13621977109.636862,5.752268845313258,5.69073290841096,4.862521433590907,5.010161491474016
31.10098959506033,13847191475.54382,13616872080.109776,5.7848187223275715,5.68860022537278,4.874968782459769,5.019496212027749
31.31684266632717,13952955021.404972,13611061080.799355,5.829002623540891,5.686172615581602,4.887772480042652,5.028671365140305
31.534193842605518,14109512997.903364,13604261572.160992,5.894406464830812,5.683332044990569,4.901153526027992,5.037684277742948
31.753053521331974,14379717739.484398,13596384080.49472,6.007287510111387,5.680041134963325,4.915576479797395,5.046531247905454
31.973432172105465,15049499198.577692,13589464196.973083,6.287096186930351,5.677150276421866,4.932502569715139,5.055214230061193
32.195340337188,12746861967.902523,13586374401.897968,5.325143794904581,5.675859480058557,4.9444811294534965,5.063749243901101
32.41878863200904,12750289478.649881,13585660072.96428,5.326575675757628,5.67556106117724,4.949720391486566,5.072156114674383
32.64378774567329,12753783505.51759,13584935836.33205,5.328035344462024,5.675258503244326,4.954907540756415,5.080443367102545
32.87034844147202,12757345812.753746,13584201561.166042,5.329523538052095,5.674951751601932,4.960043679986046,5.088612587217581
33.09848155739801,12760978234.536385,13583457113.259897,5.331041022776179,5.6746407501838565,4.965129907076135,5.09666533850264
33.32819800666392,12764682678.976416,13582702355.747362,5.332588595768895,5.674325441812694,4.970167315584132,5.104603162184481
33.55950877822438,12768461132.423899,13581937149.01162,5.33416708685014,5.674005768161962,4.975156995220637,5.112427577523703
33.79242493730173,12772315664.106052,13581161350.589619,5.335777360462671,5.673681669716131,4.980100032364612,5.120140082100439
34.02695762591525,12776248431.128872,13580374815.070957,5.337420317761581,5.673353085728384,4.9849975105991895,5.127742152095578
34.263118063414204,12780261683.877375,13579577393.990986,5.339096898870319,5.673019954175957,4.989850511269969,5.13523524256751
34.50091754701461,12784357771.854,13578768935.717682,5.34080808531974,5.672682211712882,4.994660114067901,5.142620787724441
34.74036745233946,12788539149.999071,13577949285.331608,5.342554902688551,5.672339793619834,4.999427397639049,5.149900201192314
34.981479233963185,12792808385.542465,13577118284.498722,5.344338423465676,5.671992633751001,5.004153440223797,5.15707487627831
35.224264425959376,12797168165.441782,13576275771.3351,5.346159770157627,5.671640664477569,5.008839320328261,5.164146186230009
35.4687346424526,12801621304.468906,13575421580.263086,5.348020118666762,5.671283816627623,5.013486117431052,5.171115484490162
35.71490157817409,12806170754.014835,13574555541.858133,5.349920701969597,5.670922019422171,5.0180949127288,5.177984104947132
35.96277700902103,12810819611.69144,13573677482.685364,5.351862814128048,5.670555200406854,5.02266678992426,5.184753362180966
36.21237279261995,12815571131.819191,13572787225.125057,5.353847814670799,5.670183285379056,5.027202836061255,5.191424551705135
36.46370086889405,12820428736.901566,13571884587.186102,5.355877133386859,5.669806198309958,5.031704142411162,5.1979989502039095
36.71677326063414,12825396030.20063,13570969382.306013,5.357952275579157,5.669423861261001,5.036171805416271,5.2044778157653555
36.97160207407404,12830476809.543932,13570041419.136631,5.360074827832519,5.669036194294357,5.040606927695873,5.21086238810996
37.22819949946953,12835675082.511156,13569100501.31375,5.362246464358068,5.668643115376686,5.045010619121756,5.217153888814817
37.48657781168153,12840995083.170334,13568146427.209286,5.364468953984962,5.66824454027561,5.049383997970537,5.223353521533389
37.74674937076336,12846441290.558086,13567178989.66417,5.366744167880718,5.667840382448114,5.05372819216124,5.229462472210743
38.00872662255193,12852018449.12751,13566197975.69994,5.369074088093547,5.667430552920071,5.058044340587593,5.235481909294256
38.27252209926313,12857731591.421284,13565203166.20679,5.3714608170243,5.667014960155916,5.062333594555783,5.241412983939686
38.53814842009139,12863586063.267708,13564194335.605587,5.373906587952386,5.666593509917446,5.066597119339845,5.2472568302125655
38.80561829181326,12869587551.8446,13563171251.480862,5.376413776759788,5.666166105110509,5.070836095868543,5.253014565284797
39.074944509395294,12875742117.012157,13562133674.181583,5.37898491502071,5.6657326456182115,5.075051722559557,5.258687289626338
39.34613995660623,12882056226.38241,13561081356.386028,5.381622704652229,5.665293028119146,5.079245217319034,5.264276087191874
39.61921760663305,12888536794.672485,13560014042.626253,5.384330034354571,5.664847145888728,5.083417819727294,5.269782025602305
39.89419052270191,12895191227.984081,13558931468.767647,5.387109998109343,5.664394888581777,5.0875707934345185,5.275206156320888
40.17107185870278,12902027473.766111,13557833361.437553,5.3899659160519935,5.6639361419938155,5.09170542879404,5.280549514823809
40.44987485981881,12909054077.35585,13556719437.39681,5.3929013580925025,5.663470787798524,5.095823045765112,5.285813120764991
40.73061286315996,12916280246.161375,13555589402.846508,5.395920170728316,5.662998703258132,5.099924997122321,5.29099797813483
41.01329929840092,12923715922.752884,13554442952.661346,5.399026507579056,5.662519760903138,5.1040126720148775,5.296105075412563
41.29794768842358,12931371868.380009,13553279769.539433,5.402224864276812,5.662033828177139,5.108087499926533,5.301135385711903
41.58457164996401,12939259758.740501,13552099523.05669,5.405520118474578,5.66154076704179,5.11215095509567,5.306089866919524
41.873184894263666,12947392294.205774,13550901868.611813,5.408917575894199,5.6610404335360505,5.116204561465919,5.310969461825889
42.16380122772549,12955783327.181982,13549686446.245535,5.412423023532889,5.660532677282921,5.1202498982506945,5.315775098247882
42.45643455257425,12964448009.877243,13548452879.314484,5.416042791394632,5.660017340935433,5.124288606210983,5.320507689142545
42.75109886752156,12973402966.489727,13547200772.996523,5.419783824423678,5.659494259552231,5.128322394765238,5.325168132711164
43.04780826843569,12982666494.774666,13545929712.599869,5.423653766711409,5.658963259891197,5.132353050074405,5.329757312492776
43.34657694901567,12992258803.1502,13544639261.642317,5.427661060549956,5.658424159607023,5.136382444274994,5.33427609744604
43.647419201470385,13002202291.046118,13543328959.660286,5.431815063551007,5.6578767663359075,5.140412546070594,5.338725342018157
43.95034941720233,13012521882.197733,13541998319.698402,5.436126187883048,5.657320876646812,5.144445432939282,5.343105886199379
44.2553820874959,13023245423.193878,13540646825.419048,5.440606066769225,5.656756274833937,5.148483305273989,5.34741855556124
44.56253180421071,13034404163.019,13539273927.757557,5.4452677548214155,5.656182731519391,5.1525285028491234,5.351664161276391
44.871813260479655,13046033333.88626,13537879041.03038,5.45012597068973,5.655600002027339,5.1565835241047635,5.355843500117362
45.18324125141163,13058172859.771595,13536461538.380056,5.455197393060519,5.655007824481081,5.160651048867035,5.359957354431126
45.49683067479952,13070868227.346424,13535020746.41067,5.46050102449823,5.654405917561963,5.1647339652903215,5.364006492085516
45.812596531832654,13084171565.371655,13533555938.82668,5.466058642374297,5.653793977851918,5.168835402027885,5.367991666382742
46.130553927814496,13098142994.393377,13532066328.834637,5.471895362717572,5.653171676659207,5.1729587669335615,5.371913615934005
46.45071807288533,13112852330.777292,13530551059.994822,5.4780403520937195,5.6525386561965805,5.177107793998039,5.37577306448778
46.773104282749685,13128381260.800846,13529009195.11052,5.4845277358564575,5.651894524939657,5.181286600773351,5.379570720702299
47.097727979409115,13144826146.458372,13527439702.605759,5.491397770303963,5.651238851936064,5.185499759304684,5.383307277850164
47.424604691899994,13162301692.394505,13525841439.648981,5.4986983745812115,5.650571159755169,5.189752384669932,5.38698341343946
47.75375005703614,13180945805.238499,13524213131.003181,5.506487160721102,5.649890915652487,5.194050246781054,5.390599788730934
48.085179820157165,13200926132.951141,13522553342.180351,5.514834165529584,5.649197520354648,5.198399913374938,5.394157048124006
48.41890983588141,13222449017.374386,13520860444.876045,5.523825590613145,5.648490293619305,5.202808935518154,5.397655818374932
48.7549560688645,13245771989.026054,13519132571.74418,5.533569022218693,5.647768455341797,5.2072860921420085,5.40109670759663
49.09333459456311,13271221590.063377,13517367556.137112,5.544200876975413,5.647031100380901,5.211841718268528,5.404480303969413
49.4340616000038,13299219437.833532,13515562850.121523,5.555897290233778,5.646277164309048,5.216488154742333,5.407807174061051
49.77715338455746,13330321447.300741,13513715410.216257,5.568890501672046,5.645505375678029,5.2212403792541835,5.411077860606439
50.12262636071909,13365278860.924809,13511821533.581997,5.583494351208885,5.644714187585412,5.2261169165880235,5.414292879519366
50.470497054892746,13405137033.201763,13509876615.156132,5.600145547347302,5.643901676214914,5.231141195328508,5.417452715777568
50.82078210818224,13451403084.981752,13507874772.63622,5.619473706636335,5.6430653841690654,5.236343651165267,5.420557817589985
51.173498277187264,13506347447.538107,13505808237.470325,5.642427327070032,5.642202066048627,5.241765149004936,5.423608587818143
51.5286624348047,13573587255.493671,13503666300.092354,5.670517506990923,5.641307247812884,5.247462900211546,5.426605370736733
51.88629157103615,13659327169.545532,13501433319.673038,5.706336312626272,5.640374395330916,5.253521539702751,5.429548430229051
52.246402793800385,13775361278.006495,13499084484.34452,5.754810855947137,5.639393143168117,5.260076242925027,5.432437910382496
52.60901332975184,13947834113.751047,13496574890.961948,5.826863307238082,5.638344732534771,5.267369336319408,5.435273753057164
52.974140525104765,14252011901.983711,13493936836.66125,5.953936971770869,5.637242655919729,5.2759313048442955,5.4380558655047535
53.341801846462886,15080009559.554495,13491504342.031675,6.299842230611144,5.636226454150585,5.287629648918141,5.440785210400723
53.71201488165499,12531869549.347456,13489582997.865408,5.235328313533332,5.635423791190036,5.294197802802154,5.443464572290265
54.084797340576415,12539541574.703506,13487926362.99208,5.238533387717236,5.6347317134897885,5.293411168259285,5.446096861718524
54.46016705603593,12547399194.066517,13486254566.650978,5.241815995868091,5.634033301917231,5.292679904634822,5.448683438653158
54.83814198460918,12555449635.656841,13484567428.321232,5.245179157655588,5.633328481057759,5.29200433720918,5.4512248435422475
55.2187402074974,12563700590.29949,13482864763.236782,5.248626086007679,5.632617173723288,5.291384829609259,5.453721608361169
55.60197993139243,12572160254.725538,13481146383.509668,5.252160205200212,5.631899301421527,5.290821786061266,5.456174256707872
55.98787948934779,12580837380.21397,13479412098.018755,5.255785171177618,5.631174784309489,5.290315653876427,5.4585833038997125
56.37645734165552,12589741327.390608,13477661712.289331,5.2595048944457625,5.630443541143194,5.289866926199489,5.460949257068316
56.76773207672929,12598882128.150053,13475895028.362602,5.263323565940534,5.629705489223148,5.2894761450544205,5.463272615252406
57.16172241199377,12608270555.84799,13474111844.653797,5.267245686351461,5.6289605443350625,5.289143904727496,5.465553869488574
57.558447194779816,12617918205.132074,13472311955.797192,5.2712760994719545,5.628208620685116,5.288870855534466,5.467793502899957
57.957925403226135,12627837583.05076,13470495152.476433,5.2754200302610395,5.627449630829067,5.288657708026625,5.469991990782763
58.36017614718731,12638042213.412853,13468661221.238167,5.279683128440719,5.626683485594394,5.288505237700105,5.472149800690579
58.76521866914757,12648546756.78375,13466809944.28615,5.284071518625747,5.625910093994288,5.288414290284447,5.4742673925164045
59.173072345141776,12659367149.018873,13464941099.253565,5.288591858197508,5.6251293631325305,5.288385787700552,5.476345218572315
59.583756685681934,12670520761.878973,13463054458.949505,5.293251404402864,5.624341198097585,5.288420734795402,5.478383723666635
59.997291336690665,12682026590.084303,13461149791.07598,5.298058092498109,5.623545501844373,5.288520226982188,5.480383345178526
60.4136960804411,12693905470.195215,13459226857.910397,5.30302062718879,5.622742175061632,5.288685458940624,5.482344513129826
60.832990836503,12706180338.023438,13457285415.947578,5.308148590166135,5.621931116022357,5.288917734564856,5.484267650253951
61.255195662695776,12718876532.972979,13455325215.494225,5.313452567248863,5.621112220414385,5.289218478387121,5.48615317206167
61.68033075604808,12732022159.908611,13453346000.207218,5.318944299557778,5.620285381147518,5.289589248756766,5.488001486903478
62.10841645376366,12745648522.02588,13451347506.56469,5.324636864352048,5.619450488132558,5.290031753119414,5.489812996028291
62.53947323419466,12759790641.992996,13449329463.257137,5.33054489274204,5.618607428026932,5.29054786582469,5.491588093638028
62.973521717820894,12774487893.6933,13447291590.48155,5.336684833606788,5.617756083939811,5.291139648998605,5.493327166937717
63.410582668236394,12789784773.705532,13445233599.118156,5.343075275888477,5.616896335088184,5.291809377157181,5.495030596180484
63.85067699314278,12805731850.924456,13443155189.763382,5.349737345307056,5.616028056392869,5.292559566422436,5.4966987547068085
64.29382574534922,12822386945.481228,13441056051.585377,5.356695196867376,5.615151118000393,5.293393009447178,5.49833200897717
64.74005012377967,12839816605.91117,13438935860.958702,5.3639766319625,5.614265384712618,5.294312817484669,5.49993071859705
65.18937147448699,12858097978.662806,13436794279.821503,5.371613879381971,5.613370715300431,5.295322471487594,5.501495236332942
65.64181129167396,12877321200.123535,13434630953.68005,5.379644594607212,5.612466961670124,5.296425884738786,5.503025908117709
66.09739121872154,12897592493.956585,13432445509.160238,5.388113153758599,5.611553967840499,5.297627480380403,5.504523073043108
66.55613304922439,12919038234.658798,13430237550.969784,5.397072351192062,5.610631568673793,5.29893228843592,5.505987063336671
67.01805872803301,12941810356.502949,13428006658.082369,5.406585659145073,5.609699588281566,5.300346068694161,5.5074182043192215
67.48319035230406,12966093669.962898,13425752378.879845,5.416730284254891,5.608757837995297,5.301875468439783,5.508816814338076
67.95155017255695,12992115937.600674,13423474224.873135,5.427601376872791,5.607806113743225,5.303528227951893,5.510183204669209
68.42316059373846,13020162033.274916,13421171662.447704,5.439317946231356,5.606844192601924,5.305313452763151,5.511517679379015
68.89804417629456,13050594300.331371,13418844101.80122,5.452031365305684,5.605871828174891,5.3072419812885485,5.512820535132515
69.37622363724952,13083882599.63988,13416490881.78846,5.4659379237160595,5.604888744261332,5.309326892141584,5.514092060928946
69.85772185129261,13120650023.1059,13414111248.623438,5.481297925057388,5.603894625958744,5.311584222035761,5.5153325377362945
70.34256185187259,13161744948.447954,13411704325.040857,5.498465788586338,5.6028891067797595,5.314034012023524,5.516542237981164
70.83076683229916,13208359493.95087,13409269064.02224,5.5179395350160245,5.60187174932073,5.31670188649345,5.517721424824213
71.3223601468529,13262234407.516628,13406804176.288687,5.5404463812028055,5.600842014971012,5.319621539174553,5.5188703511044555
71.81736531190215,13326036417.038372,13404308010.393972,5.567100382474859,5.59979921382052,5.322838857447078,5.519989257745442
72.31580600702806,13404110855.06408,13401778340.219313,5.599716849981934,5.598742415883297,5.326419236203425,5.5210783712285645
72.81770607615746,13504148923.469961,13399211951.783478,5.641508869113171,5.597670278482829,5.33046174422777,5.5221378993036305
73.32308952870332,13641460617.061869,13396603726.659058,5.698872361001606,5.596580663338961,5.335130167300807,5.5231680229375675
73.83198054071333,13852613642.049582,13393944164.420946,5.787083892876669,5.595469601543116,5.340735116151542,5.524168878618696
74.34440345602653,14259380379.094822,13391255934.09541,5.957015235288974,5.59434656333392,5.348038139792269,5.525140639067088
74.86038278743769,15931388785.70327,13388610976.877975,6.655515400576664,5.593241602948401,5.361218476637326,5.526083746604784
75.37994321786994,12336878487.675192,13386019094.755726,5.1538686221410055,5.592158815276017,5.368648830892046,5.5269988714243325
75.90310960155576,12349888850.435926,13383424844.778683,5.1593038463318095,5.591075038405877,5.365735728156428,5.527886542896401
76.42990696522551,12363283009.736414,13380805807.242365,5.164899405808844,5.589980906256312,5.362938416544747,5.528747060018747
76.96036050930512,12377081477.236574,13378161694.226349,5.1706638695468765,5.588876298545355,5.360257567049171,5.529580652741289
77.4944956091212,12391306643.863935,13375492211.927494,5.17660659160568,5.587761092533463,5.357693964572459,5.530387546185649
78.03233781611512,12405983032.158785,13372797062.674076,5.18273781655004,5.586635163864955,5.355248517874907,5.53116796068354
78.57391285906536,12421137593.357325,13370075944.856243,5.189068803559558,5.585498386538949,5.352922270961684,5.5319221118201565
79.11924664531813,12436800059.106838,13367328552.852493,5.195611973361581,5.584350632878653,5.350716416175994,5.532650210476564
79.66836526202677,12453003360.346874,13364554576.951817,5.202381083223492,5.5831917734988386,5.348632309324316,5.53335246287108
80.22129497739985,12469784129.36188,13361753703.270676,5.2093914366908,5.582021677271156,5.346671487237284,5.534029070599622
80.77806224195737,12487183305.618732,13358925613.663599,5.216660136682526,5.580840211286784,5.344835688269482,5.534680230674996
81.33869368979653,12505246872.180536,13356069985.626652,5.224206393136283,5.579647240816107,5.343126876370528,5.535306135565131
81.9032161398656,12524026757.859224,13353186492.191887,5.23205189989259,5.578442629264617,5.34154726952902,5.53590697323019
82.47165659724669,12543581951.744547,13350274801.810812,5.240221300301788,5.577226238124232,5.340099373614747,5.536482927158541
83.044042254448,12563979892.671997,13347334578.224789,5.248742767689774,5.575997926919155,5.338786022943976,5.537034176401535
83.62040049270428,12585298218.590683,13344365480.318546,5.25764873617594,5.574757553144676,5.337610429297993,5.537560895606996
84.20075888328677,12607626992.756804,13341367161.95282,5.266976830690335,5.573504972197255,5.336576241680926,5.538063255051368
84.78514518882228,12631071570.021063,13338339271.770418,5.276771064397211,5.572240037293507,5.3356876198759515,5.538541420670375
85.37358736462106,12655756334.837786,13335281452.967663,5.287083400290034,5.570962599374712,5.334949325950827,5.538995554088047
85.96611356001411,12681829645.391285,13332193343.020748,5.297975816655427,5.569672506992508,5.334366839431874,5.539425812643905
86.56275211970004,12709470475.998243,13329074573.352228,5.309523082010876,5.568369606169555,5.333946504160339,5.5398323494180355
87.16353158510051,12738897497.8255,13325924768.916021,5.32181654867589,5.567053740226167,5.333695718273311,5.540215313253666
87.76848069572613,12770381737.666142,13322743547.670883,5.334969441116935,5.565724749560353,5.333623183992117,5.540574848776722
88.37762839055078,12804264618.0885,13319530519.896132,5.349124392420946,5.564382471361949,5.333739242123779,5.5409110964116675
88.99100380939623,12840984320.876366,13316285287.280504,5.364464457916589,5.563026739231983,5.334056329466727,5.541224192392504
89.60863629432617,12881115444.493,13313007441.674957,5.381229682522283,5.561657382661637,5.3345896195129825,5.541514268767456
90.23055539104956,12925430702.359905,13309696563.331425,5.399742875890484,5.5602742262964755,5.33535794540955,5.541781453394939
90.85679085033419,12975000804.2936,13306352218.326668,5.420451338992203,5.558877088860223,5.336385174275397,5.5420258699271345
91.48737262943006,13031364051.391653,13302973954.635233,5.443997714272696,5.557465781514203,5.337702336597725,5.542247637775119
92.12233089350185,13096831622.867949,13299561295.83962,5.471347522632771,5.556040105229692,5.339351090403857,5.542446872045114
92.76169601707268,13175078960.796246,13296113730.428326,5.5040362210030755,5.55459984631705,5.3413897136984625,5.5426236834268305
93.40549858547674,13272405935.749678,13292630692.144564,5.54469565059878,5.553144768216189,5.343904334273763,5.542778177996148
94.05376939632214,13400793939.76839,13289111520.273132,5.598331171612658,5.551674594905962,5.347032411534187,5.542910456849966
94.70653946096482,13586866413.293262,13285555375.272747,5.6760650233079675,5.550188975658632,5.351020439101949,5.543020615389563
95.36384000599153,13907728140.084724,13281962065.742817,5.810108589304711,5.548687830514465,5.356409675373843,5.543108744753754
96.02570247471377,14772837517.450697,13278334517.58191,6.171517683118898,5.547172381800231,5.365133443282825,5.543174942706959
96.6921585286721,12138368526.479181,13274675846.226093,5.070938871214737,5.545643931024105,5.368625429760922,5.543219323008146
97.36324004915042,12157256517.227713,13270983141.13274,5.078829540070022,5.544101262274431,5.3645903167633575,5.543241998381657
98.03897913870132,12176798764.235613,13267252795.020763,5.086993531776739,5.542542868569294,5.3607209193196255,5.543243061293345
98.71940812268184,12197039676.244242,13263484364.280205,5.0954493985820255,5.5409685645856825,5.357018843568485,5.543222591346086
99.40455955079938,12218028941.058683,13259677398.783455,5.104217898120789,5.5393781622777665,5.353485943648377,5.543180664484545
100.09446619866941,12239822448.91531,13255831443.638288,5.113322379162802,5.537771471609245,5.350124351246013,5.543117353013068
100.7891610693827,12262483430.428883,13251946039.286835,5.1227892570027995,5.536148300594689,5.346936510656174,5.543032725618638
101.48867739508471,12286083871.87185,13248020721.638777,5.132648604709198,5.534508455355192,5.343925220689135,5.542926847394173
102.19304863856489,12310706292.912104,13244055022.246826,5.142934895793875,5.532851740191674,5.341093685168413,5.542799779862392
102.90230849485772,12336446003.841785,13240048468.536476,5.153687947194681,5.531177957680861,5.3384455743179595,5.542651581000515
103.6164908928541,12363414005.555374,13236000584.104704,5.164954130773644,5.529486908800076,5.335985100111124,5.542482305266155
104.33562999692522,12391740763.677645,13231910889.109219,5.176787950001028,5.527778393089849,5.33371710974464,5.5422920036248025
105.05976020855591,12421581190.61796,13227778900.775345,5.189254121264093,5.526052208865672,5.3316472029665345,5.542080723579535
105.78891616799119,12453121326.394068,13223604134.061314,5.202430364855771,5.524308153495937,5.32978188127591,5.541848509203657
106.52313275589293,12486587455.706701,13219386102.53738,5.216411213734295,5.5225460237691895,5.32812874042964,5.541595401177343
107.26244509500818,12522258796.212557,13215124319.560585,5.231313314190785,5.520765616384905,5.326696722910758,5.541321436829667
108.00688855185005,12560485552.407742,13210818299.867622,5.247282968060474,5.518966728618923,5.325496455196974,5.541026650188005
108.75649873838871,12601715260.395407,13206467561.771046,5.264507138543303,5.51714915924094,5.324540707880953,5.540711072037627
109.51131151375571,12646532362.524784,13202071630.254673,5.283229982950877,5.515312709807645,5.323845038757885,5.540374729995677
110.27136298595892,12695719696.199732,13197630041.450834,5.303778540342226,5.513457186533146,5.323428717299485,5.540017648605868
111.03668951361004,12750357910.70669,13193142349.329308,5.326604264012808,5.51158240308334,5.323316098525989,5.539639849463952
111.80732770766363,12811994062.669239,13188608136.097687,5.352353454126551,5.509688184920788,5.323538747757169,5.539241351390532
112.58331443316861,12882944713.542086,13184027029.212833,5.381993880075413,5.507774376411438,5.324138891040707,5.538822170680229
113.36468681103203,12966882248.314335,13179398731.099955,5.417059721658821,5.505840853240103,5.325175373186723,5.538382321481643
114.1514822197945,13070082178.28558,13174723075.93494,5.460172643733664,5.503887546131907,5.3267348021232035,5.537921816420574
114.94373829741848,13204442556.233131,13170000153.297894,5.516303190585908,5.50191449250994,5.328954801166206,5.537440667733137
115.74149294308828,13396306523.22475,13165230647.5244,5.5964565032885885,5.499921978263027,5.332080980175502,5.536938889714011
116.54478431902393,13721558371.950436,13160412797.032825,5.73233409170087,5.497909267470787,5.336649410050384,5.536416493346056
117.35365085230578,14577594936.722532,13155536480.768433,6.089952916834948,5.495872131949691,5.344550076809942,5.53587345528085
118.16813123671346,11943310025.972668,13150593312.97504,4.989451006497036,5.493807068456539,5.347204855052898,5.53530969940231
118.98826443457662,11968865668.97599,13145589662.873863,5.000127161468088,5.491716737804552,5.342363760566993,5.5347251449999355
119.81408967863881,11995449823.83059,13140532157.325146,5.011232988739398,5.489603908438528,5.3377387974396,5.534119749767051
120.64564647393397,12023148832.697817,13135420145.644398,5.022804558712128,5.4874683085277605,5.333333147828718,5.533493489054702
121.48297459967651,12052061922.263525,13130252969.114424,5.034883324441298,5.485309662885793,5.329150482798224,5.532846334795118
122.32611411116442,12082304048.881363,13125029963.122036,5.047517310226129,5.483127693863053,5.325195037738666,5.532178255508738
123.17510534169504,12114009585.50765,13119750457.633886,5.060762651868232,5.480922121545633,5.321471705504235,5.531489216318599
124.0299889044948,12147337167.275732,13114413777.821537,5.074685620964341,5.478692664016424,5.317986152765932,5.5307791789677205
124.89080569466141,12182476159.840527,13109019244.88431,5.089365327129419,5.476439037698871,5.314744967247945,5.5300481018403715
125.75759689112117,12219655444.937572,13103566177.140957,5.10489738826196,5.474160957813027,5.311755846735689,5.5292959399885655
126.63040395859773,12259155587.0737,13098053891.489754,5.121399013314754,5.471858138985525,5.30902784564376,5.52852264516551
127.50926864959659,12301326055.218626,13092481705.388245,5.139016196848681,5.469530296076641,5.306571702577296,5.527728165868475
128.39423300640192,12346610213.482006,13086848939.57972,5.157934159166853,5.467177145319305,5.3044002845997085,5.526912447394574
129.28533936308793,12395582635.192299,13081154921.925127,5.178392934687345,5.4647984059199315,5.302529204304174,5.526075431914626
130.1826303475437,12449006693.046602,13075398992.923176,5.2007114308707845,5.462393802364497,5.300977700938706,5.525217058572846
131.08614888351252,12507926972.293116,13069580513.909597,5.2253260348583135,5.459963067843879,5.2997699402095515,5.524337263624547
131.99593819264564,12573824625.07011,13063698879.707764,5.252855514479872,5.457505949538788,5.298937007826531,5.523435980631862
132.91204179656935,12648893764.054945,13057753539.105873,5.284216484784605,5.4550222171743465,5.298520115771778,5.522513140751874
133.83450351896724,12736569263.256954,13051744030.12836,5.320843902710396,5.4525116777551075,5.2985760746677,5.521568673180922
134.76336748767605,12842630951.910412,13045670046.091438,5.365152356401372,5.4499742031604965,5.29918737972648,5.520602505883889
135.6986781367976,12977815883.290895,13039531575.137074,5.421627369649189,5.447409788436688,5.300482837566577,5.519614566904099
136.64048020882325,13165192908.063614,13033329261.000893,5.499906212182251,5.444818702511423,5.30268661435295,5.518604787093086
137.5888187567752,13467789275.090296,13027062450.056547,5.6263192203634285,5.442200672325001,5.306267247619412,5.51757309821106
138.54373914636116,14172033982.954407,13020719489.631994,5.920525303838736,5.439550829843676,5.312691826390973,5.516519397533385
139.50528705814483,11739369989.333523,13014285314.90728,4.904252780974848,5.436862881570844,5.314037287009959,5.515443507046415
140.47350848973065,11771972592.808079,13007766807.427485,4.917872882300761,5.4341397023487366,5.308501707301797,5.514345227917709
141.44844975796445,11806067744.495802,13001175013.414852,4.932116512294041,5.431385906859929,5.303233578447776,5.513224415531694
142.43015750114947,11841804732.477524,12994509020.745697,4.947046037715956,5.428601114054577,5.298238221970018,5.512080956220786
143.41867868127693,11879359698.087326,12987767907.301888,4.962735043573906,5.425784938707543,5.293521820377891,5.51091473261543
144.4140605862728,11918942838.176544,12980950743.473757,4.979271341947553,5.4229369924640185,5.289091580190436,5.509725623644807
145.41635083225955,11960808222.087729,12974056593.281834,4.996761073139224,5.420056884308137,5.284955941582204,5.508513504547919
146.42559736583422,12005267446.021381,12967084515.90443,5.015334409937937,5.4171442212011405,5.28112485253859,5.5072782468921115
147.4418484663624,12052709063.986378,12960033567.780247,5.035153675115726,5.414198608959772,5.277610134241196,5.506019718601797
148.46515274828712,12103626969.08907,12952902805.545288,5.056425198027789,5.411219653483197,5.2744259787205925,5.50473778400122
149.49555916345503,12158663109.871092,12945691290.217346,5.0794171598391635,5.408206962501122,5.271589643830724,5.503432303877101
150.53311700345725,12218674066.751984,12938398093.307632,5.104487406576381,5.405160148126998,5.269122452530485,5.502103135569984
151.57787590198856,12284839183.18709,12931022306.035503,5.13212862212502,5.402078830707572,5.2670512801766,5.500750133108318
152.6298858372204,12358845099.941969,12923563053.786152,5.163045419481564,5.398962644862752,5.265410861951736,5.499373147408719
153.68919713419282,12443220378.191486,12916019519.991985,5.198294133286197,5.395811249462314,5.264247559815163,5.497972026583535
154.75586046722117,12541990454.128677,12908390988.332317,5.239556434417534,5.392624345255302,5.263625920494892,5.496546616434037
155.82992686232072,12662093845.463642,12900676924.541058,5.289730966057154,5.389401709046095,5.263641094178053,5.495096761293038
156.91144769964686,12816891971.363262,12892877158.211563,5.354399610126017,5.386143269645418,5.2644452386981,5.4936223056133855
158.0004747159535,13036806817.7344,12884992401.8652,5.446271490633511,5.382849324717019,5.266314228194936,5.492123097549145
159.0970600070682,13414557107.500801,12877018352.71037,5.604080888478897,5.3795180767217055,5.269874119697943,5.490598976988261
160.20125603038386,14531729591.452206,12868939841.152119,6.070792157160728,5.37614318839195,5.277682152979324,5.489049730034027
161.31311560736845,11545267670.930723,12860749369.85241,4.823164371998427,5.372721527631143,5.27997824008657,5.487475080761112
162.43269192609114,11586216227.12048,12852456213.662914,4.840271088181066,5.369256969112045,5.273820621341726,5.48587476230179
163.56003854376786,11629326091.752304,12844066337.288181,4.8582807150775835,5.365752004656525,5.267988822164806,5.484248555151788
164.6952093893219,11674858403.564537,12835578501.73927,4.877302346309264,5.3622061166631285,5.2624915223389035,5.482596256311349
165.838258765965,11723131710.907942,12826991455.430447,4.897469059003459,5.358618782267955,5.257338946400236,5.480917658422568
166.98924135379434,11774540968.958588,12818303938.04768,4.918945850091211,5.354989474960756,5.252543226594203,5.479212549768105
168.14821221240854,11829585157.533882,12809514683.09637,4.941941173958009,5.351317665649284,5.248118894693535,5.477480714288335
169.31522678354116,11888908642.723087,12800622421.564695,4.966724221726383,5.347602824189691,5.244083565134224,5.475721931616057
170.4903408937131,11953365300.33315,12791625887.306576,4.993651709540782,5.343844421635328,5.240458911684052,5.4739359771367395
171.67361075690357,12024122060.447527,12782523825.18214,5.02321113546219,5.340041933637512,5.237272112211688,5.472122622086741
172.86509297723873,12102834469.771866,12773315003.837639,5.056094122596667,5.336194845784475,5.234558075225186,5.47028163371029
174.06484455169968,12191962661.05193,12763998236.77803,5.093328418844734,5.332302662404677,5.23236304767603,5.4684127755114975
175.27292287284845,12295384214.644144,12754572419.452618,5.1365339266597365,5.328364922059742,5.230750841444469,5.46651580766998
176.48938573157474,12419704153.872126,12745036600.671215,5.188469968222736,5.324381227379359,5.229814498879387,5.464590487762448
177.71429131985883,12577450867.480762,12735390139.707924,5.254370417702369,5.320351310693133,5.229700746610994,5.462636572130966
178.94769823355688,12796535019.567665,12725633145.546148,5.345895266405149,5.3162752175301,5.230670488852675,5.460653818946483
180.18966547520301,13158784138.287912,12715762098.36951,5.497228877110294,5.312151477447698,5.233296476432023,5.4586419798786325
181.44025245683227,14119395855.274345,12705763382.493568,5.898535138753659,5.307974402341851,5.239688300686694,5.456600760737688
182.69951900282223,11328419963.567726,12695627441.216736,4.732573823029506,5.303739999793855,5.240702824331229,5.454529804922079
183.96752535275502,11377507167.796106,12685361627.946396,4.7530805502274776,5.299451341771681,5.233863693403604,5.452428754574494
185.24433216429958,11429490431.54226,12674972268.958107,4.774797138598307,5.295111071147519,5.227408568063762,5.450297295997633
186.5300005161126,11484773546.108303,12664457730.06556,4.79789227646327,5.290718505221809,5.221349956281763,5.448135133188694
187.8245919107609,11543863835.1419,12653816361.078074,4.8225779039360335,5.286272954608985,5.2157028096867535,5.4459419647864955
189.12816827766275,11607412550.263052,12643046500.763119,4.849126088646411,5.2817737253106225,5.210485200489784,5.443717484067543
190.44079197605097,11676277186.282158,12632146481.393661,4.8778950586179155,5.277220120615148,5.205719284055511,5.441461378969411
191.7625257979563,11751621568.654106,12621114635.683918,4.909371014918313,5.272611443995325,5.201432714642761,5.439173332146784
193.09343297121058,11835084557.48062,12609949307.728535,4.944238609638712,5.267947003678218,5.19766081367922,5.436853021078071
194.4335771624718,11929081652.32622,12598648871.064938,4.98350694467023,5.263226120190941,5.194450059127878,5.434500118253825
195.78302248026904,12037385398.385164,12587211760.410265,5.0287520428554116,5.258448139619117,5.191864060631482,5.432114291505633
197.1418334780704,12166353896.527767,12575636532.49977,5.082630071765711,5.253612459022794,5.189994649722761,5.429695204596402
198.51007515736964,12327888899.199024,12563921998.852888,5.150113121264543,5.2487185819009605,5.188984848388425,5.427242518358822
199.88781297079703,12548022716.867363,12552067591.256836,5.242076479474352,5.243766270876385,5.189084706555014,5.4247558932502224
201.2751128252495,12900728930.872831,12540070231.252525,5.389423435271392,5.23875423988844,5.19082828356071,5.422234983903324
202.67204108504393,13763150179.905872,12527917748.672726,5.749709533484931,5.23367740471399,5.19603979685725,5.419679405848937
204.07866457509124,11101163091.71064,12515599363.162668,4.63763472946542,5.228531261739562,5.195980854962996,5.417088714056398
205.4950505840934,11158747824.41175,12503120480.765144,4.661691393983849,5.223318069399843,5.188476329240326,5.414462454347635
206.9212668677628,11220099315.204262,12490487084.92452,4.687321663718044,5.218040327345472,5.181416224792053,5.411800211471968
208.35738165206286,11285815825.434044,12477697062.34203,4.7147754690196235,5.21269715272231,5.174817776558077,5.409101586908372
209.80346363647217,11356672266.240093,12464748278.742813,4.7443765376620455,5.207287653913226,5.168701924808379,5.406366175421847
211.25958199727,11433700556.651585,12451638585.418882,4.776555965332145,5.201810933271485,5.163094509426855,5.403593565054113
212.72580639084703,11518321633.88194,12438365826.706053,4.811907364403232,5.196266090244325,5.158028057696139,5.400783337154657
214.2022069570357,11612574276.832722,12424927852.121195,4.8512824575066595,5.1906522264434285,5.153544583902537,5.397935066467709
215.6888543224672,11719538926.311136,12411322537.038689,4.895968133155962,5.184968454282737,5.1497002251893695,5.395048321312247
217.18581960394883,11844191665.343729,12397547820.381083,4.948043205550152,5.179213912724154,5.146573484665739,5.392122663927185
218.6931744118668,11995327564.942022,12383601780.409035,5.011181913724742,5.173387798939629,5.144281341475096,5.389157651137844
220.21099085361107,12190621684.631207,12369482812.28429,5.092768210984642,5.1674894424900755,5.143015212397277,5.3861528357412665
221.73934153702504,12473520710.708132,12355190270.23867,5.210952435234618,5.161518573598634,5.143139530327821,5.383107770229356
223.27829957387968,13000038996.582552,12340716295.104832,5.430911323154492,5.155471909010468,5.145587195926997,5.3800219887650504
224.8279385833699,15977974057.142174,12326044601.385962,6.674976917439519,5.1493426452775966,5.158081656577993,5.376894962543593
226.38833269563713,10901534059.488997,12311174912.713345,4.554237474133502,5.1431306669439065,5.164302848040287,5.373726122659023
227.95955655531424,10970701451.53664,12296115102.372162,4.583132923813565,5.136839263162119,5.156121175390993,5.370514929901147
229.54168532509814,11045135802.70316,12280863594.332033,4.614228704425313,5.130467775527959,5.148464019445013,5.367260870443549
231.1347946893434,11125852134.46188,12265417681.887028,4.647948852513113,5.124015073284829,5.141357324568887,5.363963425217946
232.73896085768442,11214234787.266895,12249774632.803585,4.684871691745777,5.117480015011675,5.13483356739414,5.360622066679417
234.35426056868008,11312248294.081324,12233931702.598858,4.725817927685569,5.110861454170172,5.128934393813008,5.357236258814584
235.98077109348526,11422822983.077353,12217886151.523712,4.772011737618038,5.104158246199552,5.123714933081659,5.353805457236548
237.6185702395465,11550619806.343008,12201635275.614819,4.8254002862769365,5.097369261488969,5.119251357605407,5.350329109416503
239.26773635432454,11703718057.09883,12185176469.00962,4.889358788540161,5.090493411410266,5.115655385654728,5.346806655180396
240.92834832904268,11897931249.926203,12168507368.942045,4.970493516544396,5.083529708891559,5.113105838363062,5.343237527794461
242.60048560246005,12170578513.539158,12151626332.30042,5.084394952653313,5.076477467504616,5.111931758802606,5.339621156822701
244.28422816467224,12645200179.461979,12134526496.340118,5.282673448614156,5.069333820261304,5.1129201145885705,5.335956955206027
245.97965656093692,14417078767.66257,12117193607.023468,6.022895496443648,5.0620928123783635,5.120354139993116,5.332244283281797
247.68685189552747,10648204380.290983,12099623992.908298,4.4484061744266885,5.054752910069869,5.121900640381389,5.328482458842315
249.40589583561328,10726553064.040827,12081822716.567814,4.481137211144588,5.047316228282257,5.11287404101947,5.324670813130334
251.13687061516566,10811411687.950283,12063788877.165627,4.51658784799101,5.039782390681075,5.104439836494007,5.320808698458728
252.87985903889222,10904176109.986895,12045519063.540726,4.555341220204506,5.0321499722157546,5.096631268799488,5.316895463639774
254.63494448619696,11006814442.71045,12027009831.110125,4.598219528763779,5.024417533873326,5.089490781919534,5.312930446758497
256.40221091517066,11122241273.567823,12008257718.681492,4.646440375090775,5.016583629702076,5.083074257149516,5.308912975176622
258.1817428666052,11255054966.92728,11989259275.094818,4.701924777201064,5.008646817941411,5.077458383372939,5.304842365661299
259.97362546803953,11413151495.98328,11970011113.093271,4.76797136598648,5.000605683527,5.07275468140839,5.300717924743324
261.77794443783074,11611807591.86185,11950510035.189156,4.850962166306711,4.992458890672684,5.069139707792106,5.296538949586935
263.59478608925536,11886503884.305801,11930753444.17837,4.965719607069357,4.984205354367477,5.066933443274889,5.292304730389631
265.4242373346374,12351413892.188322,11910734400.407173,5.159940949537696,4.9758421754936055,5.06688168908961,5.288014539690615
267.26638568950625,13907934672.320673,11890439351.27578,5.810194870450414,4.967363692301315,5.072642011436716,5.283667601154137
269.12131927678433,10387080144.008095,11869863167.804104,4.3393186115392535,4.95876776210195,5.072636124058672,5.279263095585879
270.98912683100116,10475327157.320734,11849008919.425575,4.376184785860743,4.950055667185574,5.062816201075558,5.274800209216751
272.86989770253916,10571605802.332176,11827875002.17405,4.416406263927699,4.941226737477432,5.05366075979678,5.270278143615705
274.76372186190645,10677840895.504955,11806457146.637608,4.460787159291173,4.932279189383067,5.045212308065435,5.265696094440004
276.6706899040431,10796851871.41142,11784751038.949888,4.510505322198223,4.923211220736678,5.037526392362602,5.261053243766333
278.59089305265235,10933028896.795122,11762752344.824774,4.567394793783982,4.9140210208418855,5.030678499765385,5.256348760091453
280.52442316456666,11093788266.57536,11740456754.07995,4.634553813989397,4.904706789071941,5.024776989229263,5.251581798529758
282.4713727341406,11293172245.41707,11717860084.509165,4.71784869553796,4.895266778263526,5.0199903726036625,5.246751501434549
284.4318348976761,11562773812.27271,11694958608.14181,4.830477757847803,4.885699431015327,5.016615972128411,5.241857000247247
286.4059034378772,11998508252.366331,11671745433.368704,5.012510681380949,4.876001868280726,5.015313551168785,5.2368974078367145
288.3936727883365,13213804030.627378,11648207727.748114,5.520214050953519,4.866168729164024,5.018774420028298,5.2318717926013845
290.3952380380535,10103408792.278479,11624337920.436499,4.220811739631569,4.856196850860871,5.016706796446551,5.226779177242266
292.41069493598224,10201089914.671774,11600136750.983097,4.261619118271252,4.846086542326212,5.006054372949033,5.221618578366063
294.44013989561245,10308368683.986805,11575602262.075264,4.306436020986716,4.835836985870851,4.996136519669274,5.2163890225677845
296.4836699995804,10427766221.114338,11550729137.401232,4.356315674156459,4.825445960546239,4.987005486045529,5.211089528909561
298.54138300431526,10563106188.725643,11525511998.082859,4.412855455519332,4.8149112192660235,4.978731023133603,5.205719099238588
300.6133773447127,10720630835.751383,11499945434.954498,4.478663134206519,4.804230502290908,4.971410832097362,5.200276718157503
302.6997521388464,10911618172.394455,11474024077.674622,4.558450224801144,4.793401566100807,4.965191596600787,5.194761353286454
304.8006071927079,11159716422.896132,11447742791.264856,4.662096036806675,4.782422265501218,4.96031832945696,5.189171956285141
306.9160430049818,11528234781.894457,11421095443.599785,4.8160486925795105,4.771290038728336,4.9572825970852,5.183507460873888
309.0461607718524,12299546087.246159,11394070625.444439,5.138272595370326,4.760000119446968,4.9575633278060005,5.177766765033525
311.1910623918452,9781285108.712444,11366656070.66224,4.086240977113479,4.7485473833417124,4.952794653896623,5.171948713938557
313.35085047070214,9886298364.28384,11338849245.80083,4.130111436187789,4.736930772034585,4.941192662754857,5.166052126256917
315.52562832628894,10002087019.760132,11310648870.222195,4.178483438785961,4.725149750524766,4.93038375726989,5.160075825953029
317.7154999935381,10131618017.790424,11282048361.98873,4.23259645829976,4.713201569134392,4.9204274259039575,5.154018630532825
319.9205702294248,10279481614.344734,11253041045.900175,4.294368125370932,4.701083439224084,4.911404041520614,5.147879335704334
322.1409445179787,10453386404.482273,11223620190.23228,4.36701879158486,4.6887925485409365,4.90342819557826,5.1416567152477
324.37672907533073,10667861236.825207,11193779093.608845,4.456618045541645,4.676326097510277,4.896676783759884,5.1353495212421505
326.62803085479294,10955535098.662579,11163511377.402225,4.576797010700046,4.663681421389246,4.891459771524038,5.128956485380249
328.8949575519756,11415918108.852222,11132807736.628157,4.769127149377643,4.650854632916857,4.888462705446192,5.122476311744608
331.17761760993886,12705834144.594322,11101653922.323273,5.3080039639988845,4.637839779429701,4.890537559177401,5.115907654583085
333.47612022437977,9512639332.283962,11070040699.71307,3.974011206917666,4.624633002997701,4.887077928160136,5.109249119293685
335.79057534885624,9632159919.041168,11037965120.096,4.023942265442984,4.611233071767888,4.874878732279272,5.102499295534577
338.1210937000477,9765728606.917831,11005421389.857525,4.0797420749357824,4.597637565393154,4.863573507881447,5.095656767224172
340.4677867630506,9917932127.342625,10972401270.729042,4.14332679362134,4.583843042244883,4.853243803740676,5.088720097445438
342.8307667967118,10096413380.1299,10938896408.836004,4.217889328163585,4.569846012398783,4.8440051718272255,5.081687821408534
345.2101468389981,10315442032.149227,10904898412.674028,4.30939099109396,4.555642970210282,4.836034520980222,5.074558446394771
347.60604071240414,10606672188.943026,10870399114.92598,4.431055638145502,4.541230503691526,4.829638281363396,5.067330452678217
350.01856302939785,11064774441.53446,10835387728.24949,4.622432964891631,4.526604106309898,4.825481789917547,5.0600022869935835
352.44782919790254,12279246995.852604,10799848902.765371,5.12979242347792,4.511757365482116,4.826189388842408,5.052572342367211
354.89395542681797,9184205305.620474,10763771460.534964,3.836804228170536,4.496685611499602,4.821448174218734,5.04503895782074
357.35705873157826,9314268339.975815,10727149981.726578,3.8911395117946808,4.481386580167204,4.808296035178533,5.037400447623199
359.8372569397521,9460861653.068562,10689976591.1135,3.9523805037781212,4.465856981521101,4.79611860956029,5.029655111026744
362.3346686966761,9629910725.11437,10652240998.612143,4.023002639587382,4.450092516764077,4.785014437095984,5.021801218498069
364.84941347113323,9831761895.23234,10613932738.571974,4.107328217816328,4.434088813753863,4.7751274399747645,5.013837004702807
367.3816115610664,10087154699.439978,10575041261.47926,4.2140214110127525,4.417841465313405,4.7666888678700685,5.0057606682538145
369.93138409933374,10447956931.853672,10535556761.128061,4.364750568821438,4.401346374790769,4.760135450615361,4.997570374106951
372.4988530595022,11114065741.47801,10495464213.596277,4.643024955351568,4.384597265774888,4.756621831541385,4.989264241124903
375.08414126168316,24084228323.154198,10454742970.308893,10.061455072868684,4.367585512093186,4.792408112173247,4.980840311593959
377.6873723784085,8907585093.11048,10413384677.719051,3.721243048336471,4.350307623958269,4.821091927177895,4.972296571594591
380.3086709405457,9057666932.415026,10371383508.751719,3.783941411063936,4.332761167044533,4.8064147914504876,4.9636309942072065
382.94816234325566,9230526051.575987,10328725387.572744,3.8561552365615794,4.31494026101523,4.792866195485027,4.9548415231636085
385.60597285198963,9436422791.911282,10285397276.105951,3.9421708968824065,4.296839459068576,4.780590899559891,4.945926052650231
388.28222960853236,9695723533.32625,10241385935.236973,4.050496674445313,4.278453230416849,4.769819659524153,4.936882430377456
390.9770606370808,10058676332.363096,10196678581.242107,4.202124255453185,4.25977623451685,4.760982987155246,4.927708458954472
393.6905948503713,10714130453.19517,10151257649.325449,4.475947526873444,4.240801133479134,4.755192949612926,4.918401884044264
396.42296205584483,17302374062.55041,10105100559.00879,7.228259795102292,4.221518494057013,4.770327251384793,4.908960367031627
399.1742929618572,8541423727.144317,10058195327.643293,3.568275052698142,4.201923310365255,4.778866706382112,4.899381502353952
401.9447191839307,8703363337.428064,10010532129.635479,3.6359271315410155,4.182011477652565,4.762702374100503,4.889662854937554
404.73437325105124,8891986462.512486,9962093819.126526,3.7147265463811605,4.161775833045137,4.747766312060965,4.8798019456930914
407.54338861200836,9120582461.656883,9912863907.873158,3.8102250753092264,4.141209488395395,4.734233050392371,4.8697962330808195
410.3718996417783,9417367402.417011,9862825702.143042,3.9342102953335374,4.120305469710416,4.722393970312454,4.859643115257321
413.22004164795294,9861014617.384903,9811960398.288488,4.119548868847699,4.099055921556598,4.712843671979581,4.849339924240954
416.0879508772109,10856149295.200518,9760245292.845251,4.535277482525954,4.0774513593084665,4.707558655771474,4.838883909557608
418.9757645218362,8060447646.72381,9707659648.596493,3.3673419291891378,4.055483119762337,4.6971418649064045,4.828272233883786
421.8836207262821,8220605885.676904,9654187047.196558,3.434249820285118,4.033144343971143,4.67933476717279,4.817501992298284
424.8116585937781,8405977706.328034,9599809289.351862,3.5116909664257285,4.0104274289769535,4.662764051398401,4.806570220432929
427.76001819298466,8628170928.83133,9544505570.794643,3.6045146639806784,3.9873236835648127,4.647590858381856,4.795473882695568
430.7288405646942,8910678218.74445,9488254606.7312,3.722535236077899,3.9638242157746912,4.634074954665248,4.784209864415699
433.71826772857673,9313811488.639675,9431033560.791166,3.890948657052238,3.9399194854581006,4.62271338238163,4.772774967089034
436.7284426899744,10089112978.129642,9372815750.222403,4.214839503782504,3.9155983455976524,4.614893124412625,4.76116589401686
439.75950944674344,7605217831.44848,9313574072.215462,3.177164595177583,3.890849473692334,4.602245114710099,4.749379239446368
442.8116129961413,7770387178.677651,9253285937.104393,3.2461659326613206,3.865663432657177,4.58314351930243,4.737411501862938
445.88489934176386,7962340998.822492,9191928093.13488,3.3263567825211884,3.840030508812412,4.565329371375715,4.725259096304985
448.97951550052807,8193694547.589859,9129473740.297953,3.4230073085683,3.813939506155303,4.548975026465752,4.7129183434000455
452.0956095097062,8490411469.498449,9065895305.714754,3.5469641129585425,3.7873789058080964,4.534361307686381,4.700385458289731
455.2333304340081,8921383031.062677,9001162866.698786,3.7270072908499343,3.7603362072346806,4.522037794226221,4.687656543102627
458.39282837271077,9800796390.185106,8935242503.108253,4.094392032622389,3.7327972399173985,4.5136482001703175,4.67472757027688
461.5742544668394,7173126079.688545,8868100994.519516,2.9966534453347573,3.7047481256536563,4.500322401265109,4.6615943749255315
464.7777609063961,7350615649.500879,8799708098.121101,3.070801693250708,3.676176230171564,4.480176664453883,4.648252667297815
468.00350093764297,7559962063.046465,8730031397.223436,3.1582584930407225,3.6470680110374016,4.461418030935179,4.6346980367496755
471.2516288704294,7818135788.590535,8659035331.438618,3.266113447150234,3.617408612502401,4.444259138318407,4.620925938136069
474.52230008557717,8163235657.9433155,8586683213.178799,3.4102827676099525,3.587182707917441,4.4290679351233315,4.606931681423248
477.8156710423115,8714877813.652193,8512933957.298444,3.640737432442594,3.556373133504616,4.416660690106211,4.592710417793356
481.1318992857465,10424647033.028858,8437741733.104853,4.355012598535152,3.5249607429807495,4.410924545261183,4.578257115585972
484.4711434544201,6765336415.088828,8361065246.671159,2.826294763524482,3.4929282853472055,4.399619676830842,4.563566562302938
487.83356328788403,6965621716.414511,8282863409.244707,2.9099661825961483,3.460258595319164,4.378582673089191,4.548633380656747
491.21931963434616,7209305699.43295,8203089123.520608,3.011767885113666,3.4269319974720758,4.359109076111505,4.533452014119767
494.62857445836346,7526095005.552984,8121693443.505628,3.144110151941775,3.392928044071211,4.341512013626381,4.518016706881386
498.0614908485912,7998246635.477276,8038622945.27439,3.3413567628077705,3.3582244166757307,4.326422114959976,4.502321488405206
501.5182330255821,9053756572.95551,7953818890.521772,3.78230781477458,3.3227965767033676,4.315928957389901,4.486360148271369
504.99896634964625,6191588362.793143,7867223800.2563505,2.586605113772693,3.2866205116642018,4.300356834742535,4.470126227901099
508.5038573287569,6390980254.586758,7778779741.684414,2.6699033010451934,3.2496720194873445,4.277388130694111,4.453613026260263
512.0330736265197,6633938250.706663,7688423018.697418,2.771401714436521,3.2119244904128386,4.256004725115616,4.436813585297291
515.5867840701909,6949796526.092893,7596086033.982362,2.903355032788725,3.1733496849090423,4.2365193333452185,4.419720665759948
519.1651586587548,7418720741.656717,7501694849.178647,3.0992533552996333,3.1339167144009363,4.219555090989187,4.402326721643807
522.768368571054,8445432712.850298,7405168057.828678,3.5281737355722846,3.0935915704326664,4.207121187550653,4.384623864769523
526.3965861739797,5618681332.2657,7306424830.498734,2.3472668102472785,3.0523404856065377,4.189654610409003,4.366603849789256
530.0499850307181,5824260915.767937,7205382632.129929,2.4331499747627987,3.010128979980914,4.164936572024513,4.3482580758321125
533.7287399090511,6078503862.580507,7101949202.652855,2.5393628022042805,2.9669185108825205,4.141878052424342,4.329577558508195
537.4330267897185,6417094714.363086,6996025434.790694,2.680812907957496,2.9226676751407954,4.120838286207621,4.31055288765149
541.1630228748338,6946072559.180311,6887502153.04972,2.901799304065303,2.8773308634752395,4.102578949686475,4.291174184597939
544.9189065963646,8370255840.163773,6776259602.249492,3.496767758311761,2.8308580468232,4.090183968180974,4.2714310493668455
548.7008576246646,5036935888.961719,6662178958.295779,2.1042361611804816,2.783199585093674,4.072433750556495,4.251312540249921
552.5090568770715,5257081956.543934,6545131906.576395,2.1962046369284765,2.734301873425905,4.046029330532398,4.230807156588442
556.34368652656,5538340882.05269,6424973323.156439,2.3137036908686466,2.6841042846770407,4.021427041323106,4.209902770911393
560.2049300104572,5935645687.254555,6301549727.168903,2.4796822056932344,2.632542700502612,3.9991110313712617,4.188586565415195
564.0929720392162,6655319453.103319,6174686963.560904,2.7803339502728277,2.5795443656863486,3.980309979606596,4.1668449580196825
568.007998605253,23983173654.906647,6044189204.600324,10.019238357812098,2.5250274710084475,4.0137197341208175,4.144663491342391
571.9501969918451,4435628400.634173,5909863344.899141,1.8530332495650532,2.46891134453872,4.039935146336938,4.122026790586853
575.9197557820889,4683637477.710484,5771494465.356991,1.9566418083772925,2.4111062014252873,4.010606483199648,4.098918521119167
579.9168648679222,5021817866.627926,5628831482.508948,2.097920438689351,2.351507148749514,3.983363701942978,4.075321235142274
583.941715459206,5569873224.503971,5481595614.523905,2.326876678711934,2.289997722291281,3.959040323774816,4.051216203816896
587.9945000928725,7243250312.06994,5329473679.663994,3.025948625739043,2.2264470868856456,3.9414366990710668,4.026583256601324
592.0754126421377,3576563002.5961437,5172133732.060883,1.4941490955435597,2.1607165684428242,3.918302073994041,4.001400648656912
596.1846483257725,3800286600.3649497,5009196657.285909,1.5876121244390018,2.092647787680728,3.8856442209715345,3.9756448929982198
600.3224037174436,4104533080.041374,4840220593.308729,1.7147144855887608,2.0220561518066367,3.854950827560545,3.949290468864862
604.4888767551142,4585569340.515682,4664696706.994169,1.9156727499866273,1.948729090101636,3.826934225539494,3.9223094773885707
608.6842667505169,5807035980.295451,4482038041.246938,2.425954065802624,1.8724213946908985,3.8041952156655596,3.894671257799024
612.9087743986839,2635279446.469465,4291592061.6308875,1.1009173887301142,1.7928604620338542,3.77612859677391,3.8663420131367467
617.1626017875511,2834560147.3462276,4092578935.218118,1.1841691247566202,1.7097205082248224,3.739951423469702,3.8372842992635476
621.4459524076235,3112802014.9282,3884056925.717934,1.3004077690886737,1.6226081124220728,3.705642281243688,3.8074562447525557
625.7590311617106,3567834540.1906824,3664880582.276188,1.490502682996335,1.5310447497522923,3.67391036322289,3.7768105621462236
630.1020443747268,4784552939.195923,3433659744.9696684,1.998800368255975,1.4344496653985186,3.6474190444476005,3.7452933351928883
634.4751998035622,1527509852.0654972,3188761953.8278065,0.6381342820581801,1.3321408809958337,3.6153925086653174,3.7128427124527326
638.8787066470222,1685549918.5269969,2928103338.333098,0.7041572829648295,1.2232478363872659,3.57494718321123,3.6793870236177617
643.312775555834,1923572782.666403,2649102690.1335993,0.803593989913492,1.1066922029870565,3.536194783214091,3.6448421914927067
647.7776186427237,2363191938.195871,2342580486.9619393,0.987249796659013,0.9786391329585094,3.499921255164316,3.609091480789549
652.273449492561,4011099056.2667575,1999130178.9604635,1.6756813797789363,0.835158935156299,3.4701482240598014,3.571966424552064
656.8004831725812,0.0,1622166072.1278794,0.0,0.6776779740024068,3.4339468236472155,3.5332838025273348
661.3589362426677,0.0,1197046078.5923157,0.0,0.5000793539368369,3.386772624196514,3.4928305139614215
665.949026765717,0.0,684716231.4246243,0.0,0.2860478445771753,3.340246485187077,3.4502420615217777
670.5709743180663,0.0,0.0,0.0,0.0,3.2943595038216054,3.4048020157898033
675.2249999999999,0.0,0.0,0.0,0.0,3.249102899605889,3.3580281961496814
