R_kpc,Sigma_bar,Sigma_eff,kappa_bar,kappa_eff,kappa_bar_mean,kappa_eff_mean
1.0,39625486921.47069,39628796838.06877,19.04653719768946,19.048128154785623,0.0,0.0
1.0120606264911474,39625531510.19401,39628840300.555595,19.046558629874735,19.04814904562978,0.45124681224639684,0.4512844984164862
1.0242667116936537,39625580610.813156,39628884825.71036,19.04658223076501,19.048170447259952,0.8918033134532996,0.8918777603580592
1.0366200099307066,39625619176.34126,39628930439.627106,19.046600767818376,19.048192372218598,1.321922741414407,1.3220330926035258
1.0491222966837304,39625666283.925674,39628977169.19358,19.046623410729,19.048214833429682,1.7418523583787884,1.7419978009424177
1.0617753688475675,39625714621.109604,39629025041.91902,19.046646644663603,19.048237844115903,2.1518336345964695,2.152013332357218
1.0745810449887383,39625764316.81134,39629074086.05209,19.04667053158854,19.048261417855368,2.55210227880674,2.552315413836751
1.0875411656068144,39625814844.46308,39629124330.561165,19.04669481840173,19.048285568572126,2.94288841310042,2.943134187901365
1.1006575933989453,39625865843.24486,39629175805.02092,19.046719331670072,19.048310310481657,3.3244167025170803,3.324694344916538
1.113932213527575,39625920606.20778,39629228539.72836,19.046745654244038,19.04833565814663,3.696906506199892,3.6972152522717474
1.127366933891388,39625973255.2474,39629282565.79863,19.04677096073159,19.04836162652297,4.060571971249286,4.0609110805000865
1.1409636853995222,39626027282.43896,39629337915.13699,19.04679692964689,19.048388230946383,4.415622157971604,4.415990926410248
1.1547244222490889,39626084649.88922,39629394620.48721,19.046824504103643,19.04841548715561,4.7622612046636394,4.7626589333013944
1.1686511222060412,39626144358.48786,39629452715.38421,19.046853203865677,19.048443411269673,5.100688418602693,5.101114408329958
1.1827457868894284,39626200933.043915,39629512234.14818,19.04688039720688,19.04847201978505,5.431098348103188,5.4315519370954926
1.19701044205908,39626262394.61887,39629573212.039764,19.046909939561175,19.048501329650254,5.753680947238301,5.7541614955126255
1.2114471379067577,39626325515.32093,39629635685.25979,19.04694027939781,19.04853135826571,6.0686216966371065,6.069128559033484
1.2260579493508208,39626390953.60426,39629699690.898865,19.046971733211866,19.048562123459536,6.376101668063119,6.376634209282082
1.2408449763344431,39626455118.3587,39629765266.941185,19.047002574886687,19.048593643489355,6.676297626522409,6.676855238162155
1.2558103441274293,39626524037.568794,39629832452.28556,19.047035701856238,19.048625937052417,6.969382163345283,6.9699642494986
1.2709562036316695,39626590396.16889,39629901286.8646,19.04706759803325,19.048659023342882,7.255523773080612,7.256129758271665
1.2862847316902777,39626661616.37685,39629971811.67087,19.047101831009183,19.048692922064394,7.5348869594529235,7.535516287500908
1.3017981314004599,39626735561.947235,39630044068.73476,19.047137373968184,19.04872765341944,7.807632358570601,7.808284462833843
1.3174986324301545,39626807994.480606,39630118101.11885,19.04717218966506,19.04876323810665,8.073916764416806,8.074591104893438
1.3333884913384921,39626885641.40006,39630193952.94698,19.047209511728575,19.048799697334744,8.333893270791108,8.33458931943788
1.34946999190012,39626960691.85407,39630271669.4897,19.047245585765136,19.04883705286364,8.58771133776182,8.588428585384955
1.3657454454334392,39627041074.41095,39630351297.219666,19.047284222750534,19.048875327031066,8.83551688562819,8.83625484075176
1.3822171911327976,39627124745.246574,39630432883.80216,19.0473244402925,19.048914542747994,9.077452410743135,9.078210566558603
1.3988875964046932,39627206134.83496,39630516478.09998,19.04736356132149,19.04895472350101,9.313656989995996,9.31443486874506
1.415759057208029,39627293127.89099,39630602130.197334,19.047405375734545,19.048995893363763,9.544266418937307,9.54506355814546
1.4328339983984741,39627378428.231606,39630689891.433624,19.047446376520572,19.049038077013265,9.769413278710866,9.770229228569915
1.4501148740769754,39627468998.273766,39630779814.53499,19.04748991026138,19.04908129979305,9.989227007962095,9.990061333036449
1.467604167942475,39627562086.29485,39630871953.64069,19.04753465430351,19.049125587725904,10.203834002346921,10.204686258197897
1.4853043936488803,39627656374.9362,39630966364.23063,19.047579975440343,19.049170967479007,10.413357639862001,10.414227397005302
1.5032180951663396,39627755929.476234,39631063103.14781,19.047627827704055,19.049217466374735,10.617918391288493,10.618805219649419
1.5213478471468749,39627851661.58541,39631162228.7482,19.04767384266362,19.049265112462688,10.817633844189462,10.818537342822554
1.5396962552944244,39627954624.783104,39631263800.95333,19.047723333345683,19.04931393454498,11.012618812145174,11.013538597340567
1.5582659567393489,39628058569.27669,39631367881.19567,19.047773295701163,19.04936396214997,11.202985415358024,11.203921094162787
1.5770596204174525,39628164557.97738,39631474532.490944,19.047824240633,19.04941522556704,11.388843088418156,11.389794288847899
1.5960799474535783,39628273473.048805,39631583819.50622,19.04787659216532,19.049467755879302,11.570298684283285,11.571265044483562
1.615329671549826,39628385738.02868,39631695808.596466,19.04793055387737,19.0495215849812,11.747456531792182,11.748437693125704
1.6348115593784562,39628500453.72279,39631810567.851265,19.04798569355905,19.04957674560092,11.920418485293204,11.921414095782687
1.65452841097953,39628618999.733,39631928167.1212,19.048042674335022,19.049633271313112,12.089283988836062,12.090293700978725
1.6744830601633456,39628745472.14637,39632048678.064865,19.048103465046072,19.049691196561472,12.25415016173363,12.255173601930311
1.6946783749177292,39628861434.63432,39632172174.28763,19.048159204016414,19.04975055672543,12.415111739947605,12.416148592369037
1.7151172578202367,39628989459.09052,39632298731.36948,19.048220740738273,19.049811388133556,12.572261239922268,12.573311221042838
1.7358026464553273,39629118705.26616,39632428426.8142,19.048282864696443,19.04987372803911,12.725689051880105,12.726751844925863
1.7567375138365704,39629251834.39522,39632561340.14518,19.048346855049765,19.04993761466611,12.875483378427825,12.876558681167994
1.7779248688339402,39629387660.62478,39632697553.01684,19.04841214180167,19.050003087262873,13.02173034076387,13.02281785781472
1.7993677566062685,39629526965.02088,39632837149.2629,19.04847910038233,19.050070186125243,13.164514017483667,13.165613463326348
1.8210692590389104,39629669769.66889,39632980214.94671,19.04854774140738,19.050138952620753,13.303916499757378,13.305027594924482
1.8430324951866892,39629816847.99441,39633126838.42559,19.048618436634506,19.050209429219567,13.440017938423617,13.441140405793826
1.8652606217221832,39629967296.389404,39633277110.40556,19.04869075173204,19.050281659520785,13.572896584605681,13.574030151166312
1.88775683338942,39630122561.024536,39633431124.01226,19.04876538182187,19.050355688286533,13.702628838687199,13.703773233314184
1.9105243634630407,39630278519.04608,39633588974.87436,19.04884034519745,19.05043156148205,13.829289275559141,13.830444245477912
1.9335664842130058,39630439860.82207,39633750761.205,19.048917896348907,19.050509326314838,13.952950706831993,13.954116014754412
1.9568865073748998,39630607691.16384,39633916583.8732,19.048998566319067,19.050589031268984,14.073684251953628,14.074859643969956
1.9804877846259143,39630776005.83589,39634086546.468346,19.04907946908926,19.050670726136158,14.19155931728547,14.192744552561857
2.0043737080665673,39630952979.26084,39634260755.38728,19.04916453380854,19.050754462057466,14.306643677668747,14.307838516492444
2.0285477107082346,39631129077.51206,39634439319.898384,19.049249177863487,19.050840291554266,14.419003493892133,14.420207707218262
2.0530132669665586,39631310659.71762,39634622352.24242,19.04933645785678,19.050928268576627,14.52870334174227,14.52991672973696
2.0777738931608125,39631499638.47295,39634809967.77699,19.049427293103804,19.05101844857278,14.635806314036374,14.63702865973419
2.102833148019282,39631691289.74232,39635002285.026695,19.049519412931584,19.051110888513204,14.74037399257535,14.741605079851514
2.1281946331907466,39631892247.059494,39635199425.75084,19.049616005839688,19.051205646923187,14.842466511437133,14.843706115095767
2.153861993762124,39632091571.548065,39635401515.07014,19.049711813906185,19.051302783943733,14.9421425549018,14.943390467410557
2.1798389187823672,39632305787.389046,39635608681.528946,19.049814779706747,19.05140236136146,15.039459449653254,15.040715449429872
2.206129141792668,39632508547.855156,39635821057.225204,19.049912239323273,19.051504442671067,15.134473106811924,15.135737017432978
2.232736441363065,39632727402.42487,39636038778.04291,19.050017434792828,19.051609093187068,15.227238121551546,15.228509803520737
2.2596646416355184,39632952654.174255,39636261983.70194,19.05012570515508,19.051716380067756,15.317807895967784,15.319087147031144
2.2869176128735367,39633182350.29024,39636490817.72979,19.050236111763482,19.051826372301594,15.406234500897027,15.40752112521072
2.314499272018431,39633414787.61272,39636725427.62214,19.05034783597062,19.051939140784427,15.49256875271614,15.493862583159986
2.3424135832522777,39633652118.13849,39636965965.05805,19.050461912163453,19.052054758422884,15.57686026655829,15.578161163071654
2.3706645585676736,39633899645.79426,39637212586.133026,19.05058088974756,19.05217330024642,15.659157524646123,15.660465332778607
2.399256258344359,39634153684.87834,39637465451.47416,19.050702997139563,19.05229484346267,15.73950786947885,15.740822413627566
2.4281927919327986,39634414983.272064,39637724726.2975,19.05082859381893,19.052419467485006,15.817957505350817,15.819278607693315
2.4574783182447963,39634681829.32024,39637990580.43821,19.05095685705498,19.052547253947044,15.894551536322368,15.895879024348705
2.4871170463512398,39634952838.69346,39638263188.55396,19.051087121450678,19.0526782868004,15.969333980240895,15.970667706206466
2.5171132360870474,39635231260.98266,39638542730.43604,19.05122094896675,19.052812652464247,16.04234782287096,16.043687654449375
2.547471198663417,39635519006.95907,39638829391.131905,19.051359258041767,19.05295043988419,16.113635060904272,16.11498085356275
2.578195297287452,39635815079.310135,39639123361.08333,19.05150156930368,19.0530917405987,16.183236701157632,16.1845882954825
2.6092899477892684,39636117998.366684,39639424836.31324,19.051647171529083,19.0532366488289,16.251192764802823,16.252550003172864
2.6407596192566607,39636423375.02881,39639734018.64057,19.051793955036526,19.05338526158185,16.317542291322994,16.318905053647896
2.6726088346774195,39636741130.71492,39640051115.86214,19.051946688692706,19.053537678737953,16.382323427274912,16.383691600449755
2.7048421715894047,39637064538.70736,39640376341.96385,19.05210213920793,19.053694003152497,16.445573433077215,16.446946895596703
2.7374642627384485,39637399832.088394,39640709917.3548,19.052263302599226,19.053854340768144,16.50732868401415,16.50870731101362
2.770479796744201,39637741013.59155,39641052069.05924,19.05242729619769,19.054018800707247,16.567624694499656,16.569008359457253
2.803893518774003,39638091361.54256,39641403030.978355,19.05259569577582,19.054187495397628,16.62649612238287,16.62788471494828
2.837710231224885,39638453778.97059,39641763044.157196,19.052769896714672,19.05436054070092,16.683976839589594,16.685370232722285
2.8719347944137956,39638823772.899345,39642132356.99977,19.052947739403166,19.05453805601594,16.74009990625369,16.74149796871087
2.9065721272761507,39639201031.84764,39642511225.53853,19.05312907412357,19.054720164408216,16.7948975720419,16.796300198563905
2.941627208072808,39639589954.02555,39642899913.69982,19.053316014936268,19.054906992737596,16.8484013459988,16.84980843622421
2.977105075105571,39639985174.20882,39643298693.68301,19.053505982972162,19.055098671840454,16.900641984823977,16.90205345206581
3.013010827441318,39640396328.58952,39643707846.31733,19.05370360999998,19.055295336701246,16.951649541366212,16.953065290606695
3.0493496256448713,39640815383.44215,39644127661.27427,19.053905034498666,19.05549712655456,17.001453364989704,17.002873287805098
3.086126692520694,39641247907.74064,39644558437.35911,19.054112933272414,19.055704185025288,17.050082096149886,17.05150608794894
3.123347313863546,39641688776.13066,39645000482.91336,19.054324842748922,19.05591666032203,17.097563698919494,17.098991660149053
3.161016839218183,39642143258.57272,39645454116.24237,19.05454329600744,19.05613470544264,17.143925476030482,17.14535731444635
3.1991406826482205,39642607441.47215,39645919666.020325,19.054766411924682,19.056358478368907,17.189194090773764,17.190629717542205
3.237724323514275,39643086306.13349,39646397471.671844,19.054996584833418,19.05658814224996,17.23339558112221,17.234834908160547
3.2767733072614837,39643578139.77419,39646887883.779175,19.055232991461082,19.05682386559799,17.276555386544647,17.277998312050535
3.3162932462165258,39644080400.69566,39647391264.57064,19.055474410105166,19.057065822523043,17.318698319550467,17.32014475663888
3.356289820394258,39644595674.61192,39647907988.40946,19.0557220836248,19.05731419296797,17.359848605221977,17.361298485340612
3.396768778314074,39645126954.44373,39648438442.2867,19.055977450608655,19.057569162945356,17.400029926483917,17.40148317153637
3.4377359378261105,39645672504.60487,39648983026.359406,19.056239676823264,19.057830924796225,17.43926541216793,17.44072193222441
3.4791971869474256,39646229194.30586,39649542154.54733,19.056507257411443,19.05809967747681,17.477577615386,17.479037341355674
3.521158484708249,39646804211.04529,39650116255.121475,19.0567836471436,19.058375626841478,17.514988578377125,17.516451442859616
3.56362586200845,39647391710.22447,39650705771.302155,19.057066036732706,19.058658985930194,17.55151982836178,17.55298576336825
3.606605422484327,39648001387.57131,39651311161.98209,19.0573590865642,19.058949975316075,17.58719240500034,17.58866132464621
3.6501033433858567,39648620922.13049,39651932902.41928,19.057656874400855,19.059248823438438,17.622026833786798,17.623498655734412
3.6941258764645224,39649260374.00844,39652571484.95599,19.05796423577167,19.059555766948392,17.65604314182028,17.65751780481406
3.7386793488718437,39649918939.88577,39653227419.831215,19.058280784550103,19.059871051099346,17.689260934058467,17.690738350798238
3.7837701640687524,39650591851.43653,39653901236.03601,19.058604228774463,19.060194930158158,17.721699319122834,17.723179414658453
3.8294048027459335,39651280882.07729,39654593482.22356,19.05893542086191,19.060527667842546,17.75337693608798,17.75485967049283
3.875589823755259,39651993797.14111,39655304727.65296,19.059278093326952,19.06086953777476,17.784312036952606,17.785797356342684
3.922331865052462,39652722216.2312,39656035563.20625,19.059628218016204,19.061220823970405,17.81452243723971,17.816010284763912
3.9696376446511854,39653472210.17197,39656786602.4791,19.05998871295521,19.061581821362704,17.844025517733435,17.845515853160034
4.017513961588521,39654250175.55142,39657558482.94971,19.060362652752286,19.061952836364355,17.87283831843528,17.87433105388325
4.06596769690221,39655041534.60701,39658351867.22044,19.060743030404648,19.06233418746433,17.900977428340013,17.90247248410988
4.115005814619619,39655852638.41521,39659167444.3214,19.06113289864487,19.06272620585446,17.928458997291848,17.929956355496405
4.164635362758645,39656692538.94329,39660005931.12155,19.061536608425957,19.063129236107702,17.95529888031176,17.956798503622107
4.214863474340702,39657553267.05443,39660868073.85814,19.0619503292723,19.06354363691329,17.981512562371478,17.98301439722487
4.265697368415905,39658440553.43357,39661754649.76906,19.062376815716714,19.06396978186135,18.00711514929811,18.008619147235986
4.317144351100639,39659354493.14043,39662666468.83632,19.06281611345096,19.064408060280908,18.032121422013507,18.033627515620374
4.369211816627631,39660289431.580666,39663604375.68074,19.063265504516234,19.06485887815062,18.056545779401397,18.05805392402787
4.421907248408684,39661255341.33723,39664569251.592545,19.06372978237216,19.065322659074795,18.080402304329695,18.081912462262025
4.4752382201102385,39662249379.942986,39665562016.66052,19.064207580747688,19.06579984530681,18.103704786178703,18.105216896571903
4.529212396741896,39663264730.212616,39666583632.1831,19.064695622868594,19.06629089890802,18.126466632496946,18.127980677773316
4.583837535758073,39664318978.19888,39667635103.353966,19.06520236171387,19.066796303038647,18.14870099533379,18.150216949206666
4.639121488172954,39665403989.10479,39668717481.912,19.065723887181058,19.067316563231497,18.170420768079588,18.171938554536638
4.695072199688863,39666514737.11148,39669831869.05395,19.06625778354096,19.067852208791987,18.19163846382818,18.193158045398786
4.75169771183828,39667663266.65591,39670979418.83116,19.06680984011843,19.068403794430825,18.21236633976167,18.213887688900893
4.8090061631396015,39668853134.914116,39672161341.72799,19.06738176671924,19.068971901984025,18.232616451211832,18.234139474986353
4.867005790266854,39670062321.181335,39673378908.53349,19.067962978787705,19.069557142273883,18.25240046189573,18.253925123665493
4.925704929233514,39671316923.31029,39674633454.599,19.068566020616938,19.070160157155446,18.27172978405322,18.27325609212191
4.9851120165906035,39672608317.40429,39675926384.49129,19.069186747011972,19.070781621753124,18.29061565785754,18.292143581701175
5.0452355906392325,39673943103.93355,39677259177.15371,19.069828330579913,19.071422246941452,18.30906904618055,18.310598544789865
5.106084292657776,39675316458.74617,39678633391.55365,19.07048845252557,19.072082782059617,18.327100661888306,18.328631691593195
5.1676668681438365,39676733698.3898,39680050672.86138,19.071169668320948,19.072764017881422,18.344720967189623,18.346253496819415
5.229992168071196,39678255423.91279,39681512759.33574,19.071901106696348,19.07346678992496,18.36194055363947,18.36347420628023
5.293069150161929,39679709179.14012,39683021489.97127,19.07259987421102,19.07419198212835,18.378769117014553,18.380303843417668
5.356906880173848,39681261219.24564,39684578812.97751,19.073345883708914,19.07494053092539,18.395216099633668,18.396752215768142
5.4215145332034815,39682870241.47655,39686186795.22902,19.07411928245184,19.075713429787864,18.411291424491935,18.412828921375475
5.486901395004776,39684526672.69734,39687847632.81898,19.07491546898009,19.076511734298272,18.42700449089202,18.428543355165964
5.5530768633236836,39686244214.700554,39689563662.905106,19.075741029249357,19.077336567843727,18.44236449975279,18.443904715299908
5.620050449248863,39688018709.06271,39691337376.99789,19.07659396445601,19.078189128003128,18.457380487736224,18.45892200951596
5.687831778578659,39689848953.19957,39693171435.987785,19.07747369656132,19.07907069377021,18.47206124698549,18.47360406148627
5.756430593204574,39691750636.93175,39695068687.19469,19.07838776709413,19.079982633748568,18.486415444407474,18.48795951720398
5.825856752511429,39693708703.30973,39697032183.72426,19.079328938723837,19.080926415455583,18.5004515441286,18.501996851426544
5.896120234794399,39695742005.93167,39699065206.54869,19.08030627369261,19.08190361593582,18.5141778325201,18.515724374202623
5.967231138693149,39697846464.02486,39701171289.814545,19.08131781052072,19.0829159339256,18.527602482966348,18.529150237514106
6.039199684643272,39700031413.473816,39703354250.02017,19.08236803662992,19.08396520387754,18.540733505589596,18.542282442071304
6.11203621634521,39702295362.336395,39705618219.7764,19.08345623489762,19.08505341218806,18.553578765030963,18.55512884430552
6.1857512022509145,39704640225.07167,39707967687.07213,19.084583325535004,19.086182716070976,18.566145942126152,18.56769716361203
6.2603552370684294,39707083113.9451,39710407541.21398,19.08575753378864,19.087355465638996,18.57844264459299,18.579994989906872
6.335859043284609,39709612852.97834,39712943126.88189,19.08697348777029,19.088574229886298,18.590476332743936,18.592029791574113
6.412273472706223,39712247696.09034,39715580308.182976,19.088239961478042,19.089841827476903,18.602254331448762,18.603808923897816
6.489609508019627,39714996409.2317,39718325545.02753,19.08956116838703,19.09116136345585,18.61378394556241,18.615339638094163
6.567878264369249,39717852605.08584,39721185984.851555,19.090934038345384,19.092536273336908,18.625072319901214,18.62662909108728
6.647090990955133,39720835637.29847,39724169573.83401,19.09236787395004,19.093970376560662,18.636126504715474,18.637684356209654
6.727259072649714,39723946631.44021,39727285192.89231,19.093863216222044,19.095467941862648,18.646953499206752,18.64851243505743
6.808394031634124,39727208934.32136,39730542825.508804,19.095431287128,19.09703376794144,18.657560276854557,18.65912027079593
6.89050752905422,39730614716.223114,39733953767.15834,19.0970683232055,19.098673284122924,18.66795373321277,18.669514763299343
6.973611366696582,39734190786.00538,39737530889.87921,19.098787210503076,19.10039267752997,18.678140709714665,18.679702786632514
7.057717488684729,39737942065.820435,39741288980.925125,19.10059031492115,19.102199055860165,18.68812806563373,18.689691209555807
7.142837983195795,39741896956.29783,39745245182.68623,19.1024912876143,19.10410065883993,18.697922688272634,18.699486919980725
7.228985084197899,39746061386.90204,39749419574.06072,19.104492978661465,19.106107137668808,18.707531496466476,18.709096854666047
7.3161711732084855,39750477969.074165,39753835953.44855,19.10661586983993,19.1082299313762,18.71696152276943,18.718528035985933
7.404408781073854,39755161381.03793,39758522916.62371,19.10886701644052,19.11048278491556,18.726219958369736,18.727787618432455
7.493710589770156,39760144778.03623,39763515379.44329,19.111262354988337,19.112882481075502,18.73531409707276,18.736882948839103
7.58408943422613,39765476731.22835,39768856794.3439,19.113825231881464,19.115449905869408,18.744251525748105,18.745821646491766
7.67555830416779,39771213079.46797,39774602494.55261,19.116582486835615,19.118211655976577,18.753040246266316,18.754611713042276
7.768130345985381,39777414514.00687,39780824965.84054,19.119563291938608,19.12120257268334,18.761688734594884,18.763261688942126
7.861818864622859,39784191378.01094,39787622622.87834,19.12282068515609,19.124469960359466,18.77020624143671,18.771780886278002
7.956637325490131,39791674276.5794,39795135483.46017,19.12641744363159,19.128081120490226,18.778603170954156,18.780179755545415
8.052599356398389,39800062860.10517,39803575933.50069,19.13044953208204,19.13213813929685,18.786891563612286,18.788470508667835
8.149718749518765,39809689660.85419,39813297845.44168,19.13507678673065,19.136811110452605,18.79508620934233,18.79666829728981
8.24800946336461,39821168453.006836,39824988977.42002,19.140594226608506,19.142430614398382,18.803206945441957,18.804793856414822
8.3474856247977,39835956831.546234,39836699773.031944,19.14770246486189,19.148059569941037,18.811284962181613,18.812860155240894
8.448161531058608,39860722529.756424,39842933838.404884,19.159606439521482,19.151056059504782,18.819397153450083,18.820837338205106
8.550051651821585,39865901785.02644,39843651465.27945,19.162095920050824,19.15140099676669,18.82748698725748,18.828664921341126
8.653170631274223,39855759950.75486,39843123623.33721,19.157221107431127,19.15114728225191,18.835356379118025,18.83630809312942
8.757533290222188,39875805897.03685,39842606685.82755,19.16685646818466,19.150898809103147,18.843096754266547,18.843764236007722
8.863154628219347,39878686478.3201,39842103892.17859,19.168241059336086,19.15065713439624,18.850783701409654,18.851037923758515
8.970049825723585,39866610635.80052,39841584352.75979,19.16243663895891,19.150407410603936,18.858235663718897,18.858133463201096
9.078234246278617,39872023243.11687,39841057850.69891,19.16503828337003,19.150154340121624,18.865473732838776,18.865054940328474
9.187723438722127,39872182894.97994,39840531946.41399,19.165115022241523,19.149901556968572,18.8725718677089,18.87180644300562
9.298533139420517,39858614241.7628,39839996872.73186,19.158593061798868,19.149644366418197,18.879425017092753,18.87839194909224
9.410679274530622,39859357166.37548,39839449370.569725,19.15895015876776,19.14938120194737,18.88604326323275,18.884815268257444
9.524177962288718,39878412186.08538,39838896291.8829,19.168109216987702,19.149115357042984,18.892618063644868,18.891080140714976
9.639045515327101,39854682801.833115,39838339733.4509,19.156703360935136,19.148847839551053,18.899009019698408,18.897190268857088
9.755298443018628,39866800874.12139,39837776323.48812,19.162528079633493,19.14857702877629,18.905183672476227,18.903149259913302
9.872953453849549,39857779555.92093,39837206089.83669,19.15819185852868,19.1483029381014,18.911228947773676,18.90896061672743
9.992027457820912,39868815473.81012,39836627807.212364,19.16349642477928,19.148024978576586,18.91714315515031,18.914627752293743
10.112537568878977,39865205263.65068,39836040444.44297,19.161761127438215,19.14774265455473,18.922959025678633,18.920153985905184
10.234501107374921,39885125601.32629,39835445574.499344,19.171336112681445,19.14745672210596,18.92873077904466,18.925542561388518
10.357935602554209,39878536259.60843,39834844847.50106,19.16816885463901,19.147167974383034,18.934440789726846,18.930796664073025
10.48285879507597,39868803557.58152,39834237061.41496,19.163490697079535,19.146875833612118,18.939922476783625,18.93591940627584
10.60928863956282,39871744232.85919,39833621955.97401,19.164904173238792,19.14658017469227,18.945236052333897,18.940913818283693
10.737243307181362,39867408035.48091,39832997921.402466,19.162819920120956,19.14628022386257,18.95041554545476,18.945782847896517
10.866741188253847,39878577869.35098,39832365469.582344,19.168188854936062,19.14597622716616,18.95551176633034,18.950529366896717
10.997800894901342,39852170421.274025,39831726134.7299,19.155495750543665,19.145668922045264,18.960399204750622,18.955156190714177
11.130441263718758,39874600203.7813,39831079348.592476,19.166276935080468,19.145358035361404,18.965149869426796,18.959666073504565
11.264681358482123,39862008556.84738,39830422399.31085,19.160224586192427,19.145042263622013,18.969842804357636,18.964061685422877
11.400540472888565,39859382929.817825,39829756796.67667,19.158962542321905,19.144722332529277,18.97433824987386,18.968345626663027
11.538038133329287,39892429886.232635,39829085644.35286,19.174847018035038,19.144399733901633,18.97890162354116,18.97252046213857
11.677194101695985,39857550744.48654,39828406803.59308,19.1580818771547,19.14407343972112,18.983344132124042,18.976588701310888
11.818028378221166,39860647089.58217,39827716571.09791,19.159570178160504,19.14374166994576,18.98750171799589,18.980552760870363
11.960561204352672,39850004103.939575,39827016396.60854,19.154454480217463,19.14340512141368,18.99151736452864,18.984414987595997
12.104813065662881,39832978422.604904,39826309080.21083,19.146270851496396,19.143065140024774,18.99528011293897,18.988177696911542
12.250804694792999,39861944589.49135,39825593359.978516,19.160193839399877,19.142721119216777,18.999023272658828,18.991843158003697
12.39855707443289,39844828544.82382,39824866547.37227,19.151966776295684,19.142371766706155,19.002743650759466,18.995413563755854
12.548091440336803,39854805514.2425,39824129730.120316,19.156762344348376,19.142017605324494,19.006336162002537,18.99889104611211
12.699429284375467,39888985532.30334,39823384992.641716,19.17319144178013,19.141659636976577,19.010095811434905,19.00227770460286
12.852592357625056,39872721175.45537,39822630776.09816,19.165373754181356,19.14129711238526,19.013866676225366,19.005575591885155
13.007602673493352,39877776429.32037,39821866916.32898,19.167803631723917,19.14092995264445,19.017485106689136,19.008786702221915
13.164482510883603,39869639734.418335,39821093467.911606,19.16389261701702,19.140558183987544,19.02099981442043,19.01191298201194
13.32325441739661,39866483184.88,39820309979.92394,19.162375377914888,19.140181589672615,19.024367119883525,19.014956329266347
13.483941212571365,39868890369.46178,39819516349.787605,19.163532424407954,19.139800120393943,19.027650570940438,19.01791859388931
13.646565991164776,39852539598.05329,39818712707.81845,19.15567320045798,19.139413838789643,19.03077619766323,19.02080158212332
13.811152126471006,39854347468.80974,39817899114.29529,19.1565421784892,19.13902277383356,19.033745586732877,19.023607058500588
13.977723273680795,39855076061.73188,39817074810.449585,19.15689238673323,19.138626560813126,19.03665903117729,19.026336741743336
14.146303373281274,39862509802.501465,39816239460.909134,19.16046551683423,19.138225038527057,19.039550155209614,19.0289923036387
14.316916654496875,39870816926.83703,39815393882.208435,19.164458450800613,19.137818599453933,19.04246243994759,19.03157537914519
14.489587638771654,39859029618.884964,39814537498.797066,19.158792718545648,19.137406966947502,19.04528522582894,19.034087565810843
14.664341143293623,39859953578.57678,39813670054.828094,19.159236832523963,19.136990018031398,19.047979713956284,19.036530418611964
14.84120228456165,39848628004.95426,39812792108.493835,19.15379303924733,19.13656802100847,19.05055072108316,19.038905457433962
15.020196481995317,39849150524.889275,39811901393.75257,19.154044195665886,19.13613988667448,19.052999709395955,19.041214156332767
15.201349461588306,39859244410.81706,39810998668.21001,19.15889596125236,19.135705979183076,19.05545145214225,19.043457945955588
15.384687259605924,39872027482.9499,39810085461.57514,19.165040321304293,19.13526703381,19.05797545944588,19.045638236105138
15.570236226327143,39851754284.9012,39809160406.00621,19.155295728852575,19.134822393083223,19.060395892308932,19.047756404006122
15.758023029831811,39860964959.4012,39808223464.86975,19.159722966676245,19.13437203939437,19.062696998249756,19.049813786302842
15.948074659833509,39835271982.78794,39807274081.55958,19.14737328285397,19.133915705203,19.064848547142724,19.051811684576506
16.14041843155869,39871307779.62776,39806312299.44125,19.164694385969202,19.13345341135336,19.067010119713853,19.053751366669694
16.335081989672556,39857729045.15773,39805338549.29009,19.158167579833204,19.132985364903558,19.06924665551871,19.055634073100425
16.532093312252265,39863284447.754944,39804352196.736,19.16083786076693,19.132511260934844,19.071385172845755,19.057461013801046
16.731480714808132,39846013875.97382,39803352718.89402,19.15253652207281,19.13203084811536,19.07340554089734,19.05923336345295
16.933272854353273,39848926993.96667,39802340425.37094,19.15393675244277,19.131544275261867,19.075296981881706,19.060952267721255
17.13749873352231,39851677378.85681,39801315284.72801,19.155258762900885,19.13105152726291,19.07717585306846,19.06261884670046
17.34418770473983,39855311757.726166,39800276054.86444,19.157005677265946,19.130552007085587,19.07904659476572,19.064234186655277
17.553369474439055,39866649646.23982,39799223101.952774,19.162455389864977,19.130045890735794,19.080958528652562,19.065799343182327
17.765074107331372,39852206262.609825,39798156939.89906,19.155512978176397,19.129533425229564,19.082806603128464,19.067315351885362
17.979332030727445,39867388555.2033,39797076903.419914,19.162810556656655,19.129014290789254,19.08461611180928,19.068783222930673
18.196174038910378,39856126353.31,39795982651.54877,19.157397223876323,19.128488323524582,19.086404168012905,19.070203936833472
18.415631297561585,39866593850.16515,39794874063.12727,19.162428570711594,19.12795546519911,19.08814607863704,19.071578448255035
18.637735348240156,39857880373.05295,39793751020.94006,19.158240317674657,19.12741565947166,19.089856052831887,19.07290768788187
18.862518112916142,39861425197.304955,39792613219.70203,19.159944186376865,19.126868759602722,19.09149650329922,19.074192561938744
19.090011898558522,39844486985.22858,39791460644.37802,19.151802600962043,19.126314758365456,19.093021128954103,19.075433953366396
19.320249401778593,39865860416.03998,39790293006.20497,19.16207603547651,19.1257535169619,19.094536194740616,19.076632722447968
19.553263713529255,39857375657.31663,39789109850.47084,19.157997719089938,19.125184816828437,19.096087733561053,19.07778970484603
19.789088323861044,39874064791.38223,39787911095.71776,19.16601958172112,19.124608618811216,19.09765008767281,19.07890571338465
20.027757126735455,39869453601.96936,39786696740.164764,19.16380314988643,19.1240249220542,19.099243470359426,19.07998154115941
20.269304424896426,39935050348.53391,39785466500.60694,19.195333131485523,19.12343359043103,19.10114874439564,19.081017960843745
20.513764934800466,39848784331.24461,39784219901.411606,19.153868179636394,19.122834395322297,19.10288600736831,19.082015722477784
20.76117379160629,39844580542.95644,39782956819.15684,19.15184757077522,19.122227277403546,19.10406978688412,19.08297555493291
21.011566554224647,39855546624.92234,39781677066.92076,19.157118569425414,19.121612146828202,19.105264542070152,19.083898168043024
21.264979210429043,39866389304.59516,39780380357.4906,19.16233025306025,19.12098886554348,19.10655516390857,19.08478425212169
21.52144818202804,39858088603.0234,39779066603.3065,19.158340406283937,19.12035739146253,19.10782902899033,19.085634479000596
21.78101033010006,39879882959.694855,39777735512.817474,19.168816164622633,19.119717584447336,19.109150572503776,19.086449502428973
22.043702960291224,39855361990.2489,39776386742.590225,19.157029822221308,19.119069279421954,19.110423700496234,19.08722995705025
22.309563828177094,39856051091.94504,39775020063.92592,19.1573610484625,19.11841236645913,19.11153183012871,19.087976459218282
22.578631144689147,39876433741.122574,39773635366.444374,19.167158250109935,19.1177467925031,19.112734358622944,19.08868960875775
22.85094358160664,39837197822.42174,39772232121.808495,19.14829896425429,19.117072303601358,19.11379901377721,19.089369987631354
23.126540277114675,39844595280.40513,39770810083.83192,19.151854654533334,19.116388781421023,19.11465875216382,19.09001815961365
23.405460841429427,39862374569.806915,39769369265.2363,19.16040051537312,19.115696232076935,19.115641829845675,19.09063467380187
23.687745362491093,39828102619.49336,39767909192.303246,19.143927229435256,19.114994427869814,19.116505932696676,19.09122006364268
23.9734344117255,39862077609.912544,39766429600.371376,19.160257777501265,19.11428324158651,19.117350201824475,19.091774845747324
24.26256904987534,39867952764.44152,39764930322.305664,19.163081751614193,19.11356259289127,19.11840041211128,19.092299522032324
24.555190832901552,39874235222.41792,39763411017.722824,19.166101501750703,19.112832318174167,19.11949497908145,19.092794579627235
24.851341817956033,39859485839.5908,39761871375.84856,19.15901200732464,19.112092268057243,19.120514686218,19.09326049041403
25.15106456942623,39834848505.798965,39760311039.964615,19.147169732794413,19.111342271078954,19.121285633444295,19.09369771129274
25.454402165052805,39865776942.81042,39758729752.4299,19.162035912916625,19.110582203400543,19.122076032886497,19.094106684843936
25.76139820212097,39837589471.7745,39757127427.41552,19.14848721592122,19.109812023767176,19.122861295483546,19.094487841212814
26.072096803726463,39876269718.03401,39755503710.59363,19.167079410148578,19.10903156186628,19.123689980747155,19.094841597838304
26.38654262511724,39804463946.47286,39753857687.86148,19.132564974988234,19.108240378321756,19.124306648876995,19.095168355028044
26.70478086011153,39872471324.148254,39752189402.214775,19.165253659702156,19.107438493800075,19.124891851229805,19.09546849867834
27.02685724759327,39839916571.52307,39750499045.64364,19.14960576853388,19.106626000583947,19.125661620341496,19.09574240688601
27.35281807808605,39825500511.95639,39748785768.955055,19.14267649053346,19.105802490497023,19.126146324547538,19.095990445012475
27.68271020040616,39840148566.58591,39747049003.577484,19.149717280162815,19.10496769024755,19.126621858160778,19.096212961700093
28.016581028395926,39847680501.05989,39745288768.74847,19.1533376084231,19.104121609082313,19.12721217313975,19.09641029422347
28.354478547738374,39826056467.886894,39743504845.965164,19.142943718424732,19.10326414197491,19.12770726850231,19.096582770723845
28.696451322853907,39841312586.95528,39741696718.26565,19.150276782619102,19.102395040440456,19.128155634673554,19.096730707370387
29.042548503880234,39861358783.21644,39739864056.3642,19.159912263528575,19.101514146203222,19.12879454933612,19.096854408029586
29.39281983373656,39842500932.737946,39738006479.202835,19.150847977421027,19.10062127610243,19.12942376547971,19.096954165322423
29.747315655272857,39870350075.657196,39736123599.627686,19.16423405233757,19.09971624404723,19.130090863939124,19.097030260562832
30.10608691850536,39850198319.81648,39734215049.28543,19.154547832759256,19.09879887298351,19.130784347462114,19.09708296409878
30.469185187939466,40030155437.55142,39732280486.39952,19.24104670515722,19.097868998631665,19.132378145478114,19.097112535830725
30.8366626499808,39884543969.31947,39730319523.010635,19.171056543229717,19.096926434513684,19.13411863231394,19.09711922534497
31.208572120435743,39818285345.9209,39728331655.11983,19.13920842139516,19.09597093837552,19.134614226615998,19.097103271232037
31.58496705210235,39836455722.45355,39726316650.64367,19.14794226366216,19.09500239866307,19.134827151648647,19.097064902247894
31.965901542452947,39876759727.07015,39724274154.921684,19.167314939754878,19.09402064490388,19.135368734393374,19.097004338383826
32.35143034140928,39807629198.51152,39722203299.09636,19.134086397067257,19.09302525946959,19.13572961591748,19.096921787435022
32.74160885921138,39850119005.39106,39720103877.49622,19.154509709185984,19.09201614350138,19.135934067714427,19.096817446177994
33.13649317438156,39846949438.48467,39717975748.588066,19.152986213106235,19.090993228969353,19.136356002556425,19.096691504752524
33.53614004178425,39828189394.95057,39715818287.09881,19.143968939256435,19.08995621532737,19.136642544048556,19.09654414441099
33.94060690078302,39844552135.68994,39713631044.44099,19.1518339164305,19.088904886955678,19.136909845620146,19.0963755360032
34.34995188349621,39844054841.28139,39711413581.03507,19.151594885009395,19.087839032564315,19.13726057505581,19.096185841274377
34.764233823151955,39852299224.45701,39709165436.46278,19.1555576615713,19.08675843084687,19.137647404531766,19.09597521301252
35.1835122625439,39812853146.20799,39706886132.15599,19.136597359628215,19.085662851772973,19.13784578253296,19.095743795038693
35.60784746258914,39866421944.9879,39704575198.9059,19.16234594211552,19.084552069810936,19.138123048473304,19.09549172237036
36.03730041098919,39836636871.533714,39702232155.083374,19.14802933546775,19.083425853459072,19.13852632259237,19.095219121411795
36.4719328309954,39840138912.359055,39699856506.02261,19.149712639725433,19.082283964949433,19.138771525746968,19.09492611001315
36.91180719028024,39831381344.880486,39697447750.62898,19.14550319404537,19.08112616342397,19.138980576771914,19.094612797562544
37.356986709915475,39838445446.522125,39695005403.83887,19.148898651997786,19.07995221573016,19.13917557258663,19.094279285241946
37.807535373458514,39826927397.69813,39692528945.47385,19.143362342859028,19.078761871837063,19.139339954091827,19.093925666111208
38.26351793614863,39836099898.33343,39690017856.93515,19.147771231887756,19.077554882473027,19.139487791976173,19.09355202511079
38.724999934213855,41174476584.46768,39687471616.22453,19.791080458282753,19.07633099673239,19.147350293983862,19.093158439243613
39.19204769429011,39771019213.58895,39684889604.19689,19.11648930252514,19.07508991701451,19.154562377611278,19.092744977187383
39.66472834295417,39799893917.68033,39682271270.72466,19.130368327573805,19.073831378892983,19.15382575328725,19.092311699337365
40.143109816371364,39865859455.06746,39679616120.68065,19.162075573571805,19.072555144378086,19.153647857004376,19.09185865870824
40.62726087005974,39814309672.64189,39676923567.3979,19.13729745916157,19.071260931480257,19.153552246353016,19.091385900895943
41.11725108877194,39817963303.58975,39674193031.62164,19.139053627303884,19.069948461772686,19.153188069432904,19.09089346377779
41.61315089649633,39812298375.344986,39671423935.427,19.136330701355995,19.068617457467813,19.15282075036071,19.090381377744876
42.11503156657874,39818035538.34157,39668615637.801674,19.139088347934322,19.06726761045422,19.15246293418673,19.08984966552566
42.62296523196612,39815203907.72414,39665767535.36948,19.13772728559604,19.065898630710826,19.15212984665437,19.089298342225966
43.13702489557402,39843031256.69608,39662879022.651024,19.15110288495101,19.064510227205602,19.1519480199003,19.088727415710586
43.65728444077888,39834432231.343544,39659949446.47149,19.146969644732017,19.06310208598105,19.151878741725366,19.08813688648969
44.18381864203688,39807927243.91077,39656978161.58026,19.13422965670201,19.061673896888564,19.151610615252395,19.08752674766856
44.71670317563108,39815141083.00012,39653964515.21423,19.137697088025337,19.060225346168544,19.151240150271345,19.086896985124792
45.25601463054789,39753553420.647156,39650907827.67488,19.10809412808571,19.058756107114515,19.150566515337825,19.08624757748279
45.80183051948482,39833068466.96459,39647807422.38587,19.14631413256067,19.057265854520722,19.150015732481283,19.085578496150973
46.35422928999115,39816312631.170715,39644662636.09532,19.13826020882318,19.055754269585993,19.14983205714039,19.084889705586786
46.91329033574276,39792721486.65671,39641472743.73344,19.126920799608786,19.05422100379553,19.149422768722538,19.08418116318265
47.479094007952895,39768787559.04202,39638236962.29958,19.115416626965978,19.05266568078926,19.148752562710126,19.08345281875169
48.05172162692088,39827471053.91929,39634954607.79126,19.143623658725243,19.05108797179195,19.148298915136234,19.08270461494647
48.631255493719785,39839960297.08766,39631624981.93047,19.149626785829998,19.049487541166645,19.148259688616385,19.08193648790715
49.21777890202509,39832381757.05413,39628247285.73308,19.14598405596427,19.04786400487058,19.148248667544394,19.08114836675818
49.811376150086275,39790587810.52816,39624820746.483345,19.125895218728715,19.04621699148728,19.147955618154224,19.08034017335497
50.41213255284251,39793853176.24247,39621344588.658264,19.127464761827703,19.04454612825091,19.14745167189685,19.079511822588714
51.02013445418457,39806263946.307106,39617818005.19478,19.133430169752064,19.042851027235464,19.147049235400385,19.07866322235485
51.6354692393646,39838032636.78677,39614240172.320114,19.14870022930091,19.041131292483197,19.146908547149874,19.077794273444546
52.2582253475557,39849707588.999,39610610278.84017,19.154311956218795,19.039386534082464,19.14701786970211,19.07690486969051
52.8884922845628,39910826146.1405,39606927484.44049,19.183689434263965,19.037616348124523,19.147540768170362,19.07599489803624
53.526360635686835,39769732739.4374,39603190898.89143,19.115870940968346,19.03582030670821,19.147589008487227,19.075064238248505
54.171922078744295,39786968700.89533,39599399644.251884,19.124155643732934,19.033997987839015,19.146936278681114,19.074112762875274
54.825269397243595,39862305945.549866,39595552819.38644,19.16036753017682,19.032148958373764,19.14682809813796,19.073140337353404
55.48649649372027,39856250736.354324,39591649521.75086,19.157457010303304,19.030272784492116,19.14711418713888,19.072146820037783
56.15569840323338,39816725966.50796,39587688868.71017,19.138458884157856,19.02836904194338,19.14713282833964,19.0711320624752
56.83297130702432,39814385522.045425,39583669912.484055,19.13733391722425,19.02643727516388,19.146913920957033,19.070095909305152
57.51841254634043,39848630119.949684,39579591679.86988,19.15379405584907,19.024477016370323,19.146883107367426,19.06903819790916
58.21212063642555,39815856641.89234,39575453185.57725,19.138041031282988,19.02248779196929,19.14685911286928,19.0679587583696
58.91419528067912,39788546021.86758,39571253415.90195,19.124913804828346,19.020469114709854,19.14649376087272,19.066857413411476
59.6247373849859,39806462120.425804,39566991370.3644,19.133525424877405,19.01842050369771,19.146085116914207,19.06573397849167
60.34384907221895,39765556700.868835,39562666027.18325,19.113863670392902,19.016341467799528,19.145553248144218,19.064588261923937
61.07163369691718,39772877809.038666,39558276326.50141,19.11738266208028,19.014231497580383,19.144844400803645,19.06342006470952
61.808195860139854,39847628964.73204,39553821188.36571,19.153312836775818,19.012090073945874,19.144621959402464,19.062229180379724
62.553641424500675,39976245335.36076,39549299523.21187,19.21513407047489,19.0099166731819,19.145564579376746,19.06101539500418
63.308077529382736,39793781349.87462,39544710225.04536,19.12743023749265,19.00771076367691,19.14616764722825,19.059778487219052
64.07161260633724,39771184889.087524,39540052152.398575,19.116568936740173,19.005471796768763,19.145594291406344,19.058518228106994
64.84435639466776,39799057553.18412,39535324138.72931,19.129966317435244,19.003199211742835,19.145066284065035,19.057234381031716
65.62641995720267,39759638520.79989,39530524997.70649,19.111019015460354,19.000892438372727,19.14448274570317,19.055926701565554
66.41791569625771,39791017894.12823,39525653558.33458,19.126101944347077,18.998550913803268,19.14386967181164,19.054594937649963
67.21895736979077,39797375451.98022,39520708601.66518,19.129157792275315,18.996174052130087,19.1434851387841,19.053238829588384
68.02966010775216,39731968499.686386,39515688853.95206,19.097719037911972,18.993761241109482,19.142771045771866,19.051858109641913
68.85014042863149,39791228470.05449,39510593046.37587,19.126203160572395,18.99131187086592,19.142043125544316,19.050452501937954
69.68051625620426,39804355536.77002,39505419875.262344,19.132512866368298,18.98882531477037,19.141743040563377,19.049021722491116
70.52090693648064,39785824780.6891,39500168011.081474,19.123605802697483,18.98630093376588,19.141418216618252,19.04756547905008
71.37143325485853,39788151280.36893,39494836139.916626,19.124724066878816,18.98373809630029,19.14100953489451,19.046083471236496
72.23221745348323,39775299322.01892,39489422908.09407,19.118546595715834,18.981136151711638,19.140550086695026,19.044575390598208
73.10338324881701,39849001002.95088,39483926894.67369,19.153972325882503,18.978494417005447,19.140450949536792,19.043040920190172
73.98505584942022,39899704690.541046,39478346672.76991,19.178343753132342,18.975812206329465,19.14106172703435,19.04147973436093
74.87736197394675,39873760245.53362,39472680800.631744,19.16587319755566,18.973088826686187,19.141796394583523,19.039891498840074
75.78042986935695,39775789654.37912,39466927786.728004,19.118782280732304,18.970323561150558,19.141805639336976,19.03827587057317
76.69438932934987,39669833091.990204,39461086105.740814,19.067852796613177,18.967515676557493,19.1406532531328,19.036632497454594
77.61937171301778,39749612685.89993,39455154237.382645,19.106199959539644,18.964664442159805,19.139385459367027,19.034961018379523
78.55550996372601,39745609391.04919,39449130618.793465,19.104275720616368,18.961769106747248,19.138576304513606,19.03326106324183
79.50293862822011,39844628434.25959,39443013629.86823,19.15187059039107,18.958828891593974,19.138330845648433,19.031532252578426
80.4617938759637,39754290047.515335,39436801652.62616,19.108448197956786,18.95584301899519,19.13813416607525,19.02977419747915
81.43221351870939,39806788257.20573,39430493028.223434,19.133682187022,18.952810691604718,19.137731563311306,19.027986499588526
82.41433703030589,39742013082.384,39424086041.98745,19.102547105220385,18.949731085241506,19.13726459264561,19.026168750778492
83.40830556674398,39700519002.61769,39417578972.046555,19.0826024030816,18.94660337226418,19.136204394184286,19.024320533022706
84.41426198644395,39750747628.24529,39410970067.69621,19.106745485242357,18.943426711172435,19.135222177799726,19.02244141842516
85.4323508707883,39768667256.42301,39404257526.742584,19.11535880185174,18.940200235716937,19.134650158026776,19.0205309689959
86.46271854490156,39743449805.89522,39397439509.567184,19.10323768620563,18.936923061659666,19.134048665132617,19.018588736384334
87.50551309868081,39716594597.69237,39390514147.97422,19.090329359728763,18.933594291026534,19.13316487064327,19.016614261749275
88.56088440808018,39718514221.397896,39383479532.17316,19.09125205335737,18.930213005850355,19.132161016368958,19.014607075607394
89.62898415665175,39694903828.6806,39376333682.094086,19.079903392228406,18.9267782543832,19.131056568940515,19.01256669744744
90.70996585734608,39714516804.21944,39369074596.90979,19.089330639618403,18.92328907489986,19.12995700220291,19.010492635474815
91.80398487457624,39606164511.10402,39361700305.68846,19.03724961445983,18.91974452004475,19.12837384652675,19.00838438693267
92.91119844654749,39701025315.95795,39354208778.86574,19.082845769576707,18.916143614279747,19.126758315244988,19.00624143819495
94.03176570785615,39765753855.880974,39346597883.233185,19.11395843567061,18.912485332248778,19.12608871500863,19.004063264098434
95.16584771236167,39663440799.34704,39338865444.17115,19.064780252928152,18.908768628690897,19.12521527543483,19.001849327392193
96.31360745633391,39661919644.130135,39331009267.735794,19.064049088678242,18.904992449056707,19.123774748369314,18.999599078678973
97.47520990187972,39745304624.593994,39323027124.57497,19.10412923041331,18.901155721777336,19.1228373716797,18.99731195639073
98.65082200065248,39732701435.79853,39314916736.03035,19.09807133377022,18.897257351584212,19.122321950972395,18.994987386594158
99.84061271784705,39762129612.47046,39306675763.3848,19.11221639305373,18.89329621434066,19.121915975719578,18.992624782660567
101.04475305648423,39765665684.85339,39298301828.34602,19.11391605504927,18.88927116688766,19.121706429949402,18.990223545000067
102.26341608198875,39618921393.755264,39289792512.821365,19.043381386175973,18.885181046935607,19.120681307344423,18.987783060916644
103.49677694706244,39765440584.63117,39281145341.907135,19.113807857520637,18.881024664887885,19.11968919915659,18.98530270436803
104.74501291685849,39703164623.0085,39272357792.07886,19.083874057037157,18.876800807777624,19.119193141503654,18.98278183568184
106.00830339445916,39769150424.37172,39263427286.43641,19.115591043194947,18.87250823698221,19.118734337366742,18.980219801297583
107.28682994666,39674961537.24287,39254351186.36632,19.0703178546064,18.868145684215666,19.118120350986477,18.977615933440088
108.58077633006585,39619583386.14679,39245126798.90575,19.043699581955746,18.86371185506823,19.116670616962264,18.974969549795702
109.89032851750162,39665529330.86025,39235751397.757706,19.06578413442578,18.859205439107633,19.115204981964816,18.972279953358196
111.21567472474072,39710711944.34343,39226222190.88405,19.087501781204523,18.854625094302197,19.11429292068113,18.969546432211605
112.5570054375567,39744510643.66467,39216536315.03261,19.10374759252115,18.849969444390254,19.113851790362872,18.966768259103457
113.91451343910114,39661633105.82688,39206690859.50175,19.063911360088,18.845237090302888,19.11313767938494,18.963944691133328
115.28839383761098,39646250652.62565,39196682852.667786,19.056517571649017,18.84042660368816,19.111883308726306,18.961074969506022
116.67884409445062,39605763841.26918,39186509247.17557,19.03705702697369,18.835536519792758,19.11033968592991,18.958158319129527
118.08606405249265,39662874390.013435,39176166939.68531,19.064508000464404,18.830565346953584,19.10893061911241,18.955193948251875
119.51025596483952,39807228409.70273,39165652789.59924,19.133893752394645,18.82551157559897,19.10870503091661,18.95218104832551
120.95162452389278,39716834413.949425,39154963557.80461,19.090444630722647,18.820373648804665,19.10878401792264,18.949118793630088
122.410376890773,39854032251.09448,39144095921.83206,19.156390664743746,18.815149969579917,19.109135397386698,18.94600634064423
123.88672272509324,39607457135.77774,39133046545.139145,19.037870932349993,18.80983893416955,19.108842571309868,18.942842827914948
125.38087421509283,39691756538.41304,39121811997.67218,19.078390603722568,18.804438893870923,19.107643995073914,18.93962737586712
126.89304610813464,39691198378.52855,39110388747.106186,19.07812231647039,18.798948150823275,19.10694773272066,18.936359086117825
128.42345574156886,39582505561.38428,39098773217.2923,19.025877613737457,18.7933649861013,19.105642212055717,18.933037041092057
129.97232307397022,39625684961.43366,39086961746.32713,19.046632388331002,18.78768763956059,19.103999778552318,18.929660303738167
131.53987071675215,39638513799.46713,39074950584.73849,19.052798746394735,18.78191430896559,19.10271412627819,18.92622791700239
133.12632396616075,39618404768.16237,39062735913.40412,19.04313306295431,18.776043158602477,19.101416356592665,18.922738903408103
134.731910835656,39481198689.793846,39050313841.09116,18.97718306767541,18.770072318096464,19.099249601469783,18.919192264732494
136.3568620886835,39567184668.747986,39037680391.9786,19.01851341523367,18.76399987641431,19.09685015647052,18.91558698160537
138.00141127184006,39648052402.74076,39024831493.419334,19.057383607709504,18.757823875981977,19.095457431102087,18.911922012976802
139.66579474844085,39571263707.052475,39011762986.64733,19.020474061293395,18.751542317831174,19.094115546661257,18.908196295589523
141.35025173249107,39542470173.15831,38998470623.73244,19.006634051820324,18.745153160135636,19.092205918039515,18.904408743506806
143.05502432306622,39597825379.772385,38984950070.08199,19.033241295889027,18.73865431941358,19.090495643265843,18.900558247648824
144.78035753910876,39524235564.25339,38971196906.80173,18.99786933537706,18.732043671662485,19.08871766114068,18.89664367536753
146.5264993546428,39613350364.14935,38957206605.74596,19.040703593904837,18.725319040366628,19.087075753324307,18.892663869902115
148.2937007344144,39449814020.848816,38942974537.5954,18.96209759337743,18.718478200379806,19.085040373926237,18.888617649752437
150.0822156699622,39535644862.461464,38928495987.07313,19.003353372031306,18.711518885239087,19.08261928044274,18.884503808200144
151.8923012161215,39571833443.53314,38913766130.34378,19.0207479129963,18.70443877630142,19.08094861822367,18.880321112797795
153.72421752796987,39536483022.6209,38898780033.40982,19.003756245280183,18.69723550197279,19.079319867740676,18.87606830473303
155.57822789821867,39403573049.981476,38883532662.73859,18.939871232514598,18.689906642816254,19.07676831889122,18.871744098259573
157.45459879505376,39428608154.72636,38868018874.511826,18.951904701143423,18.682449726384572,19.073668383545098,18.867347180140253
159.35359990043426,39455713099.182724,38852233405.831985,18.964933066797393,18.6748622229934,19.07093884171536,18.862876208992052
161.2755041488532,39553042859.62323,38836170876.57663,19.01171595949335,18.66714154661263,19.06898488228206,18.858329814607497
163.22058776656405,39523160913.69513,38819825794.5652,18.997352789753965,18.659285057349877,19.067456914523202,18.85370659733224
165.189130311282,39362837636.4833,38803192546.490585,18.920291193788668,18.651290057091597,19.064877686905685,18.849005127434644
167.1814147123639,39506928196.39132,38786265389.07795,18.989550310138778,18.643153785253478,19.062277528140743,18.844223944388393
169.1977273114714,39464924891.63307,38769038459.934715,18.969360841979327,18.634873423995614,19.060313894277492,18.839361556184148
171.23835790372596,39286853441.44591,38751505776.120544,18.883768341714084,18.62644609753515,19.057139056306497,18.83441643871076
173.30359977936027,39378220854.70813,38733661211.45337,18.9276853499468,18.617868861238133,19.05355494841653,18.829387035013102
175.3937497658705,39473581134.49643,38715498488.85154,18.973521584584606,18.609138697938622,19.051119098219285,18.824271754395063
177.5091082706783,39331406690.34221,38697011206.658714,18.90518347571769,18.600252530592144,19.048466295741278,18.81906897165135
179.64997932430765,39340134503.8387,38678192831.20611,18.909378619735598,18.59120721870062,19.04512166239555,18.81377702642384
181.81667062408056,39396452838.41023,38659036667.11164,18.936448804550096,18.581999544036247,19.042228259471763,18.80839422236093
184.00949357834142,39393065349.404625,38639535865.461105,18.934820561205605,18.57262621457388,19.039702751239233,18.802918826175638
186.22876335121506,39372451956.03766,38619683430.19473,18.9249124491788,18.56308386756083,19.037099830440873,18.79734906680881
188.4747989079024,39301808709.63756,38599472213.118416,18.890956797782227,18.553369067118947,19.034037264436343,18.791683134619788
190.74792306052458,39348176787.22654,38578894903.409424,18.913244254245136,18.543478299200373,19.03091302950395,18.785919180507918
193.04846251451977,39319499898.973236,38557944011.3891,18.899460312109284,18.533407963787695,19.02796098373094,18.780055314902466
195.37674791559772,39284053157.76687,38536611879.08917,18.882422346714385,18.52315437997277,19.024713533071846,18.774089606745182
197.73311389726268,39368640741.87308,38514890697.77187,18.923080536488417,18.51271379437801,19.02182691981617,18.76802008265714
200.11789912890913,39314535378.10323,38492772469.61736,18.897074046633062,18.50208236274092,19.019177524482892,18.761844726004995
202.53144636449608,39180066834.92926,38470249002.94107,18.832439885428737,18.49125614761526,19.01551443563153,18.75556147574511
204.97410249181,39180175437.686584,38447311936.797165,18.832492086842972,18.480231130197012,19.01117769393857,18.749168225409008
207.44621858232193,39302190854.90748,38423952706.00551,18.89114048118056,18.46900319351413,19.007643219205,18.742662822051695
209.94814994164432,39293742193.759056,38400162539.61485,18.887079515591594,18.457568121687835,19.00483466669197,18.736043065018183
212.48025616059775,39249152804.20737,38375932480.29318,18.86564701008317,18.445921609252874,19.00178942734667,18.72930670484166
215.04290116689413,39233049034.76608,38351253363.07312,18.85790651103784,18.43405925094117,18.998471727043544,18.722451442155663
217.63645327744084,39222698603.85026,38326115819.48347,18.852931433562045,18.421976543667753,18.995082197977638,18.71547492653548
220.26128525127794,39160379409.582855,38300510258.60958,18.82297685271118,18.409668877427116,18.991357426158324,18.70837475528189
222.91777434315375,39151901558.42638,38274426850.24751,18.81890185654196,18.39713152719606,18.987319627669045,18.70114847202995
225.60630235774448,39107117103.820854,38247855546.141396,18.79737559032313,18.384359663141712,18.983072982839204,18.69379356541714
228.32725570452996,39220406852.209015,38220786064.01507,18.851829871505046,18.371348342946128,18.97932240552683,18.686307467811776
231.08102545333108,39022488046.43031,38193207878.997375,18.756697465842574,18.358092507684713,18.975168195723217,18.678687553931997
233.86800739051486,39221116408.39868,38165110233.87454,18.852170929480867,18.344586986754205,18.9711299809335,18.670931139507726
236.68860207588085,39137165595.8956,38136482109.07728,18.811818812766564,18.33082648344653,18.967830755896617,18.663035479860437
239.54321490022994,39045118653.02751,38107312215.3622,18.767575179249956,18.31680557143104,18.96360730671518,18.654997768304746
242.4322561436301,39162664112.19159,38077588999.17561,18.824075026553412,18.30251869733269,18.959636257843496,18.646815134577203
245.35614103438468,39152366136.67186,38047300622.41598,18.819125162487737,18.287960171004592,18.95636558259765,18.638484643216767
248.31528980870976,39101170358.582634,38016434983.45853,18.794517205147717,18.273124175633768,18.95282086080788,18.63000329198947
251.31012777113347,39100415621.78998,37984979719.2966,18.79415443049149,18.258004768770437,18.949066040714236,18.621368010481735
254.3410853556237,39042224697.777275,37952922150.09325,18.766184159716712,18.242595855675965,18.94506258844475,18.6125756584215
257.408598187451,38952523960.74449,37920249274.97437,18.723068262417055,18.226891187300776,18.94031083041277,18.603623023701193
260.5131071457995,38913985932.935455,37886947788.40675,18.70454442745081,18.210884368156684,18.93494321843217,18.594506820517548
263.6550584271334,38963469366.65793,37853004065.32294,18.728329322837265,18.194568849166966,18.929768100940628,18.585223687563
266.8349036093247,38944512251.43288,37818404157.99034,18.71921732375924,18.177937926161455,18.924887068947505,18.575770186157808
270.05309971655794,38996652739.153496,37783133773.92082,18.74427936882242,18.16098472925846,18.92031304647883,18.56614279828213
273.31010928501604,38858969148.98862,37747178271.899185,18.67809985090801,18.143702220955813,18.915353838803338,18.556337924507016
276.6064004293574,38846468341.7377,37710522666.154434,18.67209116536737,18.126083198135856,18.909661262266855,18.54635188197577
279.9424469099964,38920532825.02927,37673151598.68097,18.70769128149556,18.10812027876123,18.904457044520672,18.536180902298263
283.3187282011958,38825114293.93238,37635049330.82894,18.6618270475623,18.089805897832658,18.89924875186726,18.52582112929024
286.7357295599775,38928843824.75865,37596199736.6133,18.711686078223472,18.071132304172853,18.894217971882917,18.51526861668031
290.1939420958668,38788557675.622406,37556586290.20753,18.64425560441909,18.052091554415217,18.889089902321675,18.504519325761784
293.69386284147885,38610231487.895676,37516192066.60487,18.55854066103958,18.032675513321653,18.88226788307399,18.493569123033033
297.2359948239523,38687034052.253586,37474999722.16616,18.59545687362316,18.012875844432617,18.87503813261563,18.482413777786224
300.8208471372484,38571637549.80928,37432991469.86181,18.539989952026854,17.992683998166843,18.86775335835453,18.471048959501157
304.44893501532135,38586798178.04437,37390149082.50223,18.54727711723424,17.972091213374085,18.860074897035926,18.45947023517927
308.1207799061689,38461563100.046555,37346453881.49542,18.487081148506636,17.9510885119313,18.85194680835653,18.447673066694716
311.836909546778,38633699674.58823,37301886703.22994,18.56982096888003,17.92966668258415,18.84428849008081,18.435652807951936
315.5978580389755,38587372062.039536,37256427903.49297,18.547552962497235,17.907816283070616,18.837520497613315,18.423404701945728
319.4041659261899,38360108691.319885,37210057359.51807,18.438315686683755,17.88552764110527,18.82934887788234,18.410923877927566
323.2563802711419,38365342968.796074,37162754437.10985,18.440831614395908,17.862790838577315,18.820114583750293,18.398205348462476
327.15505473447257,38495850283.62146,37114497950.81204,18.50356175652182,17.83959569240479,18.811876240248793,18.385244006141303
331.100749654316,38312761959.27678,37065266179.86301,18.415557826450133,17.815931762203824,18.803522984150057,18.372034620236864
335.0940321268354,38584773186.283806,37015036853.591354,18.546303776995696,17.791788343268838,18.79588948173552,18.35857183344601
339.13547608772984,38527743865.76482,36963787104.9303,18.518891846972565,17.767154444228566,18.789649684405155,18.344850158359865
343.2256623947215,38150922085.25369,36911493479.09737,18.337767257295514,17.742018791218097,18.781076502778348,18.330863973804416
347.36517891104063,37900984251.35683,36858131939.52505,18.21763118780416,17.7163698307295,18.76914206362123,18.316607521350782
351.5546205899174,38392718860.51982,36803677805.76678,18.453990214593542,17.690195699765503,18.758892451015313,18.302074901586145
355.79458956008955,37940293892.280235,36748105736.16638,18.23652590926359,17.663484217509293,18.74907727066182,18.28726007002227
360.08569521234466,38188770992.52392,36691389738.04325,18.355959856963572,17.63622289022019,18.738357294069605,18.272156833061224
364.428554287106,38198434772.64731,36633503111.89489,18.360604886258866,17.608398884413813,18.729352968701996,18.256758843794735
368.82379096307136,37987966487.38652,36574418447.571175,18.259440400076073,17.57999902502319,18.719411099435142,18.241059597565325
373.2720369469261,38218994763.81385,36514107622.07721,18.370487329780982,17.55100979434268,18.709836905573848,18.22505242759838
377.7739315641329,38064406223.35547,36452541744.59313,18.29618221418676,17.52141730560096,18.70091162001425,18.208730500410354
382.3301218508199,38205850249.777336,36389691130.376495,18.36416923768944,17.491207290416863,18.692133050623134,18.19208681086508
386.94126264677766,38095712978.78671,36325525300.11572,18.31123023827898,17.460365098488612,18.68373213206011,18.175114177195802
391.60801668957356,38101774298.37943,36260012941.65841,18.314143695199235,17.42887567919798,18.674941614848596,18.157805235922275
396.33105470980524,37786220215.54532,36193121887.24418,18.162468270024178,17.396723570666968,18.664586165298665,18.140152436541264
401.11105552750286,37788706851.41064,36124819092.55365,18.16366350587326,17.36389288968739,18.652704337146584,18.12214803609393
405.94870614969005,37717160988.44637,36055070585.07897,18.12927399936725,17.330367306904456,18.64070826818804,18.103784093447693
410.84470186912574,37751840943.85901,35983841439.63058,18.145943398587253,17.29613003504377,18.628790122547645,18.085052463280995
415.7997463642362,37541037261.11206,35911095772.615364,18.0446176989736,17.26116382616104,18.61614313107817,18.06594479003917
420.81455180024926,37704732826.09631,35836796667.35117,18.123300231600854,17.225450935743467,18.603540322608556,18.046452501573384
425.88983893155137,37712880674.794846,35760906143.88166,18.12721660753398,17.188973108200837,18.59220924635528,18.026566802334614
431.02633720527984,37487205654.346924,35683385188.59041,18.018742794200936,17.151711591099954,18.579900066754114,18.006278666727717
436.22478486616023,37467120176.765976,35604193656.93608,18.00908843218295,17.113647088412947,18.566490196496297,17.985578832233355
441.48592906261183,37403604376.04976,35523290222.57611,17.97855868592696,17.074759736062887,18.552920531059108,17.964457791851064
446.81052595413337,37389214767.28878,35440632354.20509,17.971642121871373,17.035029090790808,18.539230446910377,17.942905786300617
452.1993408199794,37152690174.38525,35356176273.30905,17.857953311792308,16.994434109849745,18.524428445269873,17.920912796035186
457.65314816915196,37100897458.211006,35269876952.82054,17.83305842792282,16.952953150358262,18.50834178658948,17.898468533196848
463.17273185171797,37200074090.939285,35181688002.178696,17.88072904527433,16.910563914053004,18.49291120119722,17.87556243309674
468.7588851714661,36902941058.64116,35091561648.440025,17.737907952285767,16.86724343820932,18.476705525349306,17.852183645138272
474.41241099992544,37118488137.05394,34999448703.04111,17.841513630494298,16.82296807966531,18.460436747130135,17.828321023658198
480.1341218917604,36811786599.80902,34905298450.274796,17.694093303539056,16.77771346121635,18.444016557240797,17.803963118157604
485.9248402015522,40663936462.879265,34809058603.815926,19.5456823023934,16.731454450718598,18.448314736259828,17.77909816288427
491.7853982019932,36892323160.96628,34710675304.68586,17.73280431322067,16.684165160110616,18.45270945015646,17.753714066404044
497.7166382035078,36328100434.85672,34610093063.3465,17.461602872543747,16.635818917580053,18.432421728160318,17.727798401076072
503.71941267531,36816560968.86888,34507254599.70153,17.696388169923267,16.586388190658038,18.41221920503264,17.701338391533245
509.79458436792675,36354208319.25517,34402100806.09968,17.47415198751951,16.535844568436183,18.392611519945753,17.674320902318012
515.9430264371982,36070667401.35593,34294570758.31621,17.33786413191441,16.484158766845002,18.36922744079936,17.646732425664688
522.1656225697697,36134386398.17797,34184601591.749302,17.36849154718317,16.431300569145968,18.345157581898004,17.61855906892417
528.4632671101007,36448269739.09034,34072128361.25112,17.519363907194045,16.37723875855741,18.323816546448096,17.589786540783066
534.8368651890073,36212631462.23527,33957083971.95818,17.406101117156563,16.321941085007154,18.303407882088717,17.56040013661971
541.2873328537482,35813305908.67726,33839399143.689396,17.214159778368636,16.265374248019956,18.279861732804385,17.530384723611757
547.8155971996863,36056562109.958755,33719002324.632187,17.33108422892387,16.20750385522955,18.25600672317167,17.499724725500712
554.4225965035367,36169628156.41744,33595819516.53831,17.38543098468586,16.148294338356596,18.234741298720298,17.468404106227535
561.1092803582181,35783128206.00791,33469774239.61881,17.199654449069552,16.087708936334963,18.212405736614947,17.436406352765626
567.8766098093348,35695334133.60675,33340787381.36137,17.157455016440768,16.025709622643696,18.18790895946116,17.403714457295806
574.7255574933044,35429279394.15642,33208776945.391064,17.029572133850454,15.962256984593479,18.161971693506498,17.370310897509356
581.6571077771479,35451213215.56517,33073658148.10974,17.040114927840023,15.897310269777684,18.135268758536313,17.33617761651001
588.6722568999686,34840396332.75029,32935343472.637215,16.746517362652586,15.830827411999945,18.10582383093951,17.30129600404793
595.7720131161401,35317013322.73829,32793742053.633717,16.975609897132923,15.762764735580582,18.076349500836375,17.26564687497987
602.9573968402125,35667944320.47438,32648759589.102295,17.144289724725933,15.69307691296321,18.052281150294604,17.229210444252686
610.229440793577,34466012928.535995,32500298481.034782,16.566564812196948,15.621717032318163,18.0238845175441,17.191966302785982
617.5891901528903,35115785581.016815,32348257405.876278,16.8788870057398,15.548636391080311,17.993079918048775,17.153893392261793
625.0377027002941,34662085922.20511,32192531254.644978,16.660810002793145,15.473784467166846,17.96408389160984,17.11496997773744
632.5760489754474,34681925045.95291,32033010967.69966,16.670345951441067,15.397108839555976,17.933320639464316,17.075173619621893
640.2053124293863,34507790007.01836,31869583218.73081,16.586645541574534,15.318555036392908,17.902401059043125,17.034481143570805
647.9265895802449,33922859983.056934,31702130259.217197,16.305490852384075,15.23806646022576,17.8678779631645,16.992868608415247
655.7409901708554,34188213599.086357,31530529556.87121,16.43303673032526,15.1555842142193,17.832382167682,16.95031127189897
663.6496373282415,33310733474.374016,31354653655.205147,16.011263797447782,15.07104703465357,17.7942029432705,16.906783554376695
671.6536677250424,33372779327.6196,31174370095.344,16.041086993163873,14.984391253342107,17.752317323771898,16.86225900212975
679.7542317428836,33751405963.102757,30989540706.13938,16.223079111293742,14.895550456415407,17.71394399646808,16.81671024704208
687.9524936377117,33655510532.45072,30800021330.804558,16.176985649007158,14.804455352924283,17.678073447663543,16.77010896164797
696.249631707129,33301501963.761127,30605661846.74545,16.006826544458875,14.711033784371903,17.640482221740285,16.72242581381118
704.6468384597479,32289548539.682053,30406305602.33933,15.520417164247377,14.615210453993711,17.595981502205934,16.673630419363917
713.145320786579,34144296547.67764,30201788979.010323,16.411927393424826,14.516906716262955,17.557431707388005,16.623691290171685
721.746300134495,32567016421.743805,29991940906.155647,15.65378593135746,14.4160403437333,17.52125796300158,16.572575778171622
730.451012681785,33531762848.5754,29776582326.670532,16.117504616793465,14.312525270136002,17.482540297816634,16.520250014929633
739.2607095158205,32289450874.85265,29555525795.428684,15.52037022029916,14.206271397384,17.443084167706658,16.46667884730471
748.176656812871,32678529444.203396,29328574954.07627,15.707386204699528,14.097184343124397,17.39976028391285,16.411825769356597
757.2001360200866,32083093074.634956,29095523858.38815,15.42118149548503,13.985165117422946,17.356254239622466,16.355652849041086
766.3324440396711,35565210793.99492,28856156132.589825,17.094909437300856,13.87010971627723,17.330354553318355,16.29812064799115
775.5748934152812,47890866574.82231,28610244721.193874,23.0194060064078,13.751909002333413,17.395378077361485,16.23918813699065
784.9288125206746,32038028532.20841,28357550695.093006,15.399520601189266,13.630448131018383,17.437815943715567,16.178812605207373
794.3955457506266,31064466211.03911,28097822308.511116,14.931564434463334,13.50560609725028,17.383948491385247,16.116949559417524
803.9764537141556,31110324793.278885,27830794017.256935,14.95360699495462,13.377255263548538,17.326109802669066,16.0535526146568
813.6729134300795,29735583536.971886,27556185384.47632,14.29281863600421,13.24526083406864,17.26202641512166,15.98857337563782
823.4863185249237,30849034643.016975,27273700392.134007,14.828014277918335,13.109480523656314,17.19805844195494,15.921961310840027
833.4180794332223,29094307363.342785,26983025445.201054,13.984580392289391,12.969763598532674,17.131856735381426,15.853663614253618
843.4696236002361,30416094344.39784,26683827770.88285,14.619915547967835,12.825950106861079,17.064863351907842,15.783625049933958
853.6423956871075,28788956393.382877,26375754024.215103,13.837809234140149,12.677870208507592,16.997617878651806,15.711787783191683
863.9378577784973,28795083285.610306,26058429514.292538,13.840754209452307,12.52534380311713,16.92279145122924,15.638091203457895
874.3574895927261,28988554577.0745,25731454459.10123,13.933748855975152,12.368178729946928,16.85088068057198,15.56247172551436
884.9027886944416,28900592731.807846,25394401256.704628,13.891468781002976,12.206169456224444,16.781264758914766,15.484862558605379
895.5752707098593,28881316925.7245,25046813426.560207,13.882203598765354,12.039096568276594,16.7126899076076,15.405193459511223
906.3764695445994,27844806029.396477,24688201600.903996,13.383990330576463,11.866724844733396,16.639693462485987,15.323390462518354
917.307937604142,27990525064.34897,24318040066.476383,13.454032195932827,11.68880159426075,16.563394710028565,15.23937557329029
928.3712460169497,26724420895.81181,23935763082.102074,12.845461752622356,11.505054885554424,16.482476072902948,15.15306642932518
939.5679848602816,29403504518.12838,23540759317.24425,14.133200272259941,11.315190874154343,16.411654546616354,15.064375915759982
950.8997633887208,25960878332.470314,23132367162.81497,12.478454481178,11.11889154852089,16.33795444464527,14.973211731940834
962.368210265473,25854201296.946056,22709868768.636585,12.427178691702437,10.915811864058455,16.2459049340306,14.879475907568708
973.9749737964391,26294253664.60495,22272482056.015312,12.638695935797298,10.705575903848656,16.157953104465246,14.783064250809861
985.7217221671224,25713000730.667778,21819349783.4835,12.359308690678,10.48777162294847,16.07124617296744,14.683865701642853
997.6101436823909,24514444057.15018,21349529631.565113,11.783205883135652,10.261946082495891,15.976438369928248,14.58176158184591
1009.6419470091245,22901135343.641457,20861992080.106304,11.007746783185747,10.027604429419593,15.867852117542286,14.476624794476935
1021.8188614217956,24461473359.388897,20355596689.067913,11.75774478615791,9.784198495474461,15.761645175364357,14.36831889444126
1034.1426370510137,22262182220.019398,19829066533.894165,10.700625145519426,9.531114509248715,15.654188018413638,14.256696900399355
1046.6150451350566,20492001154.607815,19280975640.107307,9.849763184483468,9.267667056428397,15.526689609850743,14.141599918158045
1059.2378782744452,21101038574.423225,18709722430.682243,10.142505426220152,8.993086316911514,15.395681642303334,14.022855573464648
1072.0129506895892,19341363852.689487,18113498682.020832,9.296693484280953,8.706503143068614,15.261145037953082,13.900276153828619
1084.9420984815295,19554026663.926228,17490239742.4344,9.398912799662817,8.406925131569318,15.121054642597391,13.77365633351531
1098.027179895836,20614483416.56196,16837561492.691517,9.908635974185458,8.093206322599558,14.991561181216177,13.642770309595633
1111.270075589688,20297984369.213043,16152711000.257189,9.756506338774011,7.764023481140552,14.869324671504707,13.507368366405807
1124.6726889021647,19305194373.124107,15432451653.751312,9.2793081247186,7.417820885260917,14.742506130006987,13.367172584163555
1138.2369461278074,17305789381.270428,14672927255.565897,8.318266519701682,7.052745000357335,14.601620553051108,13.221871220662404
1151.9647967934795,16058803744.488281,13869505530.64484,7.718885662552226,6.666569259489675,14.445613887225422,13.071111560484889
1165.8582139385567,13846867335.545135,13016517322.653913,6.655687898563825,6.256568704420491,14.273575632977465,12.914490554037208
1179.919194398505,14862952892.3616,12106876085.420914,7.144083445407027,5.8193370889239775,14.098914399076268,12.751542022712277
1194.1497590918812,12929616505.863918,11131496060.971275,6.214798627429881,5.350507218028507,13.923067810253137,12.581718680907509
1208.5519533107824,10447545363.367298,10078429151.547161,5.02175687537363,4.844336073639757,13.726227755909262,12.404366346982078
1223.1278470148095,16383777059.68943,8931383030.710333,7.875088571768248,4.292992524189357,13.55400613287627,12.218685391809336
1237.879535128577,8991108664.371525,7667003335.063951,4.32170047433866,3.6852509725749214,13.37711703651713,12.023669145873932
1252.8091378427982,15755002642.970592,6249487280.643593,7.572859470060938,3.0039023165358127,13.201321750762004,11.817997530135814
1267.918800919016,10633832661.74643,4615928748.524609,5.111298436467045,2.2187098617839545,13.038639225547398,11.599818777628682
1283.210695998004,7310273192.157194,2642997189.4539156,3.513783705816135,1.270393077619104,12.831788908221151,11.366262519124009
1298.6870209118815,0.0,0.0,0.0,0.0,12.569155273805467,11.111934153078485
1314.35,0.0,0.0,0.0,0.0,12.271369488345501,10.848672544189785
