R_kpc,Sigma_bar,Sigma_eff,kappa_bar,kappa_eff,kappa_bar_mean,kappa_eff_mean
1.0,40445504725.87253,40448564368.99896,18.637456076863998,18.638865973087725,0.0,0.0
1.0120606264911474,40445551300.650696,40448608696.13334,18.63747753871466,18.63888639921482,0.44155494864978023,0.4415883392722212
1.0242667116936537,40445605797.04506,40448654107.39589,18.637502650878872,18.63890732491267,0.8726492222147544,0.8727151502907906
1.0366200099307066,40445638362.935074,40448700629.33263,18.637517657375856,18.63892876241378,1.2935305753646202,1.2936282973662037
1.0491222966837304,40445686788.26279,40448748289.43325,18.637539971967414,18.638950724385523,1.7044409385604413,1.7045697727547917
1.0617753688475675,40445736551.43354,40448797115.77231,18.637562903042582,18.63897322376477,2.1056166357994712,2.105775835786518
1.0745810449887383,40445787880.88386,40448847137.228134,18.637586555865862,18.63899627385877,2.497288314601943,2.4974771486958707
1.0875411656068144,40445839705.03094,40448898383.42619,18.63761043664746,18.639019888319066,2.8796811533905364,2.8798989092355174
1.1006575933989453,40445891280.14931,40448950884.496826,18.637634202675596,18.639044081029837,3.2530149858096813,3.253260980146498
1.113932213527575,40445949104.69797,40449004671.28643,18.63766084846709,18.63906886620524,3.6175044689012585,3.6177780155608588
1.127366933891388,40446001496.84495,40449059775.52971,18.63768499098539,18.63909425846875,3.9733591452086188,3.9736595844117044
1.1409636853995222,40446055348.07927,40449116229.77537,18.637709805857185,18.639120272818943,4.320783567296187,4.321110290919944
1.1547244222490889,40446114516.331856,40449174067.46103,18.637737070833012,18.639146924664022,4.659977500089929,4.660329892226494
1.1686511222060412,40446176988.85768,40449233322.79962,18.637765858431635,18.639174229769445,4.991135985607286,4.991513413237376
1.1827457868894284,40446231879.37102,40449294030.74847,18.6377911522075,18.639202204243684,5.314449374269732,5.314851258747119
1.19701044205908,40446295053.748436,40449356227.29433,18.637820263222242,18.639230864669596,5.630103534813659,5.630529322907162
1.2114471379067577,40446360078.7307,40449419949.43057,18.637850227003362,18.639260228093875,5.9382799831720465,5.938729096102185
1.2260579493508208,40446428223.903595,40449485235.0356,18.637881628581244,18.63929031197104,6.239155906905932,6.239627769293534
1.2408449763344431,40446492334.2363,40449552122.85737,18.637911170888056,18.63932113415632,6.532904263283725,6.533398335889833
1.2558103441274293,40446564321.258575,40449620652.53067,18.637944342806048,18.63935271291358,6.819693938494446,6.820209691204117
1.2709562036316695,40446629646.239296,40449690864.78976,18.637974444827698,18.639385067013343,7.099689802304625,7.100226729555905
1.2862847316902777,40446702982.50711,40449762801.49443,18.638008238483618,18.639418215744772,7.373052820111461,7.373610439074026
1.3017981314004599,40446780055.090096,40449836505.55977,18.638043753849043,18.639452178883314,7.6399401998946646,7.640517994253191
1.3174986324301545,40446852420.98604,40449912020.91959,18.638077100353584,18.639486976673858,7.900505355536334,7.901102846317112
1.3333884913384921,40446933373.18026,40449989392.55585,18.638114403459934,18.639522629844265,8.15489809345461,8.15551481144075
1.34946999190012,40447007385.025734,40450068666.64054,18.638148508424838,18.639559159670796,8.40326465774973,8.40390015688335
1.3657454454334392,40447090128.2868,40450149890.61599,18.638186636862205,18.63959658801506,8.645747829550402,8.646401685082035
1.3822171911327976,40447177505.77378,40450233113.14549,18.638226900770068,18.639634937301306,8.882487069779394,8.88315881575324
1.3988875964046932,40447258430.288574,40450318384.09397,18.63826419112162,18.639674230507502,9.113618452165818,9.114307666048651
1.415759057208029,40447348483.1478,40450405754.54268,18.638305687852093,18.6397144911721,9.339274852012958,9.339981128812056
1.4328339983984741,40447433152.039696,40450495276.8241,18.638344703628125,18.63975574341012,9.559586001420966,9.560308948982465
1.4501148740769754,40447526187.5452,40450587004.748955,18.638387574774352,18.639798012017774,9.774678555671102,9.775417798188501
1.467604167942475,40447622083.050934,40450680993.6236,18.638431763820535,18.63984132248045,9.984676213725043,9.985431347576855
1.4853043936488803,40447718173.87655,40450777300.07137,18.638476042870924,18.639885700890424,10.189699699383526,10.190470338914428
1.5032180951663396,40447822463.71705,40450875982.039955,18.638524100061325,18.639931173950224,10.389866905777179,10.390652654005
1.5213478471468749,40447916881.064514,40450977099.06206,18.638567607966053,18.63997776909277,10.585292877127632,10.586093382462757
1.5396962552944244,40448023279.21246,40451080712.31977,18.638616636673262,18.640025514511024,10.776089954002732,10.776904887881933
1.5582659567393489,40448129210.40637,40451186884.49569,18.638665450206112,18.640074439089382,10.962367865640294,10.963196872438266
1.5770596204174525,40448236720.9913,40451295679.87651,18.63871499152889,18.640124572451427,11.144233685292813,11.145076439959745
1.5960799474535783,40448347497.44762,40451407164.444595,18.638766037778723,18.640175945002095,11.321791969820152,11.322648157504114
1.615329671549826,40448462315.5216,40451521405.906624,18.638818946422717,18.640228587940914,11.495144812353626,11.49601411547817
1.6348115593784562,40448579327.3031,40451638473.74163,18.638872865936218,18.640282533284104,11.664391881317135,11.665273986333164
1.65452841097953,40448701200.32105,40451758439.20553,18.63892902552761,18.640337813866687,11.82963048843297,11.830525081869848
1.6744830601633456,40448835985.10648,40451881375.37551,18.638991134914928,18.640394463362938,11.990955698616691,11.991862409186153
1.6946783749177292,40448947065.415215,40452007357.37962,18.639042321181215,18.64045251639217,12.14846016713448,12.149378725300895
1.7151172578202367,40449079111.84262,40452136462.39788,18.639103168721814,18.640512008519252,12.30223440070891,12.303164590484542
1.7358026464553273,40449210561.72594,40452268769.50731,18.63916374137243,18.640572976183208,12.452366885766976,12.453308420325676
1.7567375138365704,40449346613.79811,40452404359.819824,18.639226434730727,18.64063545676074,12.598943923884718,12.59989653656382
1.7779248688339402,40449484838.86469,40452543316.64611,18.639290129413844,18.640699488641765,12.742049786867685,12.743013216719573
1.7993677566062685,40449626704.58057,40452685725.53321,18.639355501723237,18.640765111246704,12.881766744850337,12.882740742550043
1.8210692590389104,40449772171.96522,40452831674.304344,18.639422533696514,18.64083236504487,13.018175126589703,13.019159447356662
1.8430324951866892,40449922689.18018,40452981253.12438,18.63949189265252,18.6409012915846,13.151353365451662,13.152347762172834
1.8652606217221832,40450076377.811874,40453134554.54431,18.63956271301048,18.640971933513782,13.281378034117814,13.28238226085784
1.88775683338942,40450236014.9692,40453291673.57542,18.63963627447369,18.641044334614,13.408323896183884,13.409337704123114
1.9105243634630407,40450393336.138374,40453452707.78768,18.639708768719967,18.641118539845912,13.532263913647144,13.533287082516319
1.9335664842130058,40450557544.37317,40453617757.399414,18.639784436554606,18.641194595390527,13.653269325599254,13.654301658388157
1.9568865073748998,40450730732.697334,40453786925.345085,18.639864242451615,18.641272548680476,13.771409744778834,13.772451006865717
1.9804877846259143,40450900899.57739,40453960317.329056,18.639942656054668,18.64135244842477,13.886753080125995,13.887803055855757
2.0043737080665673,40451084146.47707,40454138041.91874,18.64002709698493,18.641434344651714,13.999365654996073,14.000424125101087
2.0285477107082346,40451261469.637344,40454320210.592,18.640108808231542,18.64151828873078,14.109312204434184,14.110378964312345
2.0530132669665586,40451445366.50087,40454506937.85374,18.640193548667835,18.64160433342629,14.216655895311458,14.21773079039728
2.0777738931608125,40451639517.40257,40454698341.43357,18.640283014207387,18.641692532988547,14.321458485982903,14.322541323809741
2.102833148019282,40451834444.1491,40454894542.29678,18.64037283725945,18.641782943158855,14.423780239558623,14.424870824038612
2.1281946331907466,40452043178.99719,40455095664.68549,18.640469023141897,18.64187562118849,14.523680011544654,14.524778124256231
2.153861993762124,40452243917.9975,40455301836.273605,18.640561524504566,18.641970625910123,14.621215214033418,14.622320665147008
2.1798389187823672,40452469292.618034,40455513188.18874,18.640665378063066,18.642068017747903,14.716441959806753,14.717554527935562
2.206129141792668,40452666949.87576,40455729855.1712,18.640756459345997,18.642167858790714,14.809414921800945,14.810534466633296
2.232736441363065,40452891369.20106,40455951975.92455,18.640859872700492,18.642270212953736,14.90018749275564,14.901313939523853
2.2596646416355184,40453123194.552444,40456179693.0995,18.640966698782485,18.642375145971013,14.988811989750854,14.989945139904394
2.2869176128735367,40453358416.91365,40456413153.12695,18.641075090220667,18.6424827253185,15.075339363342124,15.076479026097566
2.314499272018431,40453593518.256744,40456652506.41685,18.641183425893203,18.642593020305732,15.15981931590379,15.16096535075261
2.3424135832522777,40453832618.44147,40456897907.65983,18.64129360424852,18.64270610221479,15.242300375807071,15.243452689455054
2.3706645585676736,40454086081.11182,40457149516.15829,18.641410400896696,18.64282204445288,15.322830000963702,15.32398846866196
2.399256258344359,40454346445.91293,40457407495.921036,18.641530378075313,18.64294092259594,15.401454540187363,15.402618992977748
2.4281927919327986,40454615036.56237,40457672015.63807,18.641654145758903,18.64306281437702,15.478219210995103,15.479389471784103
2.4574783182447963,40454888296.79348,40457943248.5955,18.641780065205065,18.643187799647077,15.553168147273722,15.554344045238425
2.4871170463512398,40455163314.47291,40458221372.929146,18.641906794490694,18.643315960491833,15.626344402011654,15.62752580965721
2.5171132360870474,40455446358.20698,40458506572.08362,18.64203722221554,18.643447381443323,15.697790026817161,15.698976842301997
2.547471198663417,40455741037.69239,40458799034.89096,18.642173011742788,18.64358214951614,15.767546130855706,15.768738225580995
2.578195297287452,40456045192.86681,40459098955.67449,18.642313167706774,18.64372035425527,15.835652857067284,15.836850070678302
2.6092899477892684,40456355702.13876,40459406534.44335,18.64245625166522,18.643862087825752,15.902149368471697,15.903351540624987
2.6407596192566607,40456663671.12663,40459721977.135574,18.642598165050238,18.64400744512469,15.967073834466989,15.968280872825924
2.6726088346774195,40456988566.77459,40460045495.78412,18.642747878310324,18.644156523857745,16.030463578789604,16.031675401055168
2.7048421715894047,40457316849.244576,40460377308.73528,18.64289915223203,18.644309424639797,16.092355072183818,16.09357157693235
2.7374642627384485,40457660662.14835,40460717640.90373,18.64305758264194,18.64446625111245,16.15278391455557,16.154004990892805
2.770479796744201,40458007899.063644,40461066723.9355,18.64321759085054,18.64462711001917,16.21178486179484,16.21301039266316
2.803893518774003,40458364833.537674,40461424796.49953,18.643382067734365,18.644792111339576,16.269391815124216,16.270621711254336
2.837710231224885,40458736988.33918,40461792104.57602,18.643553558208122,18.64496136842238,16.325637936952877,16.326872074484026
2.8719347944137956,40459115218.38306,40462168901.63599,18.643727848178724,18.645134998068063,16.38055558376036,16.381793828039193
2.9065721272761507,40459498660.01405,40462555448.91576,18.643904539670256,18.64531312065541,16.434176291080135,16.435418554089427
2.941627208072808,40459895777.75327,40462952015.66966,18.644087533169095,18.64549586025793,16.486530889108053,16.48777708946222
2.977105075105571,40460295674.60628,40463358879.63765,18.644271807295073,18.64568334485935,16.537649463705932,16.538899543391548
3.013010827441318,40460717181.98195,40463776327.452446,18.644466039639394,18.645875706541204,16.587561432231485,16.588815314850738
3.0493496256448713,40461144096.50661,40464204654.74788,18.64466276362036,18.646073081532798,16.636295528291733,16.637553109477498
3.086126692520694,40461587169.95755,40464644166.40973,18.64486693370148,18.64627561032675,16.68387977586677,16.685140956099918
3.123347313863546,40462035946.04541,40465095177.02873,18.645073731581306,18.64648343788778,16.73034153591752,16.7316062228748
3.161016839218183,40462500565.07649,40465558011.38705,18.64528782995498,18.646696713876857,16.775707520123806,16.776975633048757
3.1991406826482205,40462972953.28551,40466033004.88156,18.645505508398024,18.646915592846245,16.82000381800251,16.821275280350893
3.237724323514275,40463462658.52024,40466520503.88057,18.64573116659823,18.647140234403892,16.863255909586226,16.864530644025038
3.2767733072614837,40463965948.495964,40467020866.11059,18.645963084703347,18.647370803391663,16.90548870255048,16.90676660350989
3.3162932462165258,40464477436.61141,40467534461.18536,18.6461987805452,18.6476074701291,16.94672646463256,16.948007452776395
3.356289820394258,40465001888.43827,40468061671.10898,18.646440450118956,18.647850410645265,16.986992885565844,16.988276914331056
3.396768778314074,40465544864.58567,40468602890.76054,18.646690655776336,18.648099806902085,17.0263111502244,17.027598152892885
3.4377359378261105,40466102539.895905,40469158528.44498,18.646947634868823,18.64835584704817,17.06470390335723,17.065993788751964
3.4791971869474256,40466668310.35262,40469729006.5318,18.647208344238337,18.648618725713128,17.102193196198712,17.103485910818037
3.521158484708249,40467256011.616646,40470314762.043846,18.647479159414676,18.6488886442789,17.1388005976937,17.14009608936662
3.56362586200845,40467853632.02872,40470916247.233284,18.647754545375516,18.649165811145156,17.174547174891,17.175845388489527
3.606605422484327,40468479949.75886,40471533930.369026,18.64804315517937,18.649450442092153,17.209453533666682,17.21075437825785
3.6501033433858567,40469110084.601776,40472168296.43034,18.6483335239246,18.649742760600343,17.24353975696944,17.244843146604858
3.6941258764645224,40469763504.8493,40472819847.808174,18.6486346226807,18.65004299817355,17.27682542385638,17.278131310935002
3.7386793488718437,40470438127.51444,40473489105.14428,18.648945491598653,18.65035139472566,17.30932974371661,17.31063802946626
3.7837701640687524,40471123991.9349,40474176608.217445,18.649261540764005,18.65066819898897,17.341071404834747,17.342382012313223
3.8294048027459335,40471824085.950645,40474882916.881226,18.6495841469858,18.650993668946313,17.372068615098087,17.373381532317513
3.875589823755259,40472553255.08939,40475608612.01057,18.64992015114468,18.651328072267276,17.40233924875034,17.403654435631964
3.922331865052462,40473294319.15567,40476354296.541245,18.650261636535433,18.651671686787157,17.43190074277041,17.433218152064807
3.9696376446511854,40474058722.10716,40477120596.586876,18.650613876581144,18.652024801021703,17.460770090648495,17.462089705190607
4.017513961588521,40474858530.70033,40477908162.63544,18.650982431693166,18.652387714718472,17.488964011625445,17.490285722234294
4.06596769690221,40475664211.070946,40478717670.82792,18.651353692544554,18.652760739446027,17.516498732125587,17.5178224437345
4.115005814619619,40476487690.21588,40479549824.27034,18.65173315514486,18.653144199198536,17.543389999387305,17.544715732992124
4.164635362758645,40477346222.21412,40480405354.46157,18.65212877024513,18.65353843105371,17.569653347031924,17.570981085309974
4.214863474340702,40478223292.770195,40481285022.8686,18.652532927989633,18.653943785898687,17.59530394359481,17.59663363702997
4.265697368415905,40479129514.3186,40482189622.59485,18.652950518632124,18.654360629198813,17.620356566913017,17.621688174373833
4.317144351100639,40480064296.58037,40483119980.15103,18.65338127016961,18.654789341813643,17.644825699050976,17.64615914209324
4.369211816627631,40481015618.719635,40484076957.40347,18.65381964335115,18.65523032089475,17.668725409753563,17.670060651935227
4.421907248408684,40482002401.69786,40485061453.64309,18.654274357034133,18.65568398083911,17.69206947410592,17.69340649092902
4.4752382201102385,40483018126.45997,40486074407.70055,18.65474240721099,18.65615075426379,17.714871407701875,17.7162101294994
4.529212396741896,40484048355.44284,40487116800.45676,18.65521714099284,18.65663109316277,17.737144291272966,17.73848472941304
4.583837535758073,40485126982.42602,40488189657.69589,18.655714176773664,18.657125470221647,17.75890100343065,17.76024315156595
4.639121488172954,40486236871.20743,40489294052.68986,18.65622561812058,18.657634380008556,17.78015420747283,17.781497963615994
4.695072199688863,40487367000.74385,40490431109.08387,18.656746386491232,18.65815834030387,17.800916113181145,17.802261447464602
4.75169771183828,40488540136.79965,40491602004.46987,18.65728697244412,18.658697893746833,17.821198706281297,17.822545606596325
4.8090061631396015,40489762167.03696,40492807974.04358,18.657850089038327,18.659253609520746,17.84101384439214,17.842362173284105
4.867005790266854,40490988219.330215,40494050314.545395,18.65841505901258,18.659826085168955,17.86037288974138,17.86172261566529
4.925704929233514,40492268742.71478,40495330388.59583,18.65900512949129,18.66041594859264,17.87928696892647,17.880638144695148
4.9851120165906035,40493585292.398506,40496649629.42406,18.659611801037848,18.66102386022973,17.897767117381182,17.899119720985205
5.0452355906392325,40494949530.71543,40498009546.17184,18.660240447704084,18.661650515499005,17.915824073052256,17.91717806153429
5.106084292657776,40496350396.652565,40499411729.67429,18.660885972529396,18.662296647463876,17.933468322024137,17.934823646360687
5.1676668681438365,40497796847.81635,40500857858.70014,18.661552503215937,18.662963029707917,17.950710091120424,17.952066725042734
5.229992168071196,40499407340.29653,40502349706.95675,18.662294624820426,18.663650479562836,17.967560063960935,17.968917323176843
5.293069150161929,40500838254.89211,40503889150.99495,18.66295399619199,18.664359861751024,17.984027426848524,17.9853852487639
5.356906880173848,40502417279.35721,40505478178.828064,18.66368161720481,18.66509209235725,18.000121083447244,18.001480098534596
5.4215145332034815,40504060555.03392,40507118899.5296,18.664438845442024,18.665848143251324,18.015851043986256,18.017211264224375
5.486901395004776,40505746995.347694,40508813554.04773,18.665215964122762,18.666629047071442,18.0312265107304,18.032587938811155
5.5530768633236836,40507501515.11377,40510564527.28514,18.666024454097055,18.667435902790643,18.046256490328528,18.0476191227303
5.620050449248863,40509313477.47597,40512374361.632645,18.666859413857537,18.66826988195314,18.060949852820826,18.062313630082244
5.687831778578659,40511177942.20159,40514245772.30715,18.667718566924513,18.66913223574213,18.075315173257057,18.07668009485059
5.756430593204574,40513123275.174065,40516181664.77024,18.668614984414543,18.670024303006336,18.08936095249061,18.09072697715193
5.825856752511429,40515116696.914,40518185154.49057,18.66953356140777,18.670947519366628,18.103095463881562,18.104462569540463
5.896120234794399,40517192428.61986,40520259589.46466,18.67049006717417,18.67190342759366,18.116526794841352,18.117895003394285
5.967231138693149,40519338986.854706,40522408576.02048,18.67147921009845,18.672893689498295,18.129662963797905,18.13103225541415
6.039199684643272,40521571212.571884,40524636008.6011,18.672507828953364,18.673920099656033,18.142511818397058,18.143882154271942
6.11203621634521,40523882180.07691,40526946104.22154,18.673572732350216,18.67498460128486,18.155081062854155,18.156452387452344
6.1857512022509145,40526271375.292404,40529343442.535805,18.67467368340002,18.6760893047083,18.167378178456705,18.168750508339453
6.2603552370684294,40528768025.36133,40531833012.7097,18.675824150091294,18.677236508954625,18.179410626954446,18.18078394361032
6.335859043284609,40531344846.55656,40534420268.58365,18.677011559969586,18.678428727176083,18.19118570207428,18.192560001010477
6.412273472706223,40534032395.06578,40537111194.054306,18.678249993452727,18.67966871677704,18.202710544497364,18.204085877603713
6.489609508019627,40536841848.93196,40539912381.00747,18.67954460142921,18.680959515325764,18.213992352907322,18.215368668609024
6.567878264369249,40539753690.3455,40542831122.870735,18.680886390011533,18.682304483663906,18.22503810890994,18.2264153769648
6.647090990955133,40542798662.25277,40545875528.11718,18.682289525676715,18.68370735820943,18.23585469162276,18.237232923797354
6.727259072649714,40545970480.91539,40549054659.08208,18.683751112852075,18.68517231492396,18.24644894948713,18.24782816001956
6.808394031634124,40549305856.78061,40552378703.20331,18.685288067863745,18.68670404822107,18.25682773618776,18.258207879348255
6.89050752905422,40552778447.14855,40555859186.69705,18.686888251886522,18.688307869428904,18.266997797563906,18.26837883311572
6.973611366696582,40556429066.84018,40559509244.544716,18.688570472558933,18.68998983120129,18.276965800829327,18.278347747372262
7.057717488684729,40560253319.15549,40563343966.07941,18.69033270386341,18.69175688676542,18.28673845255352,18.28812134294628
7.142837983195795,40564291104.02692,40567380843.86111,18.692193331854067,18.69361709676537,18.29632249566404,18.297706359369098
7.228985084197899,40568534984.0244,40571640366.983925,18.694148929332318,18.695579902660562,18.305724688988533,18.307109583926575
7.3161711732084855,40573046701.60985,40576146820.10045,18.696227947480317,18.697656494919475,18.314951929921005,18.3163378876295
7.404408781073854,40577828080.413445,40580929383.19227,18.6984312266344,18.69986031979848,18.324011297467518,18.325398270706316
7.493710589770156,40582911593.428894,40586023685.44059,18.70077373048455,18.702207795371816,18.33290989113553,18.33429792151828
7.58408943422613,40588352224.83637,40591474067.08135,18.703280795968702,18.704719353803842,18.34165512036601,18.343044294930586
7.67555830416779,40594208212.541916,40597336991.89827,18.705979259355136,18.70742101383993,18.350254837201792,18.351645219838595
7.768130345985381,40600531402.985794,40603686426.73448,18.70889301169825,18.71034685970772,18.358717308358173,18.360109052203338
7.861818864622859,40607448055.45037,40610622797.24677,18.71208023379824,18.713543167965753,18.36705157934651,18.36844490282933
7.956637325490131,40615086517.95701,40618288982.548454,18.71560006895488,18.71707577790116,18.37526787125112,18.37666299617143
8.052599356398389,40623646973.13314,40626901709.173416,18.719544762151923,18.721044557998297,18.383377958680658,18.384775279821994
8.149718749518765,40633469783.675026,40636822082.936226,18.724071153929366,18.725615907311987,18.391396292509874,18.392796577214902
8.24800946336461,40645179387.52553,40648751924.36348,18.729466987877302,18.731113227647374,18.399342257038235,18.40074717386807
8.3474856247977,40660271680.50504,40660701687.37181,18.7364215789848,18.736619727929817,18.407246379963834,18.40863975741077
8.448161531058608,40685542008.80106,40667062636.639084,18.748066250917,18.739550879695127,18.415183898010923,18.41644512019645
8.550051651821585,40690828156.63758,40667794747.72622,18.75050212973188,18.73988823951601,18.423099504891113,18.424104094236586
8.653170631274223,40680476462.155334,40667256187.31073,18.745732026044422,18.73964006864618,18.430799414223987,18.431582628419804
8.757533290222188,40700937209.78362,40666728578.50064,18.755160423286753,18.739396944321477,18.438373088761562,18.438878163269788
8.863154628219347,40703877397.58171,40666215326.128746,18.75651527400047,18.73916043550295,18.445894493343417,18.44599517262711
8.970049825723585,40691551675.32763,40665685000.64472,18.750835530140602,18.738916059323643,18.453185970658375,18.452937870222524
9.078234246278617,40697076283.18364,40665147569.47329,18.753381292320014,18.738668408814156,18.4602681590698,18.45971025415649
9.187723438722127,40697239238.647705,40664610733.40869,18.75345638287271,18.738421032532358,18.467213428674558,18.46631632417756
9.298533139420517,40683389815.6658,40664064544.127625,18.747074511407277,18.73816934624968,18.47391898446251,18.472759972427156
9.410679274530622,40684148113.268364,40663505677.68464,18.747423938082918,18.737911818278288,18.480394691889053,18.47904492660314
9.524177962288718,40703597429.54667,40662941111.806946,18.756386263570477,18.73765166398378,18.48682789582358,18.485174846369294
9.639045515327101,40679377024.297134,40662372990.3243,18.745225400526202,18.737389871251786,18.49308121312497,18.491153354318524
9.755298443018628,40691745850.160675,40661797877.55173,18.750925006707817,18.737124856904437,18.499122881870935,18.49698397998368
9.872953453849549,40682537858.062035,40661215799.55309,18.746681925815203,18.736856632952072,18.505037960523012,18.50267015077805
9.992027457820912,40693802137.014046,40660625508.717415,18.751872552205665,18.73658462449039,18.510824794751404,18.508215206203722
10.112537568878977,40690117222.47231,40660025953.12044,18.750174528324294,18.73630834678833,18.516515412384315,18.513622394098057
10.234501107374921,40710449762.33434,40659418731.05023,18.759543846896978,18.736028536343657,18.522162868301667,18.518894888420466
10.357935602554209,40703724070.464836,40658805523.934586,18.756444620230035,18.73574596796526,18.527749915385236,18.524035805839063
10.48285879507597,40693789974.20853,40658185113.15591,18.75186694753451,18.735460080109103,18.533113550601204,18.529048191613974
10.60928863956282,40696791499.49782,40657557233.38513,18.753250062818196,18.735170750510456,18.53831269256061,18.53393501078849
10.737243307181362,40692365575.224884,40656920238.855934,18.751210578583905,18.734877220793383,18.54338063923762,18.538699147681584
10.866741188253847,40703766541.21823,40656274648.718765,18.756464190929083,18.734579730184556,18.548367109266387,18.543343412198627
10.997800894901342,40676812656.227776,40655622036.30822,18.744043729099882,18.734279003683078,18.55314928817911,18.547870559129873
11.130441263718758,40699706567.684135,40654961817.07947,18.754593338310784,18.733974771928267,18.557797637809408,18.55228328332652
11.264681358482123,40686854367.71735,40654291225.63415,18.748670991340568,18.733665760613107,18.562389504167264,18.556584197436447
11.400540472888565,40684174409.821526,40653611809.10504,18.74743605564352,18.73335268266279,18.566788129409428,18.560775845700242
11.538038133329287,40717905191.3758,40652926715.45672,18.76297933947486,18.733036988672428,18.571253229894033,18.564860737762107
11.677194101695985,40682304311.94017,40652233768.99104,18.74657430679505,18.732717676071307,18.575600067439247,18.568841328941335
11.818028378221166,40685464728.2498,40651529196.70956,18.748030639718934,18.732393006246113,18.579668108165038,18.572719983862275
11.960561204352672,40674601512.306725,40650814475.87242,18.743024824823934,18.73206365992445,18.583597264081334,18.576498998767267
12.104813065662881,40657223526.549,40650092473.134346,18.735016977018372,18.731730958072674,18.587278959617187,18.580180639253886
12.250804694792999,40686789076.71487,40649361888.65112,18.74864090497623,18.731394301717195,18.590941492683115,18.583767125659975
12.39855707443289,40669318857.778305,40648619985.461464,18.74059055573989,18.731052429654916,18.594581738803704,18.5872606036371
12.548091440336803,40679502275.93675,40647867881.18361,18.74528311700045,18.73070585688895,18.59809686980111,18.590663159289242
12.699429284375467,40714389565.049225,40647107682.89509,18.761359324304117,18.73035555436935,18.60177555401404,18.593976846931632
12.852592357625056,40697788657.50806,40646337803.236565,18.7537095573589,18.730000790634357,18.605465217647897,18.597203674925193
13.007602673493352,40702948517.36568,40645558080.823044,18.7560872421501,18.7296414913171,18.60900572602694,18.600345594550074
13.164482510883603,40694643453.6597,40644768570.20443,18.752260234400172,18.7292776815544,18.61244474432593,18.603404510280996
13.32325441739661,40691421587.12509,40643968812.28,18.75077558495813,18.72890914979074,18.61573953111517,18.606382279247153
13.483941212571365,40693878582.446236,40643158697.38082,18.751907778577404,18.728535845490224,18.618952269165792,18.609280711485766
13.646565991164776,40677189472.20865,40642338364.11722,18.744217367464397,18.728157832525067,18.622010577286055,18.612101574317123
13.811152126471006,40679034752.385086,40641507877.57343,18.745067680211662,18.72777514088635,18.624916007971372,18.61484659430003
13.977723273680795,40679778421.738174,40640666462.11084,18.745410366129363,18.72738741315659,18.627766699895595,18.61751745318186
14.146303373281274,40687365985.4122,40639813772.16599,18.748906746893148,18.72699449009871,18.630595554938427,18.62011578676021
14.316916654496875,40695845005.1679,40638950634.737946,18.7528139143112,18.72659675279731,18.633445120164343,18.622643194744054
14.489587638771654,40683813787.991554,40638076465.898605,18.747269879610805,18.726193932175896,18.63620711283731,18.625101240223067
14.664341143293623,40684756866.74708,40637191005.75833,18.74770445420697,18.725785908476254,18.638843567351465,18.627491444659043
14.84120228456165,40673196938.351776,40636294827.41858,18.742377591328655,18.725372945785903,18.64135919690817,18.62981529520458
15.020196481995317,40673730270.54626,40635385625.030365,18.742623353012586,18.724953981560088,18.64375543219844,18.63207423422635
15.201349461588306,40684033024.51216,40634464162.818756,18.747370904707434,18.724529367956876,18.6461543663067,18.634269661604037
15.384687259605924,40697080610.74955,40633531992.87398,18.753383286480307,18.724099820185874,18.648624016224357,18.636402956721398
15.570236226327143,40676387908.94054,40632587724.912895,18.743848003790895,18.72366469759886,18.650992319819412,18.638475467069068
15.758023029831811,40685789175.599625,40631631326.35892,18.74818014640138,18.7232239851844,18.653243862886796,18.640488500490783
15.948074659833509,40659564546.295105,40630662238.161934,18.73609572861237,18.72277742532989,18.655349064553064,18.64244333059841
16.14041843155869,40696346014.94478,40629680493.79553,18.753044781691248,18.722325033460102,18.65746407774074,18.644341197980143
16.335081989672556,40682486302.103355,40628686523.69453,18.74665816861593,18.721867007921176,18.65965244705637,18.646183316377687
16.532093312252265,40688156660.03589,40627679686.81598,18.749271093034206,18.721403053317875,18.661744906290274,18.647970869592374
16.731480714808132,40670528716.42879,40626659453.88673,18.741148063616485,18.720932925758927,18.663721756974837,18.649705006994463
16.933272854353273,40673502114.20331,40625626144.95714,18.74251821762488,18.720456772724873,18.665572452751334,18.651386849609302
17.13749873352231,40676309411.5155,40624579724.70341,18.743811831852355,18.71997457793836,18.667410851516248,18.653017493445752
17.34418770473983,40680018994.878914,40623518923.29846,18.745521223228913,18.719485756257804,18.669241298135578,18.65459800138149
17.553369474439055,40691591492.991615,40622444109.496666,18.750853878285067,18.718990477606752,18.671112054814824,18.656129406247736
17.765074107331372,40676849239.21149,40621355814.17052,18.74406058669028,18.718488986613444,18.672920326354763,18.657612721322096
17.979332030727445,40692345691.85104,40620253356.872505,18.751201416242896,18.717980969724852,18.674690863013435,18.659048935019747
18.196174038910378,40680850446.50637,40619136388.60687,18.745904359582184,18.71746626612229,18.676440410461737,18.66043900673001
18.415631297561585,40691534542.355,40618004786.003334,18.75082763519586,18.71694481895621,18.67814480593617,18.66178387054144
18.637735348240156,40682640761.3556,40616858425.07442,18.746729344079036,18.71641657109268,18.679817953323077,18.663084437062142
18.862518112916142,40686258936.99004,40615696998.14667,18.748396614395535,18.71588138075449,18.68142307262771,18.66434159296398
19.090011898558522,40668970230.45089,40614520497.45354,18.74042990682363,18.715339244362788,18.68291485723843,18.665556202199905
19.320249401778593,40690785931.62213,40613328623.37179,18.750482672269893,18.714790023849947,18.684397289519545,18.666729106566812
19.553263713529255,40682125601.77373,40612120909.04482,18.74649195641025,18.714233504086508,18.68591541355385,18.667861123728514
19.789088323861044,40699160076.247894,40610897286.766014,18.754341512793747,18.713669653872977,18.687444122665493,18.66895304907197
20.027757126735455,40694453469.65941,40609657746.2947,18.752172688986047,18.71309846849042,18.68900319591554,18.670005658716377
20.269304424896426,40761407578.87501,40608401949.311935,18.78302541979331,18.712519792040062,18.69086746321559,18.671019708479918
20.513764934800466,40673356499.42859,40607129443.13129,18.742451117733648,18.71193341592212,18.69256733020794,18.671995931952516
20.76117379160629,40669065724.12484,40605840146.2369,18.740473910704058,18.711339302573748,18.693725604238587,18.67293504244018
21.011566554224647,40680258722.07162,40604533836.00852,18.745631690512106,18.710737349410618,18.69489462004403,18.673837734684607
21.264979210429043,40691325764.21964,40603210213.83411,18.750731429366464,18.71012741883106,18.69615744513971,18.674704684120147
21.52144818202804,40682853300.130974,40601869195.358925,18.746827282826928,18.70950947196406,18.697403875177237,18.675536548095405
21.78101033010006,40705098637.1833,40600510470.26977,18.75707802626647,18.708883365816018,18.698696961262183,18.676333966223517
22.043702960291224,40680070266.83963,40599133700.634415,18.745544849560748,18.708248944666355,18.699942673458757,18.677097559424563
22.309563828177094,40680773627.793335,40597738659.674774,18.745868961201083,18.707606104014793,18.701026933038502,18.677827930829018
22.578631144689147,40701578045.55198,40596325206.845566,18.755455723062738,18.706954779097483,18.702203565440513,18.678525667275853
22.85094358160664,40661530236.42345,40594892828.10859,18.73700152676413,18.706294733043496,18.70324528753451,18.679191338115412
23.126540277114675,40669080766.52863,40593441277.70866,18.74048084230602,18.70562585260782,18.704086495920336,18.679825495070464
23.405460841429427,40687227954.41105,40591970543.38764,18.74884314163618,18.704948132141865,18.70504839582188,18.680428675391717
23.687745362491093,40652246830.73495,40590480170.662254,18.73272369497699,18.704261362217846,18.70589387788348,18.68100140103918
23.9734344117255,40686924849.66513,40588969886.62626,18.748703469714,18.703565417079435,18.70671995366872,18.681544177642113
24.26256904987534,40692921576.00589,40587439496.154305,18.75146678604639,18.70286020681207,18.707747548476142,18.68205749629823
24.555190832901552,40699334033.932915,40585888647.64154,18.754421673215425,18.702145569394773,18.70881854856392,18.682541833480748
24.851341817956033,40684279449.05807,40584317035.837555,18.74748445815872,18.701421364166897,18.709816298103693,18.682997650790334
25.15106456942623,40659132306.4958,40582724317.15731,18.73589655072279,18.700687432803026,18.71057063228812,18.68342539534854
25.454402165052805,40690700731.120255,40581110214.36632,18.750443411525783,18.699943647552363,18.711344002128595,18.683825500297118
25.76139820212097,40661929989.9922,40579474630.446106,18.73718573486413,18.6991899637084,18.712112346696788,18.68419838647891
26.072096803726463,40701410628.41072,40577817197.61113,18.755378576550715,18.698426211794025,18.712923182437194,18.684544462220195
26.38654262511724,40628119013.76206,40576137018.71055,18.721605496994037,18.69765197839842,18.71352655626075,18.68486411925111
26.70478086011153,40697533636.145256,40574434111.79328,18.753592042458788,18.696867271838602,18.71409914132882,18.68515773525223
27.02685724759327,40664305243.32231,40572708650.716644,18.738280261435413,18.69607217222874,18.71485232986174,18.685425680008894
27.35281807808605,40649590879.00951,40570959817.97161,18.73149982142267,18.69526630285729,18.71532657765972,18.68566831099963
27.68271020040616,40664542038.94997,40569187009.9765,18.73838937784129,18.69444938559132,18.715791852915427,18.68588596948345
28.016581028395926,40672229828.204575,40567390229.896484,18.741931942967675,18.693621421889343,18.716369445125913,18.68607898537673
28.354478547738374,40650158339.07483,40565569283.11784,18.731761309370825,18.69278232207256,18.716853864017384,18.68624767972801
28.696451322853907,40665730145.84584,40563723639.13025,18.73893686241928,18.691931841679608,18.717292558436764,18.686392362010434
29.042548503880234,40686191148.626,40561852938.31487,18.74836537723665,18.69106981499665,18.717917709417886,18.68651332951188
29.39281983373656,40666943081.50935,40559956804.168,18.739495788196226,18.690196068529204,18.718533371149306,18.686610868458157
29.747315655272857,40695368493.656,40558034888.8253,18.752594335833113,18.689310441979956,18.719186102426946,18.68668525434076
30.10608691850536,40674799747.001495,40556086827.17882,18.74311617219224,18.688412767105643,18.71986465293275,18.686736752231866
30.469185187939466,40858480632.8072,40554112098.04185,18.827757085059215,18.68750280374127,18.721424180436813,18.686765616080553
30.8366626499808,40709856094.88975,40552110337.16838,18.75927028247992,18.686580384040777,18.723127246808662,18.686772088991265
31.208572120435743,40642226412.93384,40550081207.43449,18.728106244956134,18.685645352656053,18.723612161258608,18.686756404481233
31.58496705210235,40660772780.52935,40548024405.4926,18.736652487951236,18.684697569803284,18.72382047887856,18.686718787040256
31.965901542452947,40701910776.97358,40545939500.12605,18.755609047079773,18.68373683677605,18.724350395583155,18.686659451825655
32.35143034140928,40631349762.87371,40543825664.31185,18.723094239564364,18.682762772478718,18.724703493237108,18.686578602016066
32.74160885921138,40674718791.359955,40541682684.93391,18.743078867497356,18.681775278706525,18.724903521973797,18.686476430318812
33.13649317438156,40671483638.09502,40539510377.967674,18.741588095474953,18.68077427066019,18.725316363057672,18.686353122708734
33.53614004178425,40652335401.79591,40537308143.34575,18.73276450888869,18.679759471826173,18.7255967197132,18.686208856460897
33.94060690078302,40669036729.04013,40535075517.937126,18.740460549648944,18.678730668791786,18.725858250425453,18.686043798851298
34.34995188349621,40668529144.352066,40532812028.44813,18.740226652522598,18.677687643461343,18.726201417701176,18.6858581080809
34.764233823151955,40676944124.674484,40530517211.635086,18.744104310304586,18.676630182370243,18.72657991028196,18.68565193349074
35.1835122625439,40636681807.265,40528190613.673035,18.725551267701757,18.67555807639406,18.726773999909113,18.685425415878036
35.60784746258914,40691359080.0247,40525831719.49389,18.750746781427406,18.674471088187293,18.727045283642276,18.685178687413444
36.03730041098919,40660957678.042305,40523440023.33785,18.73673768949093,18.67336898469373,18.727439869582696,18.68491187156424
36.4719328309954,40664532184.95274,40521015045.9803,18.738384837078563,18.67225154508468,18.72767978047317,18.684625083496712
36.91180719028024,40655593401.24574,40518556256.26567,18.734265808527702,18.671118524601457,18.727884316368435,18.684318430131682
37.356986709915475,40662803677.02305,40516063128.511246,18.737588333466192,18.66996968100729,18.72807509954108,18.683992010088094
37.807535373458514,40651047290.62737,40513535643.348564,18.7321709419277,18.668805005377116,18.728235926560416,18.68364591668976
38.26351793614863,40660409593.50792,40510973239.6874,18.736485129867674,18.66762423915823,18.728380565869006,18.68328023786324
38.724999934213855,42026480679.47025,40508373869.20143,19.36597634366406,18.66642643847338,18.73607416209528,18.68289504515947
39.19204769429011,40593982224.73714,40505737658.75421,18.705875123238798,18.665211661781818,18.74313131118938,18.682490398016768
39.66472834295417,40623454419.51129,40503065050.4802,18.719456032645542,18.663980112820933,18.742410487769053,18.682066357581572
40.143109816371364,40690784950.764656,40500354803.16073,18.750482220286706,18.662731219632025,18.742236391654558,18.681622979134612
40.62726087005974,40638168472.91594,40497606354.166336,18.72623632939052,18.661464722953106,18.74214281420749,18.68116030682261
41.11725108877194,40641897706.73207,40494819157.63875,18.72795477577707,18.660180371250426,18.741786439667603,18.68067837769607
41.61315089649633,40636115556.78924,40491992601.957634,18.72529033713748,18.6588778826868,18.741426990941285,18.680177221607295
42.11503156657874,40641971436.20366,40489126041.93182,18.72798875062292,18.657556959955464,18.741076841457225,18.67965686083976
42.62296523196612,40639081211.98452,40486218867.90526,18.726656923333298,18.656217322124384,18.74075088990529,18.67911731030042
43.13702489557402,40667484379.211945,40483270428.07261,18.739745220419284,18.654858668838962,18.74057295055419,18.6785585776558
43.65728444077888,40658707418.26869,40480280046.97017,18.735700760468127,18.65348068884273,18.740505142716138,18.67798066314495
44.18381864203688,40631653975.58636,40477247082.22981,18.723234422042204,18.652083086129792,18.74024275817821,18.677383559808774
44.71670317563108,40639017087.25801,40474170873.750275,18.726627374393757,18.65066555652275,18.739880233730553,18.676767253742753
45.25601463054789,40576155020.349625,40471050792.61481,18.697660273628255,18.649227810214164,18.739221051694326,18.676131724336532
45.80183051948482,40657315434.15431,40467886084.05481,18.73505932842352,18.647769499403534,18.73868208331483,18.675476943910898
46.35422928999115,40640212877.72437,40464676004.86856,18.72717839959285,18.646290281620434,18.738502337517012,18.67480287726591
46.91329033574276,40616133572.74302,40461419899.55371,18.7160825561365,18.644789854806664,18.738101825089167,18.674109482403438
47.479094007952895,40591704391.611374,40458117019.98665,18.704825488301132,18.643267874223767,18.73744599983112,18.67339671065542
48.05172162692088,40651602196.47124,40454766611.748924,18.732426644838615,18.641723992232595,18.737002081782215,18.672664506304816
48.631255493719785,40664349873.679474,40451367895.5092,18.738300827288825,18.64015784971404,18.736963683543504,18.671912806581616
49.21777890202509,40656614514.47838,40447920074.052475,18.73473634173409,18.63856907930813,18.736952885249956,18.67114154159656
49.811376150086275,40613955745.457016,40444422413.24903,18.715079004303952,18.63695734272485,18.736666116818817,18.67035063475919
50.41213255284251,40617288679.84957,40440874146.96355,18.716614834274907,18.635322286925867,18.736172981819458,18.669540003103183
51.02013445418457,40629956260.147,40437274432.27088,18.722452107736906,18.633663523487794,18.73577917650889,18.668709556842035
51.6354692393646,40662382325.20983,40433622431.889366,18.737394172805697,18.63198066658776,18.735641497509203,18.667859199144985
52.2582253475557,40674298861.721825,40429917264.70186,18.742885362181028,18.630273310203346,18.735748459485254,18.666988826093824
52.8884922845628,40736682116.44505,40426157970.061134,18.771631824308677,18.62854101166433,18.736260114233104,18.666098326176225
53.526360635686835,40592669130.18051,40422343806.98881,18.705270043829117,18.626783429524796,18.736307306573963,18.665187581240417
54.171922078744295,40610261747.28927,40418473982.16909,18.7133767946501,18.625000198221553,18.73566858561576,18.66425646755698
54.825269397243595,40687157910.1445,40414547388.32621,18.748810864948076,18.623190807517336,18.735562717503356,18.663304853942968
55.48649649372027,40680977403.35058,40410563073.10925,18.745962861821766,18.6213548185649,18.73584265045678,18.662332601085687
56.15569840323338,40640634766.015495,40406520240.780205,18.72737280746459,18.61949186468487,18.73586088053675,18.661339563435966
56.83297130702432,40638245891.83553,40402417939.23989,18.726272004349287,18.61760150714601,18.735646664731252,18.660325589347035
57.51841254634043,40673199097.1118,40398255087.75853,18.742378586094212,18.615683247943554,18.73561650279075,18.659290519664196
58.21212063642555,40639747452.87413,40394030697.39439,18.72696392989437,18.613736631369058,18.73559301371247,18.658234187708853
58.91419528067912,40611871707.02317,40389743783.29784,18.714118670762897,18.611761203599738,18.735235499588054,18.657156419977234
59.6247373849859,40630158534.98962,40385393274.91085,18.722545316822075,18.609756471318015,18.734835623625532,18.656057035853657
60.34384907221895,40588406678.80827,40380978185.64047,18.703305888584467,18.60772197989777,18.734315169894046,18.654935847775057
61.07163369691718,40595879279.229095,40376497560.12772,18.706749293805068,18.60565728910564,18.733621539237355,18.653792662022678
61.808195860139854,40672177225.4597,40371950159.156784,18.74190770340499,18.60356182790583,18.73340386693896,18.652627277478633
62.553641424500675,40803454994.205666,40367334605.51608,18.80240104291094,18.60143496167355,18.734326231195478,18.651439483503232
63.308077529382736,40617215367.21243,40362649972.79765,18.7165810515081,18.59927626351617,18.73491633697111,18.650229061887355
64.07161260633724,40594151328.48095,40357895271.380424,18.705953046944266,18.59708527741221,18.734355288360597,18.648995789130662
64.84435639466776,40622600748.51761,40353069165.30327,18.7190626575163,18.594861387745237,18.733838614359335,18.647739434322094
65.62641995720267,40582366036.62026,40348170482.715256,18.700522335647786,18.592604054521498,18.73326760231097,18.646459758337414
66.41791569625771,40614394728.57491,40343197994.19085,18.715281289542666,18.59031271121661,18.73266768932962,18.64515651460809
67.21895736979077,40620883840.38394,40338150405.25221,18.71827149913798,18.587986761329834,18.73229140843176,18.64382944862805
68.02966010775216,40554123452.762726,40333026547.774635,18.687508036043678,18.585625666584455,18.73159264653675,18.642478298482583
68.85014042863149,40614609661.84986,40327825086.18781,18.715380331685875,18.58322881154415,18.730880354602203,18.641102794789983
69.68051625620426,40628008360.78818,40322544594.63068,18.72155450764542,18.580795539166232,18.730586708361333,18.63970265947407
70.52090693648064,40609094156.47978,40317183763.69966,18.71283876396968,18.57832524607212,18.73026885470376,18.63827760611977
71.37143325485853,40611468797.32418,40311741297.987946,18.71393300830501,18.575817335332978,18.729868944658488,18.63682734087945
72.23221745348323,40598350899.4395,40306215886.85407,18.70788822663388,18.573271202999802,18.729419358737253,18.635351562641258
73.10338324881701,40673577654.62064,40300606018.543365,18.742553026962028,18.570686152449774,18.729322344680536,18.63384996201423
73.98505584942022,40725330529.79114,40294910071.71283,18.766400966167605,18.568061436561326,18.729919996760106,18.632322219831384
74.87736197394675,40698849228.57514,40289126521.74724,18.75419827289881,18.56539635278545,18.73063887793117,18.630768007317897
75.78042986935695,40598851378.01682,40283253999.77414,18.70811884923497,18.56269027034005,18.73064791822695,18.6291869876988
76.69438932934987,40490702306.27415,40277291143.35749,18.658283309092276,18.559942561408953,18.729520279050693,18.62757881726894
77.61937171301778,40572132741.83014,40271236335.011246,18.695806791028794,18.557152480647893,18.728279711355,18.625943144191453
78.55550996372601,40568046608.68029,40265087872.165955,18.693923883951218,18.55431924350582,18.727487931332895,18.624279606839387
79.50293862822011,40669114606.42023,40258844021.75708,18.74049643586821,18.55144205137941,18.72724773947517,18.622587833398484
80.4617938759637,40576906889.891426,40252503192.23186,18.698006738226876,18.548520170874564,18.727055279277355,18.620867442720208
81.43221351870939,40630491420.36467,40246063677.067474,18.722698711781497,18.5455528156185,18.726661319156264,18.61911804467932
82.41433703030589,40564375883.28991,40239523721.856804,18.692232398489555,18.542539177173147,18.726204373849708,18.617339239499838
83.40830556674398,40522023186.03012,40232881734.837875,18.6727161001947,18.539478522048,18.72516694314985,18.615530618616987
84.41426198644395,40573291169.004105,40226135831.16696,18.696340599068016,18.536369981699263,18.724205819619495,18.613691764158485
85.4323508707883,40591581599.62681,40219284062.11665,18.70476890524612,18.533212658145274,18.723646081961785,18.611822247224055
86.46271854490156,40565842336.24559,40212324601.09476,18.692908146084633,18.53000570968479,18.723057504362842,18.6099216284707
87.50551309868081,40538431425.83934,40205255590.66522,18.68027708505113,18.52674828040358,18.722192688995765,18.60798945885348
88.56088440808018,40540390771.41612,40198075074.23121,18.681179959607256,18.52343946869372,18.72121039278215,18.60602527914347
89.62898415665175,40516291819.937485,40190780980.19849,18.670075062963594,18.52007831995601,18.72012966421527,18.604028618999493
90.70996585734608,40536310637.56249,40183371243.66551,18.679299817030223,18.51666388267527,18.71905371160369,18.601998996644195
91.80398487457624,40425716261.363205,40175844073.96016,18.62833747046705,18.513195331702363,18.7175045574386,18.59993592067715
92.91119844654749,40522539976.2744,40168197313.6586,18.672954239279477,18.509671672887457,18.715923723177333,18.597838889776913
94.03176570785615,40588607913.45643,40160428492.0138,18.70339861834372,18.506091767700088,18.71526850185176,18.595707389225453
95.16584771236167,40484177740.92321,40152535627.47366,18.655276762358024,18.50245470303284,18.714413819662838,18.593540892211845
96.31360745633391,40482625109.156235,40144516630.18224,18.654561303209803,18.49875951587144,18.713004230872276,18.591338862178397
97.47520990187972,40567735535.83605,40136369036.441895,18.69378054029633,18.495005070933814,18.712086985084692,18.589100750410978
98.65082200065248,40554871555.17741,40128090520.95378,18.68785276473452,18.49119029671262,18.711582631926003,18.58682599505863
99.84061271784705,40584908675.28014,40119678633.03101,18.70169399407223,18.4873140639212,18.711185373461564,18.58451402150714
101.04475305648423,40588517917.94721,40111130919.24658,18.703357148040368,18.48337524201022,18.71098032533711,18.582164241986103
102.26341608198875,40438737116.19236,40102445196.01913,18.634337534296304,18.479372824776345,18.709977218704896,18.57977605734751
103.49677694706244,40588288159.831856,40093618815.95206,18.703251274549302,18.47530559228827,18.709006417430537,18.5773488562525
104.74501291685849,40524723551.00045,40084649073.7181,18.673960439556197,18.471172297919978,18.708521011808198,18.574882012625466
106.00830339445916,40592074765.542816,40075533302.50147,18.704996158142592,18.466971712791715,18.708072059584946,18.57237488590032
107.28682994666,40495936872.034424,40066268849.48933,18.660695418672805,18.46270261447633,18.707471258439135,18.56982682164967
108.58077633006585,40439412806.881355,40056853214.588104,18.634648895364066,18.458363850920364,18.70605266122809,18.567237152827822
109.89032851750162,40486309489.43758,40047283551.840935,18.656259080901773,18.4539541106951,18.70461850465795,18.56460519899914
111.21567472474072,40532427045.50906,40037556838.65775,18.677510241728672,18.44947200097852,18.703726031336483,18.56193026380866
112.5570054375567,40566925125.43248,40027670054.105415,18.693407099826167,18.44491612971212,18.703294373645377,18.55921163440996
113.91451343910114,40482332641.65052,40017620329.267815,18.654426532971957,18.440285174887478,18.702595598867966,18.556448582699666
115.28839383761098,40466631886.57382,40007404733.45054,18.64719156001022,18.43557778602847,18.70136816902308,18.553640366164473
116.67884409445062,40425307300.65576,39997020291.8717,18.62814901967941,18.430792592343284,18.699857700115377,18.55078622764525
118.08606405249265,40483599611.14744,39986463789.95642,18.655010357763107,18.425928112542508,18.69847889703934,18.547885394128027
119.51025596483952,40630940680.730446,39975731781.57497,18.722905732818592,18.42098275863528,18.698258152017562,18.54493707454695
120.95162452389278,40538676204.50151,39964820990.35579,18.680389880072376,18.415955020856025,18.69833544010597,18.541940459887822
122.410376890773,40678713012.01778,39953727892.38669,18.744919420917963,18.41084327537141,18.698679269831278,18.538894723175027
123.88672272509324,40427035633.71187,39942449367.50987,18.628945442709302,18.4056460843998,18.698392731334177,18.535799020771133
125.38087421509283,40513079404.27141,39930981970.39782,18.668594768520915,18.400361860320007,18.697219897863974,18.53265249317675
126.89304610813464,40512509694.64671,39919321778.28216,18.668332243966486,18.39498879550412,18.696538588835697,18.529454261020174
128.42345574156886,40401567748.11487,39907465433.581505,18.617209735554656,18.38952534276473,18.69526110815867,18.526203426041302
129.97232307397022,40445640639.19835,39895409194.49307,18.6375187062874,18.38396977786362,18.69365395143831,18.52289907249588
131.53987071675215,40458734938.34864,39883148969.06554,18.64355261356399,18.378320215212668,18.692395912483327,18.51954026356219
133.12632396616075,40438209800.308846,39870680886.53253,18.634094544953378,18.372574871146707,18.691126016440133,18.516126041155147
134.731910835656,40298164581.03735,39858001342.83804,18.569561127936144,18.3667320849018,18.689005800447788,18.512655429094806
136.3568620886835,40385929827.446945,39845106206.21481,18.6100037169487,18.36078995254248,18.686657892704204,18.50912743208435
138.00141127184006,40468470919.457375,39831990931.10887,18.648038993979046,18.354746379458653,18.68529508071871,18.505541031027423
139.66579474844085,40390093271.37422,39818651456.07674,18.611922249152688,18.348599494120347,18.68398201766103,18.501895184005257
141.35025173249107,40360703926.41402,39805083598.91478,18.598379517283323,18.342347369350808,18.682113405370572,18.498188828780968
143.05502432306622,40417204572.3057,39791282810.34866,18.624415248899428,18.335987908825583,18.680439864931138,18.494420880609987
144.78035753910876,40342091997.31595,39777244578.82304,18.58980306327633,18.329519033601276,18.678700071504874,18.490590230988737
146.5264993546428,40433050807.888794,39762964179.987915,18.631717259881,18.322938566677855,18.677093429606455,18.486695747253638
148.2937007344144,40266130483.88632,39748437127.07902,18.55479968330439,18.316244440535755,18.675101767768318,18.482736273303594
150.0822156699622,40353737382.77031,39733658659.89867,18.595169305121374,18.309434461656174,18.672732676858075,18.478710629942853
151.8923012161215,40390674797.144135,39718623456.70873,18.612190218635767,18.302506177760144,18.67109789829871,18.474617610860914
153.72421752796987,40354592886.584045,39703326521.994774,18.59556352482169,18.295457286893917,18.669504131263604,18.470455982019445
155.57822789821867,40218932670.33865,39687763030.78059,18.533050735358735,18.288285565688483,18.667007387218117,18.466224485015807
157.45459879505376,40244485814.74138,39671927834.03752,18.544825730124145,18.28098864145011,18.663974035821184,18.461921836806066
159.35359990043426,40272151629.076065,39655815424.923065,18.55757425194352,18.27356397660297,18.661303122075406,18.45754672656566
161.2755041488532,40371495388.51158,39639420009.45835,18.603352267709155,18.2660089012576,18.659391131572736,18.453097812829323
163.22058776656405,40340995109.51869,39622735996.9157,18.589297612836756,18.258320839183533,18.65789598265264,18.44857372377517
165.189130311282,40177354338.07161,39605758129.93524,18.51389126765946,18.250497367767565,18.655372154525153,18.443973060877358
167.1814147123639,40324426496.223885,39588480200.04793,18.581662727214002,18.242535626121455,18.65282784487186,18.439294396124705
169.1977273114714,40281554036.818726,39570895978.09793,18.561906920370046,18.234432743824396,18.65090638786075,18.434536267445
171.23835790372596,40099797837.79325,39552999981.583206,18.478152911142214,18.226186194516742,18.64779974292653,18.429697183499893
173.30359977936027,40193055874.00218,39534785831.668465,18.521126600441896,18.21779303880477,18.644292619047,18.424775623507433
175.3937497658705,40290389399.24786,39516246619.36851,18.56597829196776,18.209250092999497,18.64190908879279,18.419770030164965
177.5091082706783,40145273006.13223,39497376138.22998,18.499108057041617,18.200554497141507,18.6393132663279,18.414678811495694
179.64997932430765,40154181420.17198,39478167932.576996,18.50321309112404,18.19170327642862,18.63604047325784,18.409500344113468
181.81667062408056,40211665123.57535,39458614908.84378,18.529701819712717,18.182693162116347,18.633209218394143,18.404232969111806
184.00949357834142,40208207538.85161,39438709985.79844,18.528108550352933,18.173520891143706,18.630737956022124,18.398874989512
186.22876335121506,40187167602.22248,39418446103.577286,18.518413260420388,18.164183210296276,18.62819094389739,18.393424671349386
188.4747989079024,40115062568.32172,39397816111.87902,18.485186962186393,18.154676824685602,18.62519415957599,18.38788024416894
190.74792306052458,40162390118.75069,39376812441.11406,18.506995693424237,18.144998246213454,18.622137030971984,18.382239899096618
193.04846251451977,40133119833.12478,39355427439.735565,18.493507824589184,18.13514394901537,18.61924839299839,18.37650178702449
195.37674791559772,40096939609.15997,39333653449.53828,18.47683582755106,18.12511040415864,18.616070695333345,18.370664019082685
197.73311389726268,40183277524.39418,39311482203.819016,18.516620696446914,18.114893802312213,18.613246084456478,18.364724664203862
200.11789912890913,40128052583.75737,39288905435.21872,18.491172815095403,18.10449033384279,18.610653596180914,18.358681746817624
202.53144636449608,39990801546.20977,39265915229.802704,18.42792696858824,18.093896351976493,18.60706918811923,18.352533249842118
204.97410249181,39990912396.23291,39242503171.332184,18.42797804873797,18.08310797847564,18.602825597016214,18.346277114826858
207.44621858232193,40115452621.144135,39218660132.18346,18.48536670014231,18.072121007293422,18.599367040533544,18.339911236300857
209.94814994164432,40106829135.82081,39194377056.85896,18.48139296239241,18.060931265619068,18.59661881378492,18.3334334594228
212.48025616059775,40061317078.98484,39169644996.21184,18.460420818120824,18.049534629648637,18.593638984156165,18.32684158212608
215.04290116689413,40044880081.81009,39144454590.02817,18.452846581751263,18.037926786156792,18.590392545934513,18.320133354557367
217.63645327744084,40034315474.29127,39118796208.281456,18.4479783668548,18.026103297587447,18.58707582181912,18.31330647649673
220.26128525127794,39970706738.222305,39092660114.32933,18.418667197847885,18.01405967725547,18.58343105584108,18.306358596501447
222.91777434315375,39962053458.8758,39066036379.744156,18.414679730888718,18.001791350100294,18.57947998689126,18.299287311487916
225.60630235774448,39916342300.59652,39038914690.56233,18.393615839847502,17.989293563404775,18.575324557548875,18.292090164797404
228.32725570452996,40031976300.51027,39011284388.73035,18.446900465889172,17.976561405893715,18.57165454041729,18.28476464348392
231.08102545333108,39829962053.89079,38983135040.89061,18.353811464434262,17.96359006983273,18.56758956066658,18.277308179014646
233.86800739051486,40032700539.21272,38954455431.72299,18.44723419808259,17.950374387155858,18.563638084420482,18.269718145512037
236.68860207588085,39947012571.9972,38925234154.76902,18.40774882792541,17.93690910171979,18.560409724751636,18.261991855819957
239.54321490022994,39853060944.9956,38895460179.14874,18.364455529116057,17.923189130449376,18.55627699289985,18.254126563980776
242.4322561436301,39973038717.108475,38865121445.39637,18.419741783376185,17.909208916292823,18.552391239918887,18.246119463018047
245.35614103438468,39962527650.42061,38834205694.08829,18.41489824031636,17.894962810056967,18.549190816845393,18.23796767970309
248.31528980870976,39910272502.15361,38802700748.780106,18.390818851587824,17.880445200785804,18.545722233646202,18.229668275495307
251.31012777113347,39909502147.947174,38770593909.059204,18.390463869179186,17.865650236076597,18.54204806497964,18.221218245662506
254.3410853556237,39850107106.4893,38737872185.13518,18.363094388099466,17.85057193018014,18.538130604664854,18.212614516417005
257.408598187451,39758550234.25781,38704522501.00452,18.320904602205708,17.83520425761986,18.533480911894152,18.203853944508122
260.5131071457995,39719214757.14935,38670531358.15578,18.302778651451966,17.819540998225783,18.528228593471646,18.19493331607993
263.6550584271334,39769722128.31229,38635884736.629486,18.326052657252788,17.803575691542516,18.523164634849035,18.185849343188092
266.8349036093247,39750372742.410324,38600568303.399994,18.317136380096493,17.78730173285249,18.518388444903092,18.176598661006643
270.05309971655794,39803592148.74117,38564567339.559616,18.341660102934185,17.770712339622083,18.513912670056914,18.16717782583177
273.31010928501604,39663059536.746124,38527867126.42971,18.276902093331472,17.753800729423222,18.509059983631722,18.15758331485808
276.6064004293574,39650300056.16522,38490452503.99564,18.271022471838258,17.73655991645838,18.503489680812063,18.147811525630328
279.9424469099964,39725897121.0047,38452307573.42274,18.30585791239055,17.718982574478694,18.498397247051017,18.13785877147872
283.3187282011958,39628504139.08349,38413416355.131966,18.26097882298237,17.701061340027977,18.493300825920244,18.12772127906192
286.7357295599775,39734380096.34593,38373762132.98762,18.3097669025588,17.68278851024166,18.488378104570778,18.117395185937653
290.1939420958668,39591191071.84973,38333328052.35628,18.24378480707441,17.66415631843487,18.483360183393483,18.106876537916634
293.69386284147885,39409174864.1205,38292097273.90758,18.159910984759097,17.64515700497443,18.476684697868656,18.096161290568748
297.2359948239523,39487566667.851135,38250051883.310196,18.19603425256644,17.62578231486228,18.469610239037976,18.08524530554087
300.8208471372484,39369782319.809586,38207173611.96331,18.141758737202128,17.6060238298515,18.46248193830185,18.07412434500376
304.44893501532135,39385256659.80037,38163444011.22575,18.14888937715461,17.585873048731848,18.45496840675007,18.06279407109795
308.1207799061689,39257430151.18477,38118844190.923965,18.089986392609628,17.56532126683311,18.447014905653436,18.051250044902115
311.836909546778,39433128666.97197,38073354229.24295,18.170948996314248,17.54435930410043,18.439521084497496,18.03948772076658
315.5978580389755,39385842418.907364,38026953786.75974,18.14915929737695,17.522977788043477,18.432898465332755,18.027502440951107
319.4041659261899,39153876394.05439,37979622949.5864,18.042268392471108,17.501167542260216,18.424902368237994,18.015289438351342
323.2563802711419,39159218981.97466,37931340684.53148,18.044730279110322,17.47891887456892,18.41586642255081,18.00284383525228
327.15505473447257,39292426823.33694,37882085036.44517,18.10611300407098,17.456221667945638,18.40780503489966,17.99016063481278
331.100749654316,39105549938.33458,37831834201.15212,18.019999361538424,17.433065874936066,18.399631202933175,17.97723471971447
335.0940321268354,39383189765.83689,37780565003.091125,18.1479369438565,17.409440816145626,18.392161664650686,17.964060848304456
339.13547608772984,39324980364.38797,37728253470.85083,18.12111381060306,17.385335445448685,18.38605589525833,17.9506336457297
343.2256623947215,38940361187.851105,37674876646.50615,17.943879701210427,17.360739183738293,18.377666861693356,17.93694760834
347.36517891104063,38685251507.80971,37620410511.05357,17.826324104147673,17.33564096295816,18.365988769008055,17.92299710641174
351.5546205899174,39187161350.16121,37564828863.91762,18.057606238089942,17.310028709774592,18.355959313512315,17.908776369397657
355.79458956008955,38725374564.660126,37508106167.9379,17.84481297490816,17.283890656558334,18.34635495885274,17.89427948106927
360.08569521234466,38978993284.77328,37450216063.23447,17.96168153146138,17.257214656567534,18.335865242604807,17.87950038205007
364.428554287106,38988857032.957504,37391130802.12533,17.966226787473953,17.229987923555417,18.327054326118322,17.86443286112208
368.82379096307136,38774033626.374344,37330822934.859276,17.867235272060505,17.20219780856295,18.317326003788686,17.84907055292914
373.2720369469261,39009842462.35958,37269263561.38605,17.975896960250537,17.173830994327286,18.30795745935686,17.83340693528117
377.7739315641329,38852055093.87868,37206423139.25562,17.903187887401074,17.144873867565106,18.299223884954092,17.817435321473063
382.3301218508199,38996425955.07105,37142271407.30358,17.96971457812947,17.115312483806527,18.290633875323586,17.801148856749897
386.94126264677766,38884009665.2882,37076777043.50401,17.9179126862418,17.085132409732292,18.282413404745128,17.78454051256318
391.60801668957356,38890196408.918884,37009908080.669586,17.920763563328318,17.054318914730096,18.273811703939224,17.76760308138932
396.33105470980524,38568112713.73577,36941631960.356445,17.772346062725106,17.022856995734166,18.26367868489097,17.7503291742225
401.11105552750286,38570650804.38852,36871915087.74666,17.773515625409026,16.99073117211328,18.252052073218383,17.73271121597507
405.94870614969005,38497624476.5032,36800722539.491295,17.73986479109154,16.95792535104361,18.24031367458896,17.714741436967493
410.84470186912574,38533022047.93617,36728018641.702995,17.756176138601756,16.92442309385013,18.228651525522327,17.696411866208553
415.7997463642362,38317856303.64428,36653767051.86588,17.657026872554383,16.890207653751016,18.21627618593433,17.67771432842078
420.81455180024926,38484939144.02995,36577929907.652054,17.73401933735341,16.85526158362877,18.203944080318504,17.65864043690659
425.88983893155137,38493255592.3327,36500468102.23108,17.737851591172678,16.81956686289397,18.192856390648462,17.63918158347682
431.02633720527984,38262910784.737236,36421342150.20793,17.63170774989313,16.78310529651307,18.18081160688498,17.619328934866868
436.22478486616023,38242409687.8074,36340511171.38509,17.62226075952555,16.74585804672175,18.167689774843197,17.599073428355723
441.48592906261183,38177579584.4747,36257932793.283424,17.592386779425386,16.707805588106144,18.15441157995974,17.578405761439434
446.81052595413337,38162892218.30165,36173563498.609375,17.585618780267254,16.668927867717166,18.141015552912314,17.55731638312843
452.1993408199794,37921473333.14625,36087358849.02956,17.474371958186403,16.629204408186755,18.12653149189889,17.53579548856518
457.65314816915196,37868608894.634964,35999272916.13614,17.450011805990012,16.588614045514372,18.11079036774436,17.513833011858736
463.17273185171797,37969837742.81861,35909258062.83264,17.496658478457604,16.547134828328684,18.09569122470249,17.49141861480104
468.7588851714661,37666556276.31369,35817265636.43311,17.356905122696002,16.504744337270512,18.079833639826877,17.468541678470455
474.41241099992544,37886563569.128876,35723246810.316246,17.45828539435348,16.46142007283055,18.06391430799614,17.44519130341673
480.1341218917604,37573515601.1008,35627149897.438995,17.314031594243463,16.41713821740531,18.047846816758025,17.421356299655816
485.9248402015522,41505376191.06192,35528916968.69434,19.125849237326964,16.37187207702237,18.052052672549802,17.397025143755396
491.7853982019932,37655718667.471855,35428494831.44156,17.351911107659305,16.325597140292594,18.056352989693863,17.372185978875514
497.7166382035078,37079820745.63387,35325830454.52905,17.086534960278783,16.27828897024171,18.03650103932804,17.34682664925408
503.71941267531,37578388763.93601,35220862954.16514,17.316277167859425,16.229919511366365,18.016732457797925,17.32093466504346
509.79458436792675,37106468868.21541,35113531849.82571,17.098814525523682,16.180460893990578,17.997545937439913,17.29449716983228
515.9430264371982,36817060771.34534,35003775777.0788,16.965454075944365,16.12988484112997,17.97466413838734,17.26750094666417
522.1656225697697,36882098275.425415,34891530392.198524,16.995423627167842,16.07816170292919,17.95111128984457,17.239932405423403
528.4632671101007,37202476656.80931,34776728741.961365,17.14305531211006,16.02526062706555,17.930228650771983,17.21177756118056
534.8368651890073,36961962427.82384,34659302429.10876,17.032225359338817,15.971150095799054,17.910258355852477,17.183022021457813
541.2873328537482,36554373818.23955,34539181423.886536,16.844406840073365,15.915797839128961,17.887217967872232,17.153650979084563
547.8155971996863,36802663605.78173,34416292416.275696,16.958819802428888,15.859170075494914,17.86387535373717,17.123649195151433
554.4225965035367,36918069274.80711,34290559392.108093,17.011999212651595,15.801231777253431,17.843066701581623,17.09300097659099
561.1092803582181,36523571662.550156,34161904559.072906,16.83021307916904,15.741947097385516,17.821210897883056,17.061690162500675
567.8766098093348,36433960908.66551,34030247325.52261,16.78892007266908,15.681278898926234,17.797240301132156,17.02970011020644
574.7255574933044,36162400823.5178,33895503850.187252,16.66378406080637,15.619188547471174,17.771860156678663,16.99701367364296
581.6571077771479,36184788511.185684,33757587572.41551,16.674100399999087,15.555636155513726,17.745730789461657,16.963613182714603
588.6722568999686,35561332281.65349,33616409723.050854,16.386809187477255,15.49058081785894,17.71691832647297,16.92948042882783
595.7720131161401,36047811683.040565,33471877143.95151,16.610980910320183,15.423979606849285,17.68807709253377,16.894596641564462
602.9573968402125,36406004331.00119,33323892869.48884,16.776037565903252,15.35578784032151,17.66452571998264,16.85894245726986
610.229440793577,35179201937.58831,33172358208.882183,16.210721942394716,15.285960041155182,17.636739034913017,16.82249790297513
617.5891901528903,35842420030.2218,33017169638.21852,16.516335586101608,15.214448505102446,17.606596105217317,16.785242374931958
625.0377027002941,35379332177.575615,32858219523.472565,16.302942785791178,15.141203633958702,17.578222901188756,16.747154604762574
632.5760489754474,35399581822.988205,32695396693.55667,16.312273906258266,15.066174199626362,17.548120430723266,16.708212633481633
640.2053124293863,35221843489.523575,32528585355.550175,16.23037134612028,14.989306844248047,17.517864989849958,16.668393783286003
647.9265895802449,34624809783.45018,32357665543.45177,15.9552557418333,14.910546286993531,17.484083435523104,16.627674626591265
655.7409901708554,34895654237.15952,32182511917.710594,16.08006198776552,14.829834770878703,17.449350074774163,16.586030951644517
663.6496373282415,34000016828.577293,32002994700.415623,15.66734856073862,14.747112493704705,17.411990924026963,16.543437727573675
671.6536677250424,34063346567.507122,31818978967.183727,15.696531166708398,14.662317281757021,17.371004990007748,16.499869071450565
679.7542317428836,34449807946.031815,31630323130.53244,15.87461417040623,14.575383890937369,17.333455905620607,16.455298203963867
687.9524936377117,34351928196.29705,31436879762.583317,15.829510776373688,14.486244385868808,17.298355841101127,16.4096974024309
696.249631707129,33990594294.65342,31238496086.871475,15.663006618084443,14.394828366523619,17.261572058888063,16.363037962087304
704.6468384597479,32957700993.913166,31035012730.850647,15.187045107525789,14.301062393372463,17.218027196092834,16.31529015411184
713.145320786579,34850828430.843765,30826261889.896423,16.059406070575655,14.204869141349477,17.180305434646527,16.26642316779482
721.746300134495,33240910388.46903,30612068969.370945,15.317549169407693,14.106168156522473,17.144908687065737,16.216405053131798
730.451012681785,34225619859.75156,30392251378.585304,15.7713073718059,14.004875300345834,17.107022661040652,16.1652026670643
739.2607095158205,32957601308.151344,30166617661.887634,15.186999171913907,13.900902349262289,17.068414032009173,16.112781609678795
748.176656812871,33354730897.4995,29934967943.711185,15.369998131340036,13.794157199782928,17.02602072702364,16.05910615964656
757.2001360200866,32746973442.94665,29697093236.514984,15.089940979342881,13.684543549583376,16.983449174274078,16.00413920980744
766.3324440396711,36301144987.935455,29452771436.39065,16.727717946358826,13.571959052262844,16.958105802320752,15.947842178535252
775.5748934152812,48881849771.68857,29201767177.08462,22.52495881187341,13.45629525007695,17.021732648259942,15.890174900673875
784.9288125206746,32700976401.120678,28943839205.015224,15.068745351979405,13.337440972376148,17.063258966973848,15.831095560764128
794.3955457506266,31707268612.341736,28678732772.635418,14.610840687613626,13.215278830435757,17.010548564892407,15.770560626098053
803.9764537141556,31754076124.673653,28406175236.197315,14.632409783142686,13.08968318888764,16.953952226919768,15.708524715912015
813.6729134300795,30350887993.576637,28125880480.110428,13.98581488123339,12.96052220448279,16.89124532363114,15.644940474088449
823.4863185249237,31487379220.119427,27837546159.04016,14.509514745037613,12.82765655523891,16.828651355671866,15.579758453735119
833.4180794332223,29696342193.439026,27540852264.66969,13.684197465823638,12.690938779998337,16.763871633964495,15.512926981664283
843.4696236002361,31045480291.35089,27235458978.13333,14.305885888600859,12.550212288820454,16.698317240246265,15.444392006512919
853.6423956871075,29384672739.350113,26921005645.803272,13.540578890645703,12.40531089101997,16.632516171529595,15.374096933184488
863.9378577784973,29390926412.479225,26597110148.91118,13.543460609122278,12.25605850468595,16.55929698436612,15.301982452194002
874.3574895927261,29588401114.460484,26263364132.816376,13.63445776960803,12.102266958308824,16.48893082688354,15.227986343438152
884.9027886944416,29498619116.065292,25919331050.163086,13.593085852928423,11.943735089059157,16.420810226007212,15.15204324798311
895.5752707098593,29478944444.78486,25564544930.497345,13.584019682922607,11.780248175822011,16.353708333727106,15.074084427884944
906.3764695445994,28420985515.56261,25198506345.798836,13.096507826953788,11.611576080097318,16.282279821615774,14.99403750286963
917.307937604142,28569719846.028206,24820678813.57785,13.165045222393957,11.437471588532054,16.207619934347317,14.911826151609105
928.3712460169497,27277416778.90686,24430484894.84417,12.569546617179032,11.257668614848146,16.128439395598292,14.827369779130573
939.5679848602816,30011937419.648796,24027300058.925823,13.829625053052881,11.07187937272555,16.05913908597968,14.740583137242915
950.8997633887208,26498074588.110687,23610449219.633415,12.210422508127694,10.879792779652416,15.987022031276885,14.65137590164587
962.368210265473,26389190134.820652,23179200041.934086,12.160248101122502,10.681071372612747,15.896949705539587,14.559652203508097
973.9749737964391,26838348299.33143,22732753749.289192,12.367222043452353,10.475347072069518,15.810887044380689,14.465310085345584
985.7217221671224,26245067771.578194,22270235344.244568,12.093835919278547,10.262216675572175,15.726042541401382,14.368240866210275
997.6101436823909,25021709928.048523,21790683278.273098,11.530107558621294,10.04123709757731,15.633271170207482,14.268328412129652
1009.6419470091245,23375017775.466976,21293046480.372437,10.771304995175399,9.811924000214182,15.527017304985602,14.165448351463406
1021.8188614217956,24967643132.53078,20776160352.04262,11.50519335533694,9.573740731670997,15.423091643386341,14.05946716090688
1034.1426370510137,22722843095.118534,20238721630.452637,10.470780201584144,9.326086743037944,15.317942621104468,13.950241004864107
1046.6150451350566,20916032504.774624,19679274993.31093,9.638194398910104,9.068291415776073,15.193182824897336,13.83761439237044
1059.2378782744452,21537672449.715717,19096185356.162373,9.92464865997048,8.799601296196997,15.064988853562692,13.721418641028695
1072.0129506895892,19741585605.88216,18487606945.47535,9.097004404099247,8.519165844213342,14.93334203906574,13.601470057194096
1084.9420984815295,19958648948.736023,17851432216.694435,9.197028091422606,8.226013894565881,14.796260726667482,13.47756771095785
1098.027179895836,21041049234.617775,17185227158.829033,9.695802625760452,7.9190238449100425,14.669548730543342,13.349490631413223
1111.270075589688,20718001021.21322,16486181390.180092,9.546940671166388,7.5969006597201165,14.549937809808828,13.216994443296587
1124.6726889021647,19704667688.273117,15750990821.806717,9.079992474774807,7.258121801128734,14.425843277411351,13.079807168199288
1138.2369461278074,17663889948.49553,14975718770.686947,8.139593640700767,6.900873229296175,14.287983863583072,12.937623725920558
1151.9647967934795,16391101023.9225,14155636195.46265,7.553087233187094,6.522975782379975,14.135328155537895,12.790098935182094
1165.8582139385567,14133394054.315672,13284955370.761703,6.512726511626851,6.121762452559635,13.966985210872192,12.636838350811178
1179.919194398505,15170504992.074253,12356440926.752375,6.990631526790283,5.6938991514524595,13.796075627057608,12.477385737025251
1194.1497590918812,13197162984.255934,11360816180.383389,6.081307357278361,5.2351111450903876,13.624006149248649,12.311205466982152
1208.5519533107824,10663731509.997562,10285881314.974606,4.913891642101708,4.739776707423441,13.431394136761398,12.137657275727923
1223.1278470148095,16722798859.22168,9114998363.771935,7.705934969371352,4.200228994467612,13.26287176199759,11.955958507110772
1237.879535128577,9177157450.807037,7824314054.240155,4.228872159196216,3.60547631945381,13.089782169279273,11.765123784424427
1252.8091378427982,16081013508.975166,6377248359.496143,7.410197622116969,2.938662454503423,12.917762892572089,11.5638607764104
1267.918800919016,10853873563.900797,4709827389.237431,5.001509887986011,2.1703079660265012,12.758574719804537,11.350357985746854
1283.210695998004,7461541240.034578,2696634870.377283,3.438309104296973,1.242620515991403,12.556167460591503,11.121811010095147
1298.6870209118815,0.0,0.0,0.0,0.0,12.299175086564114,10.872947119011357
1314.35,0.0,0.0,0.0,0.0,12.007785614966533,10.61534754071295
