R_kpc,Sigma_bar,Sigma_eff,kappa_bar,kappa_eff,kappa_bar_mean,kappa_eff_mean
1.0,39625486921.47069,39628796805.883644,18.487604408033263,18.48914866246184,0.0,0.0
1.0120606264911474,39625531510.19401,39628840268.3713,18.487625211277383,18.489168940251233,0.4380046865531794,0.43804126644279895
1.0242667116936537,39625580610.813156,39628884793.52691,18.487648119584474,18.489189713837302,0.8656327760669257,0.8657050375766766
1.0366200099307066,39625619176.34126,39628930407.4445,18.487666112656175,18.48921099539444,1.2831300749102639,1.2832371867311538
1.0491222966837304,39625666283.925674,39628977137.01183,18.487688091096135,18.48923279746735,1.6907365892637605,1.6908777623493425
1.0617753688475675,39625714621.109604,39629025009.73813,18.4877106432161,18.489255132890694,2.0886867032788468,2.0888611259977403
1.0745810449887383,39625764316.81134,39629074053.87208,18.48773382916398,18.48927801484414,2.4772092086714275,2.4774160871060578
1.0875411656068144,39625814844.46308,39629124298.38203,18.487757403265135,18.489301456843112,2.856527474452703,2.856766034515324
1.1006575933989453,39625865843.24486,39629175772.84267,18.487781197175977,18.489325472685927,3.226859572723275,3.2271290649086652
1.113932213527575,39625920606.20778,39629228507.551,18.487806747297206,18.48935007650791,3.5884184253922626,3.5887181081993407
1.127366933891388,39625973255.2474,39629282533.62218,18.48783131114973,18.489375282826096,3.9414118952767647,3.941741049949297
1.1409636853995222,39626027282.43896,39629337882.96143,18.487856517990643,18.48940110652614,4.28604290767501,4.286400850887765
1.1547244222490889,39626084649.88922,39629394588.31257,18.48788328325736,18.48942756288494,4.622509610315191,4.622895663598345
1.1686511222060412,39626144358.48786,39629452683.21049,18.48791114080656,18.48945466754849,4.951005461675357,4.951418946441608
1.1827457868894284,39626200933.043915,39629512201.975395,18.487937536141814,18.489482436529162,5.271719300925481,5.2721595747783505
1.19701044205908,39626262394.61887,39629573179.86793,18.487966211556866,18.489510886278108,5.584835507815237,5.585301949558593
1.2114471379067577,39626325515.32093,39629635653.0889,18.48799566105163,18.48954003368512,5.890534119926261,5.891026103338798
1.2260579493508208,39626390953.60426,39629699658.72892,18.48802619183344,18.489569896055137,6.188990895355606,6.18950780378702
1.2408449763344431,39626455118.3587,39629765234.7722,18.48805612843963,18.489600491110014,6.48037741182743,6.480918654735605
1.2558103441274293,39626524037.568794,39629832420.11756,18.48808828327712,18.489631836998317,6.7648611958693,6.765426194839916
1.2709562036316695,39626590396.16889,39629901254.69758,18.48811924344046,18.48966395235093,7.042605797450021,7.043193993900432
1.2862847316902777,39626661616.37685,39629971779.50484,18.488152471827867,18.48969685629329,7.313770892827331,7.314381746903564
1.3017981314004599,39626735561.947235,39630044036.569725,18.48818697175605,18.48973056843502,7.578512404140498,7.579145365834565
1.3174986324301545,39626807994.480606,39630118068.95481,18.48822076576408,18.489765108867335,7.83698252415318,7.837637069315015
1.3333884913384921,39626885641.40006,39630193920.783966,18.48825699258782,18.48980049817659,8.089329854029696,8.090005470116795
1.34946999190012,39626960691.85407,39630271637.32771,18.48829200800876,18.48983675748413,8.335699467837262,8.336395660603332
1.3657454454334392,39627041074.41095,39630351265.058716,18.488329511167166,18.48987390847217,8.576233003750822,8.576949296147353
1.3822171911327976,39627124745.246574,39630432851.64224,18.488368548499693,18.48991197337934,8.811068776476874,8.811804676572581
1.3988875964046932,39627206134.83496,39630516445.94112,18.488406521497122,18.489950975003,9.040341781604683,9.041096825665914
1.415759057208029,39627293127.89099,39630602098.039536,18.488447108839537,18.48999093671036,9.264183829677682,9.264957568805958
1.4328339983984741,39627378428.231606,39630689859.27689,18.488486906431334,18.490031882454243,9.482723611161397,9.483515608752747
1.4501148740769754,39627468998.273766,39630779782.37934,18.48852916264673,18.490073836834473,9.696086766241589,9.696896599642768
1.467604167942475,39627562086.29485,39630871921.48613,18.488572593646392,18.49011682511018,9.904395981412994,9.905223219231774
1.4853043936488803,39627656374.9362,39630966332.07716,18.488616584805538,18.49016087316598,10.10777101406622,10.108615239425804
1.5032180951663396,39627755929.476234,39631063070.99545,18.488663032814035,18.490206007522456,10.306328799690464,10.307189595140887
1.5213478471468749,39627851661.58541,39631162196.596954,18.488707697435242,18.49025225540607,10.500183475166708,10.501060451532341
1.5396962552944244,39627954624.783104,39631263768.803215,18.488755735781655,18.49029964477372,10.689446484797433,10.690339269632359
1.5582659567393489,39628058569.27669,39631367849.04669,18.488804231959925,18.490348204287248,10.874226658546135,10.875134870432523
1.5770596204174525,39628164557.97738,39631474500.34312,18.488853681880226,18.490397963347164,11.054630219575074,11.055553497448212
1.5960799474535783,39628273473.048805,39631583787.359535,18.48890449712342,18.490448952124424,11.230760885173723,11.2316988778015
1.615329671549826,39628385738.02868,39631695776.45097,18.488956875294594,18.490501201577523,11.402719922584495,11.403672281857453
1.6348115593784562,39628500453.72279,39631810535.70693,18.48901039686712,18.490554743474195,11.570606197174897,11.571572581448057
1.65452841097953,39628618999.733,39631928134.97806,18.489065705505855,18.490609610403848,11.734516234745525,11.735496306717046
1.6744830601633456,39628745472.14637,39632048645.92293,18.489124712274695,18.490665835799383,11.894544304581043,11.895537701618423
1.6946783749177292,39628861434.63432,39632172142.1469,18.48917881554938,18.490723454002012,12.050782362555891,12.051788778101159
1.7151172578202367,39628989459.09052,39632298699.22995,18.489238546436862,18.490782500274204,12.203320210160244,12.204339369011036
1.7358026464553273,39629118705.26616,39632428394.67591,18.48929884732783,18.49084301077602,12.352245585057823,12.353277179739068
1.7567375138365704,39629251834.39522,39632561308.008125,18.4893609598434,18.490905022609756,12.497644101493554,12.498687838646502
1.7779248688339402,39629387660.62478,39632697520.88105,18.489424330713902,18.490968573871974,12.639599353384346,12.640654946296294
1.7993677566062685,39629526965.02088,39632837117.128365,18.489489324352277,18.49103370367599,12.778192951985584,12.77926012351915
1.8210692590389104,39629669769.66889,39632980182.81345,18.489555951062638,18.4911004521754,12.91350457944965,12.914583058341247
1.8430324951866892,39629816847.99441,39633126806.2936,18.489624571693206,18.491168860594033,13.045612034537648,13.046701551800869
1.8652606217221832,39629967296.389404,39633277078.27488,18.489694764658054,18.491238971251573,13.174591272043719,13.175691562680163
1.88775683338942,39630122561.024536,39633431091.88288,18.48976720468027,18.491310827596553,13.300516450333477,13.30162725117787
1.9105243634630407,39630278519.04608,39633588942.7463,18.48983996820775,18.49138447424534,13.423459955850124,13.424581021548157
1.9335664842130058,39630439860.82207,39633750729.07828,18.489915243571176,18.491459957020105,13.543492463500964,13.544623563730244
1.9568865073748998,39630607691.16384,39633916551.74781,18.489993546229577,18.491537322982126,13.660683005688286,13.661823893992532
1.9804877846259143,39630776005.83589,39634086514.34431,18.490072074856343,18.49161662046191,13.775098951999542,13.776249394614585
2.0043737080665673,39630952979.26084,39634260723.264626,18.49015464329715,18.491697899099815,13.886806088379988,13.887965852629813
2.0285477107082346,39631129077.51206,39634439287.777084,18.490236803418284,18.491781209875885,13.995868634087733,13.997037497651082
2.0530132669665586,39631310659.71762,39634622320.12251,18.490321522124468,18.491866605157032,14.102349269891748,14.103527038801108
2.0777738931608125,39631499638.47295,39634809935.658485,18.4904096917532,18.491954138764296,14.20630923711026,14.207495700769234
2.102833148019282,39631691289.74232,39635002252.9096,18.49049910826584,18.49204386599633,14.307808310386921,14.309003259015062
2.1281946331907466,39631892247.059494,39635199393.63517,18.49059286659341,18.492135843660964,14.406904859126778,14.408108074138678
2.153861993762124,39632091571.548065,39635401482.95591,18.49068586311105,18.49223013013432,14.503655845482252,14.50486712543765
2.1798389187823672,39632305787.389046,39635608649.41617,18.490785807314484,18.492326785389853,14.598116913849124,14.599336043670093
2.206129141792668,39632508547.855156,39635821025.11389,18.490880406916364,18.49242587105896,14.69034233460031,14.691569143042507
2.232736441363065,39632727402.42487,39636038745.93307,18.490982515357725,18.492527450539466,14.780385100779323,14.781619452441841
2.2596646416355184,39632952654.174255,39636261951.5936,18.4910876084571,18.492631589018867,14.86829704736326,14.86953874592914
2.2869176128735367,39633182350.29024,39636490785.62295,18.491194775113115,18.49273835346111,14.954128717136577,14.955377572510837
2.314499272018431,39633414787.61272,39636725395.516815,18.491303220702093,18.49284781268155,15.037929435237132,15.039185285205502
2.3424135832522777,39633652118.13849,39636965932.95425,18.491413949256245,18.49296003744733,15.119747360810342,15.121010069423967
2.3706645585676736,39633899645.79426,39637212554.03077,18.491529435367216,18.493075100586122,15.199629553337088,15.200898970679598
2.399256258344359,39634153684.87834,39637465419.37346,18.491647959439867,18.493193077039848,15.277621966020728,15.278897921643953
2.4281927919327986,39634414983.272064,39637724694.198364,18.491769870404525,18.49331404389144,15.353769447261106,15.355051768562417
2.4574783182447963,39634681829.32024,39637990548.34066,18.491894369674053,18.493438080378937,15.428115777511124,15.429404297044462
2.4871170463512398,39634952838.69346,39638263156.458015,18.492020811377923,18.493565267990338,15.500703682886353,15.501998257244212
2.5171132360870474,39635231260.98266,39638542698.34171,18.49215071164013,18.493695690608778,15.571574887706657,15.572875388447246
2.547471198663417,39635519006.95907,39638829359.0392,18.492284961947068,18.4938294345697,15.64077015624403,15.642076443077348
2.578195297287452,39635815079.310135,39639123328.992256,18.492423096994177,18.49396658872533,15.708329291944061,15.709641210135858
2.6092899477892684,39636117998.366684,39639424804.22382,18.492564426429354,18.494107244531808,15.774291141531705,15.775608538087566
2.6407596192566607,39636423375.02881,39639733986.55283,18.492706902481093,18.49425149614946,15.83869359885156,15.840016357206576
2.6726088346774195,39636741130.71492,39640051083.77607,18.492855154070654,18.494399440527623,15.90157369102534,15.902901701394978
2.7048421715894047,39637064538.70736,39640376309.87949,18.4930060427913,18.49455117750325,15.962967585040921,15.964300729486743
2.7374642627384485,39637399832.088394,39640709885.27216,18.493162476740025,18.494706809910046,16.02291058872662,16.024248746049384
2.770479796744201,39637741013.59155,39641052036.97833,18.493321657841676,18.49486644366808,16.081437174303232,16.082780221695103
2.803893518774003,39638091361.54256,39641402998.8992,18.49348511562672,18.495030187905925,16.138580982563187,16.13992881291329
2.837710231224885,39638453778.97059,39641763012.07979,18.493654204527843,18.49519815508517,16.194374891439015,16.195727381436
2.8719347944137956,39638823772.899345,39642132324.92413,18.493826828309142,18.495370461100805,16.248850990893846,16.25020801314741
2.9065721272761507,39639201031.84764,39642511193.46469,18.49400284164645,18.49554722540693,16.302040584207372,16.303402036547816
2.941627208072808,39639589954.02555,39642899881.62779,18.494184296561688,18.495728571140592,16.353974255771146,16.35534004078324
2.977105075105571,39639985174.20882,39643298661.6128,18.49436868986433,18.495914625298695,16.40468185970978,16.406051893251426
3.013010827441318,39640396328.58952,39643707814.24897,18.494560517400892,18.496105518904496,16.454192566952017,16.455566756794788
3.0493496256448713,39640815383.44215,39644127629.207756,18.494756030969114,18.496301387106644,16.50253486558624,16.503913106489126
3.086126692520694,39641247907.74064,39644558405.29448,18.494957828820663,18.496502369315284,16.54973655559544,16.551118746037414
3.123347313863546,39641688776.13066,39645000450.85061,18.495163519678343,18.496708609389714,16.595824780428792,16.597210823779058
3.161016839218183,39642143258.57272,39645454084.18153,18.495375562286572,18.496920255838,16.640826041602153,16.642215848324376
3.1991406826482205,39642607441.47215,39645919633.96142,18.495592130724827,18.49713746200583,16.68476621995515,16.68615970382335
3.237724323514275,39643086306.13349,39646397439.614876,18.49581554906266,18.497360386254623,16.72767058935972,16.729067664876904
3.2767733072614837,39643578139.77419,39646887851.72415,18.49604501818696,18.497589192151477,16.769563842747242,16.770964411099357
3.3162932462165258,39644080400.69566,39647391232.5176,18.49627935224686,18.49782404869707,16.81047006448819,16.81187404134071
3.356289820394258,39644595674.61192,39647907956.35841,18.49651975762899,18.498065130553705,16.850412768764365,16.851820087577497
3.396768778314074,39645126954.44373,39648438410.237656,18.49676763070573,18.49831261827532,16.889414943509966,16.890825528479862
3.4377359378261105,39645672504.60487,39648982994.3124,18.497022161724715,18.49856669855857,16.92749903882631,16.928912802662985
3.4791971869474256,39646229194.30586,39649542122.502365,18.497281889989765,18.498827564521175,16.964686945989914,16.96610382163079
3.521158484708249,39646804211.04529,39650116223.07858,18.49755016888884,18.49909541597659,17.001000060396212,17.00241998241953
3.56362586200845,39647391710.22447,39650705739.261345,18.49782427157523,18.499370459712978,17.03645927753565,17.037882179948458
3.606605422484327,39648001387.57131,39651311129.94339,18.498108721672395,18.499652909830605,17.071085019646347,17.072510819085085
3.6501033433858567,39648620922.13049,39651932870.38268,18.498397770734933,18.499942988065072,17.104897209888566,17.10632582643251
3.6941258764645224,39649260374.00844,39652571452.921555,18.49869611239016,18.500240924122842,17.137915287653435,17.139346661845238
3.7386793488718437,39649918939.88577,39653227387.79892,18.499003371842665,18.50054695606017,17.170158282578644,17.171592329680646
3.7837701640687524,39650591851.43653,39653901204.00591,18.499317324389843,18.500861330682323,17.201644742530966,17.203081389793116
3.8294048027459335,39651280882.07729,39654593450.19564,18.499638797434113,18.501184303968028,17.232392759609464,17.23383196827743
3.875589823755259,39651993797.14111,39655304695.62729,18.499971413956974,18.501516141509946,17.26242005019629,17.263861767967917
3.922331865052462,39652722216.2312,39656035531.18281,18.500311264013767,18.501857118989026,17.29174390700655,17.29318807869965
3.9696376446511854,39653472210.17197,39656786570.457924,18.50066117999872,18.502207522683516,17.320381200774182,17.321827787338222
4.017513961588521,39654250175.55142,39657558450.93079,18.501024146293798,18.502567650014214,17.348348471450965,17.349797387584395
4.06596769690221,39655041534.60701,39658351835.20383,18.501393361521192,18.502937810123854,17.37566182121703,17.37711298955976
4.115005814619619,39655852638.41521,39659167412.307106,18.50177178882909,18.503318324485218,17.402336925989104,17.403790329179365
4.164635362758645,39656692538.94329,39660005899.10959,18.502163651489003,18.503709527559554,17.428389175512457,17.429844777317303
4.214863474340702,39657553267.05443,39660868041.84855,18.50256523143307,18.504111767510135,17.45383360034244,17.455291348771457
4.265697368415905,39658440553.43357,39661754617.76185,18.502979202360585,18.504525406963836,17.478684863016017,17.480144711033194
4.317144351100639,39659354493.14043,39662666436.831505,18.50340560862246,18.50495082382458,17.502957310699458,17.504419192868134
4.369211816627631,39660289431.580666,39663604343.67836,18.50384181202012,18.505388412157323,17.52666491973206,17.528128792713584
4.421907248408684,39661255341.33723,39664569219.59261,18.504292465346058,18.505838583135436,17.54982135971099,17.55128718689881
4.4752382201102385,39662249379.942986,39665561984.66305,18.504756242423323,18.506301766034074,17.572440015358385,17.5739077376935
4.529212396741896,39663264730.212616,39666583600.188126,18.505229962636722,18.50677840935513,17.5945339007697,17.596003501190673
4.583837535758073,39664318978.19888,39667635071.361496,18.50572183090718,18.507268982080163,17.616115782039024,17.617587235031024
4.639121488172954,39665403989.10479,39668717449.92208,18.506228051876693,18.50777397490681,17.637198174191933,17.63867140597367
4.695072199688863,39666514737.11148,39669831837.06659,18.506746280707176,18.508293901607672,17.65779322311755,17.659268197318426
4.75169771183828,39667663266.65591,39670979386.84639,18.50728213683206,18.508829300615123,17.677912826303142,17.67938951618693
4.8090061631396015,39668853134.914116,39672161309.74582,18.50783727988176,18.509380736690815,17.697568685309086,17.69904700067005
4.867005790266854,39670062321.181335,39673378876.553955,18.508401435911143,18.509948802732094,17.716772121573214,17.7182520268469
4.925704929233514,39671316923.31029,39674633422.62211,18.508986781093032,18.510534121758347,17.73553421243593,17.73701571568272
4.9851120165906035,39672608317.40429,39675926352.51707,18.509589291875855,18.51113734908203,17.75386586822041,17.755348939812432
5.0452355906392325,39673943103.93355,39677259145.1822,18.510212047764533,18.51175917471662,17.77177773008604,17.773262330217836
5.106084292657776,39675316458.74617,39678633359.58486,18.510852798010404,18.51240032601146,17.789280196522988,17.790766282806327
5.1676668681438365,39676733698.3898,39680050640.89534,18.51151402309351,18.513061570534585,17.806383422719875,17.807870964899138
5.229992168071196,39678255423.91279,39681512727.37247,18.51222399694298,18.513743719285287,17.823097689415732,17.8245863216381
5.293069150161929,39679709179.14012,39683021458.0108,18.512902258678974,18.514447630261955,17.839432407858503,17.840922082320926
5.356906880173848,39681261219.24564,39684578781.01987,18.513626376052045,18.515174212418135,17.85539674327612,17.856887766675595
5.4215145332034815,39682870241.47655,39686186763.27422,18.51437707891527,18.51592443007155,17.871000327467073,17.87249269108522
5.486901395004776,39684526672.69734,39687847600.86705,18.51514990084172,18.516699307827956,17.886252283905492,17.887745974775964
5.5530768633236836,39686244214.700554,39689563630.95606,18.515951234518013,18.517499936107953,17.901161543503413,17.902656545982246
5.620050449248863,39688018709.06271,39691337345.05178,18.516779139796675,18.51832747734674,17.9157368777362,17.917233148104863
5.687831778578659,39689848953.19957,39693171404.04465,18.51763305560191,18.51918317300515,17.929986820735966,17.931484345879685
5.756430593204574,39691750636.93175,39695068655.254524,18.51852030215157,18.520068351524227,17.943919785073682,17.945418531577644
5.825856752511429,39693708703.30973,39697032151.7871,18.51943385449914,18.520984437356127,17.95754398649059,17.95904393125904
5.896120234794399,39695742005.93167,39699065174.61455,18.520382508949513,18.521932961266025,17.97086746818906,17.972368611108816
5.967231138693149,39697846464.02486,39701171257.88347,18.521364361583835,18.522915572139762,17.983898163700285,17.985400483883776
6.039199684643272,39700031413.473816,39703354218.092186,18.5223837681376,18.52393405059675,17.996643848084375,17.998147315508263
6.11203621634521,39702295362.336395,39705618187.85151,18.523440032532644,18.524990324741346,18.009112155189527,18.010616731861575
6.1857512022509145,39704640225.07167,39707967655.15038,18.52453404797596,18.52608648848256,18.02131054045243,18.02281622580842
6.2603552370684294,39707083113.9451,39710407509.295395,18.525673798339007,18.527224822967526,18.033246388337563,18.034753164533882
6.335859043284609,39709612852.97834,39712943094.96649,18.52685406937504,18.528407821801654,18.04492694022976,18.046434797257533
6.412273472706223,39712247696.09034,39715580276.2708,18.528083377603565,18.529638220933478,18.05635930604582,18.057868263417927
6.489609508019627,39714996409.2317,39718325513.1186,18.529365812852607,18.530919034288505,18.06755057627505,18.069060601439677
6.567878264369249,39717852605.08584,39721185952.94589,18.530698395065865,18.532253596563155,18.07850768606459,18.080018758222394
6.647090990955133,39720835637.29847,39724169541.93164,18.532090153849623,18.533645615114093,18.089237478770638,18.0907495995271
6.727259072649714,39723946631.44021,39727285160.99327,18.53354161434832,18.53509923340809,18.099746748198733,18.101259921483635
6.808394031634124,39727208934.32136,39730542793.61312,18.53506366921279,18.536619109322846,18.110042263187168,18.111556463505696
6.89050752905422,39730614716.223114,39733953735.26604,18.536652665421833,18.53821051285722,18.120130716935396,18.121645922986254
6.973611366696582,39734190786.00538,39737530857.99032,18.53832111087466,18.539879449569,18.130018750110466,18.131534972266337
7.057717488684729,39737942065.820435,39741288949.03964,18.540071302042833,18.541632818575845,18.139713020696107,18.14123027853815
7.142837983195795,39741896956.29783,39745245150.80421,18.541916489479092,18.54347861780417,18.1492202138827,18.150738527583016
7.228985084197899,39746061386.90204,39749419542.18216,18.54385943962499,18.545426215232887,18.158547045467706,18.16006645259611
7.3161711732084855,39750477969.074165,39753835921.57347,18.545920033206986,18.547486714205785,18.167700341630514,18.16922086987553
7.404408781073854,39755161381.03793,39758522884.75214,18.548105118473888,18.549673456321887,18.176687082529348,18.17820872396022
7.493710589770156,39760144778.03623,39763515347.57526,18.550430164283302,18.552002731868168,18.185514347928212,18.187037146086137
7.58408943422613,39765476731.22835,39768856762.47939,18.55291783191836,18.5544948139446,18.194189502055167,18.195713531946357
7.67555830416779,39771213079.46797,39774602462.691635,18.55559417346619,18.55717551873396,18.20272031196077,18.20424564837914
7.768130345985381,39777414514.00687,39780824933.98309,18.55848750494107,18.56007866508279,18.21111500487983,18.21264178521097
7.861818864622859,39784191378.01094,39787622591.02439,18.5616493078757,18.56325016918393,18.21938256004747,18.220910981259394
7.956637325490131,39791674276.5794,39795135451.60967,18.565140517178268,18.566755357517607,18.227533076309268,18.22906338034347
8.052599356398389,39800062860.10517,39803575901.65357,18.569054281419845,18.570693320519716,18.235578240795153,18.237110836019973
8.149718749518765,39809689660.85419,39813297813.59775,18.573545746327657,18.57522916035608,18.24353240941639,18.245068055298766
8.24800946336461,39821168453.006836,39824988945.57884,18.578901273411038,18.58068375637346,18.25141483733248,18.252955164701415
8.3474856247977,39835956831.546234,39836699741.19459,18.585800915876366,18.586147526625073,18.25925579951548,18.26078475283655
8.448161531058608,39860722529.756424,39842933806.574265,18.5973555608024,18.58905608229334,18.26712993335394,18.268527840271815
8.550051651821585,39865901785.02644,39843651433.45504,18.599771985936812,18.589390897154054,18.274982365825288,18.276125717981476
8.653170631274223,39855759950.75486,39843123591.51677,18.595040227804564,18.58914462805548,18.282620825359402,18.283544596012256
8.757533290222188,39875805897.03685,39842606654.0111,18.604392832747454,18.588903446511708,18.290134054259244,18.290781933615886
8.863154628219347,39878686478.3201,39842103860.36641,18.605736792187887,18.588668863905305,18.297595423032593,18.297842170354308
8.970049825723585,39866610635.80052,39841584320.95183,18.600102706231088,18.588426468419033,18.304828702751994,18.304729486660424
9.078234246278617,39872023243.11687,39841057818.89525,18.602628003726583,18.588180824453538,18.31185436611418,18.311447848621192
9.187723438722127,39872182894.97994,39840531914.614845,18.602702490646916,18.587935459385548,18.318744201686478,18.318001224140573
9.298533139420517,39858614241.7628,39839996840.93712,18.5963719212958,18.58768581625807,18.32539624102795,18.324393474345428
9.410679274530622,39859357166.37548,39839449338.779236,18.596718539026234,18.587430374518576,18.33182027051117,18.3306282971077
9.524177962288718,39878412186.08538,39838896260.09695,18.605608818837357,18.58717233100469,18.33820212920913,18.336709322882168
9.639045515327101,39854682801.833115,39838339701.66955,18.59453767490993,18.586912663986435,18.34440553857854,18.34264014541202
9.755298443018628,39866800874.12139,39837776291.711296,18.60019146352072,18.586649800328804,18.3503989922299,18.348424266070325
9.872953453849549,39857779555.92093,39837206058.06444,18.595982491591624,18.58638375302182,18.35626686506562,18.354065084907702
9.992027457820912,39868815473.81012,39836627775.44466,18.601131391960198,18.586113950398783,18.362007516252312,18.359565914761934
10.112537568878977,39865205263.65068,39836040412.6797,18.59944701802708,18.5858399113576,18.367652716348264,18.36492997751917
10.234501107374921,39885125601.32629,39835445542.740715,18.60874101921755,18.585562369781186,18.373255093928204,18.37016042181403
10.357935602554209,39878536259.60843,39834844815.74733,18.60566670638373,18.585282095546756,18.378797540702767,18.375260339500265
10.48285879507597,39868803557.58152,39834237029.66608,18.60112583234346,18.58499852783547,18.38411836415443,18.38023275156207
10.60928863956282,39871744232.85919,39833621924.22993,18.602497829142738,18.584711545217555,18.389276009439026,18.385080599360478
10.737243307181362,39867408035.48091,39832997889.6633,18.60047473976282,18.584420396638674,18.39430350702868,18.38980674419036
10.866741188253847,39878577869.35098,39832365437.848274,18.6056861197593,18.58412532092171,18.399250176050238,18.39441397355981
10.997800894901342,39852170421.274025,39831726103.000824,18.5933655026161,18.583827033868044,18.40399418947089,18.39890502027815
11.130441263718758,39874600203.7813,39831079316.86849,18.603830306412064,18.583525270354706,18.408605442860242,18.403282557678565
11.264681358482123,39862008556.84738,39830422367.59194,18.59795556756478,18.583218765140902,18.413160660620484,18.407549177558668
11.400540472888565,39859382929.817825,39829756764.96253,18.596730559177082,18.582908222632494,18.41752418441902,18.411707403808006
11.538038133329287,39892429886.232635,39829085612.64405,18.612148894812865,18.582595090869944,18.421953642973687,18.415759726071112
11.677194101695985,39857550744.48654,39828406771.88983,18.59587573769125,18.582278372002996,18.426265783306974,18.419708580167637
11.818028378221166,39860647089.58217,39827716539.40023,18.597320363554203,18.581956338226032,18.43030136216802,18.423556311868616
11.960561204352672,39850004103.939575,39827016364.916504,18.592354789032164,18.581629665928038,18.434199166990464,18.42730519908534
12.104813065662881,39832978422.604904,39826309048.52408,18.584411314118746,18.581299661512436,18.43785149514729,18.430957489293956
12.250804694792999,39861944589.49135,39825593328.29729,18.59792572305648,18.580965736217184,18.441484809456266,18.43451538509045
12.39855707443289,39844828544.82382,39824866515.69655,18.58994008836963,18.580626635681515,18.445096010687177,18.437981015006628
12.548091440336803,39854805514.2425,39824129698.449615,18.594594927417265,18.580282867393965,18.448583097395062,18.44135644842334
12.699429284375467,39888985532.30334,39823384960.976425,18.610541902499754,18.5799354038582,18.45223241751541,18.444643723258917
12.852592357625056,39872721175.45537,39822630744.4386,18.602953629932852,18.579583517785053,18.45589262387201,18.44784483193386
13.007602673493352,39877776429.32037,39821866884.6752,18.605312201168168,18.57922713258386,18.459404869184525,18.4509617101882
13.164482510883603,39869639734.418335,39821093436.2637,18.60151595768387,18.578866273718194,18.46281643557434,18.453996247302406
13.32325441739661,39866483184.88,39820309948.28197,18.6000432429315,18.578500730806546,18.466084925309588,18.456950285589247
13.483941212571365,39868890369.46178,39819516318.151794,18.601166335156794,18.57813045599019,18.46927202139972,18.459825620666283
13.646565991164776,39852539598.05329,39818712676.188774,18.593537745149426,18.577755510068958,18.472305924611547,18.462624005770657
13.811152126471006,39854347468.80974,39817899082.67163,18.59438122246574,18.5773759211664,18.475188175063867,18.465347153653266
13.977723273680795,39855076061.73188,39817074778.831856,18.59472115362534,18.57699133527268,18.478016122621685,18.46799673259932
14.146303373281274,39862509802.501465,39816239429.29737,18.598189427943137,18.576601595917133,18.48082240477415,18.4705743653363
14.316916654496875,39870816926.83703,39815393850.60295,18.602065186713965,18.576207084060933,18.483649226657857,18.473081638843805
14.489587638771654,39859029618.884964,39814537467.198074,18.59656571898792,18.575807531176135,18.486389176086004,18.475520103788824
14.664341143293623,39859953578.57678,39813670023.235664,18.596996800158106,18.575402817895135,18.489004592739615,18.47789126951586
14.84120228456165,39848628004.95426,39812792076.90797,18.59171275846943,18.574993204647225,18.491500152021523,18.480196611308344
15.020196481995317,39849150524.889275,39811901362.17296,18.591956544542594,18.574577634191424,18.49387727320932,18.482437559965074
15.201349461588306,39859244410.81706,39810998636.63667,18.59666593197151,18.574156459995205,18.496257068000016,18.48461550415001
15.384687259605924,39872027482.9499,39810085430.00855,18.602629981856364,18.573730395757387,18.49870700669849,18.4867318122943
15.570236226327143,39851754284.9012,39809160374.44658,18.593171350689186,18.573298803299757,18.50105641041444,18.488787821207115
15.758023029831811,39860964959.4012,39808223433.31708,18.597468668393436,18.572861665530567,18.503289988932856,18.49078482830808
15.948074659833509,39835271982.78794,39807274050.01349,18.585481393924553,18.572418722760347,18.50537839925043,18.492724096982673
16.14041843155869,39871307779.62776,39806312267.901794,18.60229419821446,18.571969995221856,18.507476539094935,18.494606857867794
16.335081989672556,39857729045.15773,39805338517.75775,18.59595892536996,18.571515683897154,18.509647442329232,18.496434315077696
16.532093312252265,39863284447.754944,39804352165.21097,18.598550845205498,18.57105549281539,18.5117232035005,18.49820764303849
16.731480714808132,39846013875.97382,39803352687.3763,18.59049311459331,18.5705891780201,18.513684282562206,18.49992798195979
16.933272854353273,39848926993.96667,39802340393.86036,18.591852254309433,18.57011688396086,18.515520218003754,18.501596443886438
17.13749873352231,39851677378.85681,39801315253.22457,18.593135469526942,18.569638595969735,18.517343952516434,18.503214116043036
17.34418770473983,39855311757.726166,39800276023.36817,18.594831119575073,18.56915373453416,18.51915979610467,18.50478205281717
17.553369474439055,39866649646.23982,39799223070.46396,18.60012090687985,18.568662470495134,18.5210156230714,18.50630127882831
17.765074107331372,39852206262.609825,39798156908.41771,18.593382224692952,18.568165043619725,18.522809464622352,18.507772799289754
17.979332030727445,39867388555.2033,39797076871.946075,18.600465651075357,18.56766114351439,18.52456587211609,18.509197594723798
18.196174038910378,39856126353.31,39795982620.08257,18.595211176000277,18.567150611098338,18.526301456669277,18.510576616871838
18.415631297561585,39866593850.16515,39794874031.66883,18.60009487475164,18.566633389844117,18.52799224981445,18.511910792379986
18.637735348240156,39857880373.05295,39793750989.48965,18.596029528673036,18.56610942506399,18.529652043725235,18.513201024623164
18.862518112916142,39861425197.304955,39792613188.259735,18.59768339626076,18.565578574324533,18.531244354126663,18.514448193232404
19.090011898558522,39844486985.22858,39791460612.94365,18.589780730865932,18.565040830610833,18.532724238668678,18.51565315523798
19.320249401778593,39865860416.03998,39790292974.778496,18.599752684888017,18.564496059198135,18.534194843882762,18.516816745677463
19.553263713529255,39857375657.31663,39789109819.05245,18.59579404929861,18.56394404793681,18.535700851806318,18.517939775690387
19.789088323861044,39874064791.38223,39787911064.30697,18.60358050525129,18.563384758821684,18.537217357639562,18.51902303424797
20.027757126735455,39869453601.96936,39786696708.761345,18.601429116023326,18.562818191021957,18.538763981494334,18.520067291171884
20.269304424896426,39935050348.53391,39785466469.21285,18.632033830189812,18.562244212407013,18.540613344048,18.521073296461
20.513764934800466,39848784331.24461,39784219870.02724,18.591785693815822,18.561662601065688,18.54229962593001,18.52204177814503
20.76117379160629,39844580542.95644,39782956787.78073,18.58982438101124,18.561073299413586,18.543448666680437,18.52297344370617
21.011566554224647,39855546624.92234,39781677035.55301,18.59494069884207,18.560476220241455,18.544608361013033,18.523868982147775
21.264979210429043,39866389304.59516,39780380326.13141,18.59999944229452,18.559871229547806,18.545861108729923,18.52472906352571
21.52144818202804,39858088603.0234,39779066571.95591,18.596126680118196,18.55925828648078,18.54709759142787,18.525554339956347
21.78101033010006,39879882959.694855,39777735481.47608,18.60629502064277,18.55863725501507,18.5483803534035,18.526345446004225
22.043702960291224,39855361990.2489,39776386711.25803,18.594854555981307,18.558007974918702,18.549616120642504,18.527102997688765
22.309563828177094,39856051091.94504,39775020032.602615,18.595176062177064,18.55737033949016,18.550691731503697,18.527827593276513
22.578631144689147,39876433741.122574,39773635335.13093,18.60468575868953,18.556724297231245,18.551858971031812,18.528519814989917
22.85094358160664,39837197822.42174,39772232090.504715,18.58637991061341,18.556069601641294,18.552892383201108,18.52918022771362
23.126540277114675,39844595280.40513,39770810052.53733,18.589831256891955,18.55540613785986,18.553726892016073,18.529809378677836
23.405460841429427,39862374569.806915,39769369233.95164,18.598126333991388,18.554733911822893,18.55468112065595,18.5304078008662
23.687745362491093,39828102619.49336,39767909161.028046,18.5821364671427,18.55405270251254,18.555519865857313,18.53097601207104
23.9734344117255,39862077609.912544,39766429569.105125,18.59798778485348,18.553362386448775,18.556339359368742,18.531514513743307
24.26256904987534,39867952764.44152,39764930291.04895,18.60072888764379,18.552662885653866,18.557358750564433,18.532023793070465
24.555190832901552,39874235222.41792,39763410986.47654,18.603660021285325,18.551954041319267,18.5584211967683,18.532504322886947
24.851341817956033,39859485839.5908,39761871344.612885,18.596778572597742,18.55123570845028,18.55941097994815,18.53295656122705
25.15106456942623,39834848505.798965,39760311008.738914,18.5852838171714,18.550507720616622,18.560159303236066,18.53338095158279
25.454402165052805,39865776942.81042,39758729721.2143,18.59971373975026,18.54976995761403,18.5609265079022,18.533777923546904
25.76139820212097,39837589471.7745,39757127396.210464,18.58656263791503,18.549022379398455,18.561688726467178,18.534147894641713
26.072096803726463,39876269718.03401,39755503679.39974,18.604609232337157,18.548264820655344,18.56249309343286,18.53449127005615
26.38654262511724,39804463946.47286,39753857656.67799,18.57110764530387,18.547496854901723,18.56309166504287,18.534808438350563
26.70478086011153,39872471324.148254,39752189371.04193,18.60283705970279,18.546718502198065,18.563659694259155,18.535099774096874
27.02685724759327,39839916571.52307,39750499014.48246,18.587648365887404,18.54592985211934,18.564406874004995,18.535365644296416
27.35281807808605,39825500511.95639,39748785737.80471,18.580922431972205,18.545130508466542,18.56487735425677,18.535606403588858
27.68271020040616,39840148566.58591,39747048972.43811,18.58775660513642,18.544320205968283,18.565338933032642,18.535822390385405
28.016581028395926,39847680501.05989,39745288737.62083,18.591270692553397,18.543498953600288,18.56591192484181,18.53601393206314
28.354478547738374,39826056467.886894,39743504814.84891,18.58118181789046,18.5426666494177,18.566392491314986,18.536181347133784
28.696451322853907,39841312586.95528,39741696687.16035,18.58829968863605,18.54182305222755,18.566827699894784,18.536324942488303
29.042548503880234,39861358783.21644,39739864025.2705,18.597652410208823,18.54096800839931,18.56744786519882,18.536445013076055
29.39281983373656,39842500932.737946,39738006448.12123,18.588854121361972,18.540101340147103,18.56805861659311,18.536541842930852
29.747315655272857,39870350075.657196,39736123568.556564,18.601847373367033,18.53922286684005,18.568706138622485,18.5366157051113
30.10608691850536,39850198319.81648,39734215018.222275,18.59244540208404,18.538332416619387,18.569379271428907,18.536666862031804
30.469185187939466,40030155437.55142,39732280455.349495,18.676405909867498,18.537429830029968,18.57092629842496,18.53669556596589
30.8366626499808,39884543969.31947,39730319491.97711,18.608469653909804,18.53651492606528,18.5726157095638,18.536702059175642
31.208572120435743,39818285345.9209,39728331624.098625,18.577556135536106,18.53558746957684,18.573096760334774,18.536686573249977
31.58496705210235,39836455722.45355,39726316619.63403,18.5860336776278,18.534647352285774,18.57330343694645,18.536649330231853
31.965901542452947,39876759727.07015,39724274123.92558,18.604837850176846,18.53369440872352,18.573829126599893,18.536590543656775
32.35143034140928,39807629198.51152,39722203268.11323,18.572584420281004,18.532728233516114,18.57417941782536,18.536510415222043
32.74160885921138,39850119005.39106,39720103846.5255,18.592408397271353,18.5317487307058,18.57437786985384,18.536409135929645
33.13649317438156,39846949438.48467,39717975717.63087,18.590929609156365,18.530755834259853,18.57478742274862,18.53628689033957
33.53614004178425,39828189394.95057,39715818256.1548,18.582176952962556,18.52974925245118,18.575065555497794,18.53614385438527
33.94060690078302,39844552135.68994,39713631013.509995,18.589811127361983,18.52872877598759,18.575325012934172,18.535980193902823
34.34995188349621,39844054841.28139,39711413550.11797,18.58957911047048,18.527694199780054,18.575665449990705,18.535796065890946
34.764233823151955,39852299224.45701,39709165405.56007,18.593425596825117,18.526645309016363,18.576040927708814,18.535591618653974
35.1835122625439,39812853146.20799,39706886101.266716,18.575021697043105,18.525581880415864,18.57623348418096,18.53536699179247
35.60784746258914,39866421944.9879,39704575168.030655,18.60001467094445,18.524503695065956,18.576502613575332,18.535122316361687
36.03730041098919,39836636871.533714,39702232124.2232,18.586118194255686,18.523410528258726,18.576894053358004,18.534857715056518
36.4719328309954,39840138912.359055,39699856475.177505,18.587752100875633,18.522302149203192,18.57713206086954,18.53457330226873
36.91180719028024,39831381344.880486,39697447719.79964,18.583666184065546,18.521178324109762,18.57733497715874,18.534269184176363
37.356986709915475,39838445446.522125,39695005373.03017,18.586962000137348,18.520038826669875,18.577524250696825,18.533945458992175
37.807535373458514,39826927397.69813,39692528914.66832,18.581588157523566,18.518883414179488,18.577683808321844,18.533602217045054
38.26351793614863,39836099898.33343,39690017826.11099,18.58586766488997,18.517711844679955,18.577827307809123,18.533239540782606
38.724999934213855,41174476584.46768,39687471585.42959,19.21029857147342,18.516523874661093,18.585459079677513,18.532857504948197
39.19204769429011,39771019213.58895,39684889573.44277,18.555503723708775,18.515319215238645,18.592459520108093,18.532456176204477
39.66472834295417,39799893917.68033,39682271239.97955,18.568975459909726,18.514097609725702,18.591744512494973,18.532035613174244
40.143109816371364,39865859455.06746,39679616089.95106,18.5997522365382,18.512858827134384,18.59157183669205,18.53159586731629
40.62726087005974,39814309672.64189,39676923536.68497,18.575701251708846,18.511602593747785,18.591479031796275,18.53113698288856
41.11725108877194,39817963303.58975,39674193000.9245,18.577405883976226,18.510328639308774,18.591125541880302,18.530658996656825
41.61315089649633,39812298375.344986,39671423904.745964,18.574762864028063,18.509036694182196,18.590769002020707,18.530161938120337
42.11503156657874,39818035538.34157,39668615607.13655,18.57743958570761,18.507726459298123,18.590421686190716,18.529645829340563
42.62296523196612,39815203907.72414,39665767504.71972,18.576118464612275,18.506397653146156,18.59009837332457,18.529110684980036
43.13702489557402,39843031256.69608,39662878992.01753,18.589101548467806,18.505049993235467,18.589921882392638,18.528556512672758
43.65728444077888,39834432231.343544,39659949415.85553,18.585089600820893,18.50368317482201,18.589854637229962,18.52798331291393
44.18381864203688,39807927243.91077,39656978130.98246,18.572723475870347,18.502296896858393,18.58959437909946,18.52739107901117
44.71670317563108,39815141083.00012,39653964484.634895,18.57608915320856,18.50089085479234,18.58923478564971,18.526779797256527
45.25601463054789,39753553420.647156,39650907797.111664,18.54735491102111,18.499464731503547,18.588580918963235,18.526149446901655
45.80183051948482,39833068466.96459,39647807391.83908,18.584453325072563,18.49801821133087,18.58804629918113,18.525500000193993
46.35422928999115,39816312631.170715,39644662605.56794,18.576635748867204,18.496550984829806,18.587868013910338,18.524831422634044
46.91329033574276,39792721486.65671,39641472713.2251,18.56562910185307,18.495062713711384,18.587470736322317,18.524143672864575
47.479094007952895,39768787559.04202,39638236931.80768,18.554462526498483,18.49355303265902,18.58682019793307,18.52343670217146
48.05172162692088,39827471053.91929,39634954577.31534,18.581841804908912,18.49202162254659,18.586379862936752,18.52271045489013
48.631255493719785,39839960297.08766,39631624951.47324,18.587668766417554,18.490468157588108,18.58634178754416,18.52196486903479
49.21777890202509,39832381757.05413,39628247255.296394,18.584132934784545,18.488892265010385,18.58633108989256,18.521199875809778
49.811376150086275,39790587810.52816,39624820716.06651,18.564633617298455,18.487293584295216,18.586046640223774,18.52041539936372
50.41213255284251,39793853176.24247,39621344558.259865,18.566157101153514,18.485671753615467,18.585557482590943,18.51961135708538
51.02013445418457,39806263946.307106,39617817974.814125,18.571947450375184,18.48402639642942,18.585166855850304,18.518787659573043
51.6354692393646,39838032636.78677,39614240141.95632,18.586769400281145,18.482357128398867,18.58503029618629,18.517944210529194
52.2582253475557,39849707588.999,39610610248.49467,18.592216447491193,18.48066357105545,18.585136410598462,18.51708090690211
52.8884922845628,39910826146.1405,39606927454.119,18.620731824694282,18.47894533234539,18.58564396427745,18.516197638953045
53.526360635686835,39769732739.4374,39603190868.59231,18.554903508366507,18.477201996921117,18.58569078895143,18.515294289977103
54.171922078744295,39786968700.89533,39599399613.9691,18.562945091241133,18.475433155169775,18.58505721391805,18.514370736262368
54.825269397243595,39862305945.549866,39595552789.12221,18.598094316766726,18.473638386662895,18.584952208001976,18.513426847194513
55.48649649372027,39856250736.354324,39591649491.50874,18.595269207956406,18.471817270311504,18.58522990153858,18.512462485285127
56.15569840323338,39816725966.50796,39587688838.489136,18.57682859394739,18.469969394312677,18.58524799570141,18.511477506437473
56.83297130702432,39814385522.045425,39583669882.282555,18.575736639886408,18.468094316471294,18.58503551229565,18.510471759850173
57.51841254634043,39848630119.949684,39579591649.690186,18.591713745238344,18.466191582733256,18.585005602950492,18.509445087676895
58.21212063642555,39815856641.89234,39575453155.420525,18.57642300323181,18.464260733402522,18.58498231258621,18.508397324986376
58.91419528067912,39788546021.86758,39571253385.76739,18.563681003615336,18.462301295525936,18.584627682077155,18.507328299705875
59.6247373849859,39806462120.425804,39566991340.253624,18.57203991017808,18.460312802322466,18.584231030036406,18.5062378327078
60.34384907221895,39765556700.868835,39562665997.09573,18.552955142427148,18.458294777070424,18.58371476929491,18.50512573793107
61.07163369691718,39772877809.038666,39558276296.43097,18.556370867057623,18.45624672528192,18.58302672353194,18.50399182221663
61.808195860139854,39847628964.73204,39553821158.31114,18.591246647845914,18.45416814309804,18.58281080981564,18.50283588515471
62.553641424500675,39976245335.36076,39549299493.18379,18.65125369798748,18.452058522178916,18.58372576800519,18.501657719092897
63.308077529382736,39793781349.87462,39544710195.04519,18.566123589957108,18.449917346509196,18.584311138445713,18.50045710916351
64.07161260633724,39771184889.087524,39540052122.4207,18.555581021006944,18.447744083524288,18.58375460811632,18.499233833166876
64.84435639466776,39799057553.18412,39535324108.77532,18.568585247015246,18.445538188967465,18.583242095487417,18.497987661410942
65.62641995720267,39759638520.79989,39530524967.775734,18.550193965709067,18.44329910934493,18.582675681431198,18.49671835664093
66.41791569625771,39791017894.12823,39525653528.42755,18.564834276421614,18.441026298319407,18.58208059858428,18.4954256741951
67.21895736979077,39797375451.98022,39520708571.78432,18.56780044854214,18.43871918718116,18.581707349923846,18.494109361997875
68.02966010775216,39731968499.686386,39515688824.094696,18.537284284489953,18.436377181650787,18.581014212426794,18.49276916016732
68.85014042863149,39791228470.05449,39510593016.54065,18.5649325223922,18.43399968975055,18.580307653482883,18.491404800926468
69.68051625620426,39804355536.77002,39505419845.45192,18.57105706584464,18.43158610324212,18.580016374687222,18.49001600862367
70.52090693648064,39785824780.6891,39500167981.29698,18.562411385641777,18.42913580182138,18.579701082908077,18.488602499583916
71.37143325485853,39788151280.36893,39494836110.157394,18.56349683364703,18.42664817246862,18.57930439421034,18.487163982243672
72.23221745348323,39775299322.01892,39489422878.35611,18.557500644317816,18.42412258361442,18.57885842881149,18.485700157202455
73.10338324881701,39849001002.95088,39483926864.95497,18.591886783823874,18.421558372308127,18.578762200896435,18.484210716816158
73.98505584942022,39899704690.541046,39478346643.07646,18.615543015987107,18.41895487282802,18.579355054738524,18.48269534498979
74.87736197394675,39873760245.53362,39472680770.97134,18.603438416822588,18.416311412513863,18.5800681629996,18.481153717262398
75.78042986935695,39775789654.37912,39466927757.100494,18.557729413007063,18.413627295475532,18.580077136459863,18.479585500646735
76.69438932934987,39669833091.990204,39461086076.13967,18.508294487102845,18.410901810060157,18.578958567764307,18.477990353369893
77.61937171301778,39749612685.89993,39455154207.80429,18.545516328059897,18.40813424696617,18.577727978215698,18.476367924923863
78.55550996372601,39745609391.04919,39449130589.23761,18.54364855715588,18.405323877029613,18.576942568527862,18.47471785606348
79.50293862822011,39844628434.25959,39443013600.33856,18.589846725101776,18.402469944378687,18.57670431280974,18.473039778461263
80.4617938759637,39754290047.515335,39436801623.1242,18.54769859048585,18.39957169412984,18.576513404924153,18.47133331461989
81.43221351870939,39806788257.20573,39430492998.75099,18.572192072037492,18.39662835233566,18.57612261679526,18.469598077873908
82.41433703030589,39742013082.384,39424086012.54593,18.541970669081902,18.393639119001023,18.57566934968177,18.467833672072032
83.40830556674398,39700519002.61769,39417578942.63095,18.522611256956186,18.390603190769227,18.57464026342092,18.46603969145517
84.41426198644395,39750747628.24529,39410970038.30565,18.546045844962705,18.387519750836265,18.57368687080302,18.464215720684145
85.4323508707883,39768667256.42301,39404257497.38057,18.55440639829913,18.38438795837548,18.573131637315374,18.462361334622106
86.46271854490156,39743449805.89522,39397439480.23514,18.542640984527406,18.38120695509641,18.572547795614067,18.460476098075645
87.50551309868081,39716594597.69237,39390514118.67125,18.530111461129156,18.377975869375508,18.57168993663805,18.458559565668534
88.56088440808018,39718514221.397896,39383479502.899216,18.531007077724365,18.37469381018432,18.570715541108083,18.45661128169474
89.62898415665175,39694903828.6806,39376333652.851135,18.519991450299,18.371359853705506,18.569643504394293,18.45463077974393
90.70996585734608,39714516804.21944,39369074567.70042,18.52914204909782,18.367973066436576,18.568576205144353,18.452617582453552
91.80398487457624,39606164511.10402,39361700276.50664,18.478589374860885,18.364532528818696,18.567039508181885,18.450571201820452
92.91119844654749,39701025315.95795,39354208749.708176,18.522847481706176,18.3610372939428,18.565471385696625,18.448491139291217
94.03176570785615,39765753855.880974,39346597854.108795,18.553047126757303,18.357486366548244,18.56482143530655,18.44637688511389
95.16584771236167,39663440799.34704,39338865415.07962,18.505312109173172,18.353878732043615,18.563973627374473,18.444227917803577
96.31360745633391,39661919644.130135,39331009238.67001,18.504602401404806,18.350213366822782,18.562575373495047,18.442043704085375
97.47520990187972,39745304624.593994,39323027095.53569,18.54350636580132,18.346489230766405,18.561665504722626,18.439823698870786
98.65082200065248,39732701435.79853,39314916707.0191,18.537626242001405,18.34270526074763,18.561165209364923,18.437567345068953
99.84061271784705,39762129612.47046,39306675734.40546,18.551356205492795,18.338860365619393,18.56077114771499,18.435274073266203
101.04475305648423,39765665684.85339,39298301799.40223,18.553005989822346,18.334953435769293,18.560567751199176,18.432943301468043
102.26341608198875,39618921393.755264,39289792483.906235,18.484541205822694,18.33098334301094,18.55957271147128,18.430574434958395
103.49677694706244,39765440584.63117,39281145313.0186,18.55290096741924,18.32694893265944,18.558609717331386,18.428166866066537
104.74501291685849,39703164623.0085,39272357763.22034,18.52384559341484,18.322849027345768,18.55812821680686,18.425719973891688
106.00830339445916,39769150424.37172,39263427257.61309,18.5546318243719,18.31868242479631,18.557682876570162,18.423233124052555
107.28682994666,39674961537.24287,39254351157.58018,18.510687206396046,18.314447893942248,18.55708690801207,18.420705668370296
108.58077633006585,39619583386.14679,39245126770.149994,18.484850063944233,18.310144178355014,18.555679717358025,18.418136944554163
109.89032851750162,39665529330.86025,39235751369.02825,18.506286531127568,18.305770006059063,18.554257092354955,18.415526276051942
111.21567472474072,39710711944.34343,39226222162.18291,18.527366859701285,18.301324074408353,18.55337179609172,18.412872971839285
112.5570054375567,39744510643.66467,39216536286.36633,18.54313592731667,18.296805047530597,18.552943611024183,18.41017632600547
113.91451343910114,39661633105.82688,39206690830.872154,18.504468714547944,18.29221156741125,18.55225045608865,18.407435617450993
115.28839383761098,39646250652.62565,39196682824.07325,18.497291901549453,18.287542247612663,18.551032895737535,18.40465010964798
116.67884409445062,39605763841.26918,39186509218.609985,18.478402438977437,18.282795666363555,18.549534571537247,18.401819050249962
118.08606405249265,39662874390.013435,39176166911.14233,18.505047846131724,18.277970375774515,18.54816685468478,18.398941670739347
119.51025596483952,39807228409.70273,39165652761.08244,18.572397428889257,18.273064910577858,18.547947886518557,18.39601718629592
120.95162452389278,39716834413.949425,39154963529.31825,18.530223349422158,18.268077759538585,18.548024555600488,18.393044795430658
122.410376890773,39854032251.09448,39144095893.38432,18.594234154987838,18.263007372532485,18.548365623609918,18.390023679375936
123.88672272509324,39607457135.77774,39133046516.726234,18.479192459781032,18.257852192862014,18.548081390701196,18.386953001958673
125.38087421509283,39691756538.41304,39121811969.28879,18.518523055537333,18.25261062020605,18.546917987449824,18.383831909415395
126.89304610813464,39691198378.52855,39110388718.75944,18.518262641345796,18.24728100653445,18.546242157359682,18.380659529726795
128.42345574156886,39582505561.38428,39098773188.977684,18.467551092757375,18.241861683359435,18.544974948031843,18.377434972244703
129.97232307397022,39625684961.43366,39086961718.04096,18.487696805244674,18.236350942189546,18.54338071278781,18.374157327415812
131.53987071675215,39638513799.46713,39074950556.48761,18.493682207595633,18.230747033681887,18.542132788800174,18.370825666271717
133.12632396616075,39618404768.16237,39062735885.1933,18.48430016980445,18.225048175991862,18.540873102994315,18.367439040020546
134.731910835656,39481198689.793846,39050313812.91107,18.420285519226606,18.219252553625456,18.538769932683348,18.36399647973293
136.3568620886835,39567184668.747986,39037680363.822624,18.460403001358547,18.21335831163118,18.536440900928923,18.360496995952662
138.00141127184006,39648052402.74076,39024831465.296196,18.49813252322904,18.207363549888406,18.535089045975273,18.356939578180107
139.66579474844085,39571263707.052475,39011762958.55867,18.462306111008356,18.20126632808654,18.533786539989755,18.35332319435999
141.35025173249107,39542470173.15831,38998470595.67354,18.448872245446033,18.195064664315055,18.53193295063865,18.349646790423108
143.05502432306622,39597825379.772385,38984950042.05386,18.47469868295667,18.188756536235935,18.530272864969717,18.345909289836246
144.78035753910876,39524235564.25339,38971196878.8053,18.440364735200482,18.18233988217683,18.528547058864735,18.342109593189647
146.5264993546428,39613350364.14935,38957206577.78569,18.48194199507473,18.175812589494917,18.526953333881107,18.338246577668432
148.2937007344144,39449814020.848816,38942974509.666214,18.405642737799525,18.16917249833787,18.52497768399046,18.334319096444307
150.0822156699622,39535644862.461464,38928495959.16807,18.44568783929917,18.162417408752674,18.52262763904039,18.330325978210777
151.8923012161215,39571833443.53314,38913766102.472046,18.462571926358265,18.155545070145887,18.521006003470365,18.326266026687378
153.72421752796987,39536483022.6209,38898780005.577835,18.446078889975443,18.148553180518142,18.51942504970977,18.322138020002487
155.57822789821867,39403573049.981476,38883532634.94057,18.38406862368118,18.141439391426715,18.51694837768971,18.317940710140867
157.45459879505376,39428608154.72636,38868018846.73977,18.395748962493276,18.134201302978873,18.513939411924714,18.31367282240306
159.35359990043426,39455713099.182724,38852233378.08248,18.408395002442365,18.126836459727617,18.51128997024198,18.309333054769716
161.2755041488532,39553042859.62323,38836170848.857086,18.453805021295096,18.11934235153659,18.50939335099527,18.30492007724302
163.22058776656405,39523160913.69513,38819825766.88169,18.439863347938356,18.111716415982112,18.507910222425455,18.300432531242414
165.189130311282,39362837636.4833,38803192518.83336,18.365063173687734,18.103956034121122,18.50540668388845,18.295869028992655
167.1814147123639,39506928196.39132,38786265361.45019,18.432289837067056,18.096058526386447,18.5028828284419,18.29122815282745
169.1977273114714,39464924891.63307,38769038432.34651,18.41269284173576,18.088021157632717,18.500976818667567,18.28650845452151
171.23835790372596,39286853441.44591,38751505748.56018,18.329612108016335,18.079841136458587,18.497895148343023,18.281708454689692
173.30359977936027,39378220854.70813,38733661183.91368,18.372240343614422,18.071515604644382,18.494416218386483,18.27682664206659
175.3937497658705,39473581134.49643,38715498461.34388,18.41673148469388,18.06304163357347,18.492051849767847,18.271861472636125
177.5091082706783,39331406690.34221,38697011179.18246,18.350398801245365,18.054416236493623,18.48947689547159,18.26681136888575
179.64997932430765,39340134503.8387,38678192803.75235,18.354470836084708,18.045636365062812,18.486230412525956,18.26167471918155
181.81667062408056,39396452838.41023,38659036639.68175,18.380746629049504,18.03669889549898,18.483421918357546,18.256449876952406
184.00949357834142,39393065349.404625,38639535838.05956,18.37916616754511,18.027600632385017,18.480970522775895,18.25113515977577
186.22876335121506,39372451956.03766,38619683402.82233,18.369548815389138,18.01833831164863,18.478443986349554,18.24572884856539
188.4747989079024,39301808709.63756,38599472185.77109,18.33658961425345,18.008908598237443,18.475471293298973,18.24022918678566
190.74792306052458,39348176787.22654,38578894876.087524,18.358223031082495,17.999308081227642,18.472438741034576,18.23463437959892
193.04846251451977,39319499898.973236,38557943984.09244,18.3448435875256,17.989533266246358,18.46957332492878,18.22894259288512
195.37674791559772,39284053157.76687,38536611851.81244,18.328305612098923,17.979580580401663,18.466421172781818,18.223151952254106
197.73311389726268,39368640741.87308,38514890670.52089,18.36777066134579,17.969446380466426,18.463619269034382,18.217260542237018
200.11789912890913,39314535378.10323,38492772442.40007,18.342527348532702,17.959126934991477,18.461047621898015,18.21126640537998
202.53144636449608,39180066834.92926,38470248975.7496,18.279789918038745,17.94861842207007,18.457492028726794,18.20516754112201
204.97410249181,39180175437.686584,38447311909.62035,18.279840587569165,17.937916940831016,18.453282551486545,18.19896190481017
207.44621858232193,39302190854.90748,38423952678.845245,18.336767907345237,17.927018495123537,18.44985179816975,18.19264740667897
209.94814994164432,39293742193.759056,38400162512.476944,18.332826113383206,17.91591899278833,18.447125664422643,18.186221910653092
212.48025616059775,39249152804.20737,38375932453.17679,18.31202255842725,17.90461425470367,18.44416978956942,18.179683233277785
215.04290116689413,39233049034.76608,38351253335.97765,18.304509209266428,17.893100004877002,18.44094944929906,18.17302914266297
217.63645327744084,39222698603.85026,38326115792.4104,18.299680128614277,17.881371872370213,18.437659388126807,18.16625735735865
220.26128525127794,39160379409.582855,38300510231.558266,18.270604584055636,17.869425382460367,18.4340439221137,18.159365545174342
222.91777434315375,39151901558.42638,38274426823.21416,18.266649171249686,17.857255948781617,18.43012461539803,18.152351321828682
225.60630235774448,39107117103.820854,38247855519.123825,18.245754607051214,17.844858883236373,18.42600259107095,18.145212249656673
228.32725570452996,39220406852.209015,38220786037.01655,18.298610892598862,17.8322293885447,18.42236207684344,18.137945836375405
231.08102545333108,39022488046.43031,38193207852.01193,18.20627020809451,17.819362554235074,18.418329774977753,18.130549533743583
233.86800739051486,39221116408.39868,38165110206.90317,18.298941942010718,17.80625336144212,18.41441006417825,18.12302073626273
236.68860207588085,39137165595.8956,38136482082.12504,18.25977398391431,17.792896668894954,18.411207657005654,18.1153567797987
239.54321490022994,39045118653.02751,38107312188.41921,18.216828708059744,17.779287209495088,18.40710814763587,18.107554940030045
242.4322561436301,39162664112.19159,38077588972.2408,18.271670531285608,17.76541959283892,18.403253631727665,18.09961243092299
245.35614103438468,39152366136.67186,38047300595.49353,18.266865924139967,17.751288295763008,18.40007893653427,18.09152640315947
248.31528980870976,39101170358.582634,38016434956.54765,18.242980103013007,17.736887672150143,18.39663823686768,18.083293942608027
251.31012777113347,39100415621.78998,37984979692.3992,18.24262797421059,17.72221195393678,18.39299360436603,18.07491206895834
254.3410853556237,39042224697.777275,37952922123.21161,18.21547850888246,17.70725522523846,18.389107635958414,18.066377734091656
257.408598187451,38952523960.74449,37920249248.10403,18.17362787510583,17.6920114203848,18.384495321298477,18.057687820161743
260.5131071457995,38913985932.935455,37886947761.54184,18.155647633898667,17.676474331566656,18.379285225317084,18.048839137789273
263.6550584271334,38963469366.65793,37853004038.461525,18.178734546350373,17.660637601895967,18.374261974951114,18.03982842430636
266.8349036093247,38944512251.43288,37818404131.133484,18.16988994470061,17.644494723942113,18.369524179956926,18.0306523419435
270.05309971655794,38996652739.153496,37783133747.07344,18.1942165280567,17.628039029426265,18.36508438509676,18.02130747591945
273.31010928501604,38858969148.98862,37747178245.05786,18.129979090331567,17.611263687362364,18.36027070853549,18.011790332432803
276.6064004293574,38846468341.7377,37710522639.3118,18.12414673350289,17.59416170601099,18.3547451842905,18.00209733670257
279.9424469099964,38920532825.02927,37673151571.83766,18.158702141503138,17.576725919969117,18.349693687635437,17.99222483092442
283.3187282011958,38825114293.93238,37635049303.98364,18.114183822785417,17.55894898623629,18.344638235653896,17.982169072076292
286.7357295599775,38928843824.75865,37596199709.772736,18.162579708371567,17.54082338110222,18.339755087118863,17.971926229692677
290.1939420958668,38788557675.622406,37556586263.375145,18.097128024855422,17.522341394301936,18.334777504031653,17.96149238358537
293.69386284147885,38610231487.895676,37516192039.77096,18.013928441193066,17.503495129324957,18.328155681292635,17.950863521552957
297.2359948239523,38687034052.253586,37474999695.330086,18.049761323958283,17.484276494354702,18.321138092475536,17.940035537040377
300.8208471372484,38571637549.80928,37432991443.0252,17.995922114575468,17.46467719070388,18.314067094564308,17.929004226609305
304.44893501532135,38586798178.04437,37390149055.66134,18.002995433269145,17.444688714321284,18.306613962593527,17.917765287350367
308.1207799061689,38461563100.046555,37346453854.64229,17.9445659536612,17.424302350550647,18.29872439786381,17.906314314311835
311.836909546778,38633699674.58823,37301886676.36786,18.024877721200795,17.403509158453023,18.291290817825466,17.894646797740783
315.5978580389755,38587372062.039536,37256427876.63261,18.003263183676847,17.38229997285904,18.284721436416294,17.882758120229436
319.4041659261899,38360108691.319885,37210057332.65016,17.89723154543786,17.36066540531337,18.276789618081494,17.87064355396452
323.2563802711419,38365342968.796074,37162754410.22533,17.899673641645624,17.338595828758578,18.26782631020412,17.858298257870416
327.15505473447257,38495850283.62146,37114497923.913055,17.960562927716175,17.31608135894699,18.25982972615042,17.84571727441812
331.100749654316,38312761959.27678,37065266152.94083,17.875141529136968,17.293111861869384,18.25172160168299,17.83289552637945
335.0940321268354,38584773186.283806,37015036826.65103,18.00205065632109,17.269676946963024,18.24431210926855,17.819827813664727
339.13547608772984,38527743865.76482,36963787077.99455,17.97544314687891,17.245765945413698,18.238255422773108,17.806508809896755
343.2256623947215,38150922085.25369,36911493452.15569,17.7996337738805,17.221367914179748,18.229933826632585,17.79293305885853
347.36517891104063,37900984251.35683,36858131912.55359,17.683023174019777,17.19647163879208,18.21834961120915,17.779094971105746
351.5546205899174,38392718860.51982,36803677778.77606,17.91244609432258,17.171065604396688,18.208400780026505,17.764988820347565
355.79458956008955,37940293892.280235,36748105709.15483,17.70136341781928,17.14513798762496,18.19887363240458,17.750608739475165
360.08569521234466,38188770992.52392,36691389711.00211,17.8172925001007,17.11867666136966,18.188468240367,17.73594871664566
364.428554287106,38198434772.64731,36633503084.83119,17.82180121804684,17.091669168760557,18.17972815267391,17.721002591204844
368.82379096307136,37987966487.38652,36574418420.47695,17.723605468274734,17.064102721354438,18.17007803390564,17.70576404937857
373.2720369469261,38218994763.81385,36514107594.95011,17.831393654956774,17.03596419813397,18.1607848008735,17.690226620032924
377.7739315641329,38064406223.35547,36452541717.43218,17.759269070401544,17.007240119844646,18.152121433514807,17.674383670217303
382.3301218508199,38205850249.777336,36389691103.18037,17.825260971309895,16.977916636819888,18.143600476845,17.658228400365722
386.94126264677766,38095712978.78671,36325525272.88955,17.773875500623056,16.947979528683387,18.135446088598712,17.64175383946498
391.60801668957356,38101774298.37943,36260012914.40579,17.776703460290605,16.917414186486198,18.12691353472492,17.624952840120923
396.33105470980524,37786220215.54532,36193121859.95942,17.62947904726728,16.88620560208466,18.11686197245093,17.60781807340464
401.11105552750286,37788706851.41064,36124819065.228905,17.630639208157568,16.854338358372466,18.10532882412901,17.590342023579304
405.94870614969005,37717160988.44637,36055070557.714645,17.597258883667525,16.821796605194017,18.09368478747,17.572516982549914
410.84470186912574,37751840943.85901,35983841412.226456,17.613439108728926,16.788564047907904,18.08211638741964,17.554335044024565
415.7997463642362,37541037261.11206,35911095745.162994,17.515086876436975,16.754623944717927,18.069840529986205,17.535788097647643
420.81455180024926,37704732826.09631,35836796639.84787,17.59146041992872,16.71995907183803,18.057607558974308,17.516867822825454
425.88983893155137,37712880674.794846,35760906116.33418,17.59526186731064,16.68455170940435,18.046609000385228,17.497565682120005
431.02633720527984,37487205654.346924,35683385160.994774,17.48997128725835,16.6483836552808,18.034661041515236,17.477872914798006
436.22478486616023,37467120176.765976,35604193629.286446,17.480600238655242,16.611436179692898,18.021644692458374,17.457780530154654
441.48592906261183,37403604376.04976,35523290194.87331,17.450966407287364,16.57369000149083,18.008473237513666,17.437279300178442
446.81052595413337,37389214767.28878,35440632326.45151,17.44425281421817,16.535125277336856,17.995184897621357,17.41635975198149
452.1993408199794,37152690174.38525,35356176245.49858,17.333900274827613,16.495721581992875,17.9808172701657,17.395012160046942
457.65314816915196,37100897458.211006,35269876924.94748,17.309735947213305,16.455457907701813,17.965202684750864,17.3732265384206
463.17273185171797,37200074090.939285,35181687974.2454,17.356007639875024,16.41431261056084,17.95022491973481,17.350992632441113
468.7588851714661,36902941058.64116,35091561620.45178,17.217377723009303,16.37226340170249,17.934494809787196,17.328299909929644
474.41241099992544,37118488137.05394,34999448674.95693,17.317943026469173,16.329287331766935,17.918703449247676,17.30513755229935
480.1341218917604,36811786599.80902,34905298422.03869,17.174848843092782,16.285360738907187,17.902765120310086,17.281494445072997
485.9248402015522,40663936462.879265,34809058575.532555,18.9721017810829,16.240459228573158,17.90693716652268,17.25735916777219
491.7853982019932,36892323160.96628,34710675276.38911,17.21242385348974,16.194557672372074,17.91120291473529,17.232719983794393
497.7166382035078,36328100434.85672,34610093034.95442,16.94918099217152,16.147630181138897,17.891510548888846,17.207564830195548
503.71941267531,36816560968.86888,34507254571.22899,17.177076365158356,16.099650030407787,17.871900881695694,17.181881306509485
509.79458436792675,36354208319.25517,34402100777.55258,16.961361845359416,16.05058964300243,17.8528685966414,17.155656662747187
515.9430264371982,36070667401.35593,34294570729.674274,16.829073443856604,16.000420594200815,17.83017073822139,17.12887778753688
522.1656225697697,36134386398.17797,34184601563.000057,16.858802078077737,15.949113553997545,17.806807224690992,17.101531195917975
528.4632671101007,36448269739.09034,34072128332.403595,17.005246992396643,15.896638221697359,17.78609245554631,17.073603015964782
534.8368651890073,36212631462.23527,33957083943.0167,16.895307971217658,15.842963293624834,17.76628269646746,17.045078974572235
541.2873328537482,35813305908.67726,33839399114.635635,16.708999273514333,15.788056446517865,17.743427523961145,17.01594438300026
547.8155971996863,36056562109.958755,33719002295.45824,16.822492501446288,15.731884297280978,17.720272554810478,16.98618412208548
554.4225965035367,36169628156.41744,33595819487.25169,16.875244416976084,15.674412321415884,17.699631177811327,16.955782626357276
561.1092803582181,35783128206.00791,33469774210.217056,16.6949196123609,15.615604836628748,17.67795106703062,16.924723867374393
567.8766098093348,35695334133.60675,33340787351.83668,16.653958549014483,15.55542493230865,17.65417316343637,16.892991336422913
574.7255574933044,35429279394.15642,33208776915.74126,16.529828471229244,15.493834352359418,17.628997043104434,16.860568025397434
581.6571077771479,35451213215.56517,33073658118.332237,16.540061880200724,15.430793540279613,17.603077722802887,16.82743640729282
588.6722568999686,34840396332.75029,32935343442.710667,16.255080122939066,15.366261664323497,17.574496875398303,16.793578417988787
595.7720131161401,35317013322.73829,32793742023.550133,16.477449790787144,15.300196330508316,17.545887488322702,16.75897543534221
602.9573968402125,35667944320.47438,32648759558.87673,16.641179601187172,15.232553541454507,17.522525438888113,16.723608254905045
610.229440793577,34466012928.535995,32500298450.649837,16.08040839492312,15.16328776197484,17.494962123448538,16.687457066514384
617.5891901528903,35115785581.016815,32348257375.319286,16.383565294370953,15.092351718714253,17.46506150458504,16.65050142982191
625.0377027002941,34662085922.20511,32192531223.91533,16.171887900253545,15.019696372198325,17.43691638504736,16.612720247710666
632.5760489754474,34681925045.95291,32033010936.791286,16.181144010402505,14.945270839731059,17.4070559001693,16.574091739093724
640.2053124293863,34507790007.01836,31869583187.640373,16.099899842481502,14.869022247970276,17.377043674568593,16.534593409692643
647.9265895802449,33922859983.056934,31702130227.93316,15.826995817079588,14.790895660348616,17.343533680971326,16.494202020907334
655.7409901708554,34188213599.086357,31530529525.392998,15.950798779832205,14.710833908401181,17.309079532260842,16.45289355655881
663.6496373282415,33310733474.374016,31354653623.515694,15.541403042847495,14.628777526223278,17.272020701555864,16.410643187652738
671.6536677250424,33372779327.6196,31174370063.41539,15.570351057851992,14.544664714006949,17.231364242293047,16.3674252367715
679.7542317428836,33751405963.102757,30989540673.96866,15.747002501127113,14.458431006851718,17.194117004768998,16.323213138933735
687.9524936377117,33655510532.45072,30800021298.400383,15.702261680908393,14.370009147200948,17.159299100111884,16.277979397961364
696.249631707129,33301501963.761127,30605661814.090946,15.537096003879423,14.279329094083032,17.122811012704243,16.231695542488403
704.6468384597479,32289548539.682053,30406305569.394028,15.064960617358997,14.186317760354015,17.079616195185196,16.184332079989566
713.145320786579,34144296547.67764,30201788945.772552,15.930308909895194,14.090898808408424,17.042197668698858,16.135858446369593
721.746300134495,32567016421.743805,29991940872.619938,15.194415592881658,13.992992423815041,17.007085465927712,16.086242951643865
730.451012681785,33531762848.5754,29776582292.822628,15.644526157546087,13.892515065970608,16.969503995337412,16.035452721269042
739.2607095158205,32289450874.85265,29555525761.259914,15.0649150510109,13.789379280776535,16.931205730546605,15.983453633695415
748.176656812871,32678529444.203396,29328574919.56235,15.246442931994554,13.68349345558302,16.889153213772232,15.930210254272685
757.2001360200866,32083093074.634956,29095523823.411194,14.968637082629153,13.574761505334944,16.846923882117313,15.875685764095993
766.3324440396711,35565210793.99492,28856156097.081226,16.593248409811316,13.463082478116707,16.821784238637097,15.819841882141391
775.5748934152812,47890866574.82231,28610244685.34742,22.343886846056122,13.348350439402195,16.88489960586886,15.762638783222071
784.9288125206746,32038028532.20841,28357550658.903038,14.947611841100585,13.230453914712538,16.926092105950737,15.704035009883567
794.3955457506266,31064466211.03911,28097822271.82707,14.493388146739061,13.109275449869617,16.87380542838751,15.643987374583315
803.9764537141556,31110324793.278885,27830793980.067066,14.514783854225065,12.984691153060966,16.817664052904632,15.582450853552567
813.6729134300795,29735583536.971886,27556185346.735847,13.873386751386304,12.856570184096737,16.755461233263123,15.519378471694324
823.4863185249237,30849034643.016975,27273700353.8059,14.392876735624073,12.724774433274929,16.693370441093645,15.454721180367386
833.4180794332223,29094307363.342785,26983025406.236988,13.574193955652401,12.589157590190332,16.62911146584977,15.388427723187643
843.4696236002361,30416094344.39784,26683827731.241047,14.190884795713563,12.449564396898085,16.56408404596971,15.320444485144122
853.6423956871075,28788956393.382877,26375753983.838306,13.431729890809093,12.305829997324155,16.498811934042756,15.250715328742904
863.9378577784973,28795083285.610306,26058429473.093513,13.43458844394122,12.15777957625933,16.42618133588748,15.179181422070261
874.3574895927261,28988554577.0745,25731454417.006542,13.52485410321223,12.00522661204692,16.356380832688952,15.105781045856016
884.9027886944416,28900592731.807846,25394401213.63292,13.483814764023455,11.847971603401069,16.288807834681982,15.030449369361136
895.5752707098593,28881316925.7245,25046813382.41341,13.47482147447168,11.685801575475164,16.22224535615122,14.953118210697204
906.3764695445994,27844806029.396477,24688201555.555107,12.991228592599851,11.518488209606943,16.151391038298375,14.873715774720699
917.307937604142,27990525064.34897,24318040019.754555,13.059215034716285,11.34578622983032,16.077331321426037,14.792166355887298
928.3712460169497,26724420895.81181,23935763033.791843,12.46850347945729,11.167431684817917,15.998787293349531,14.708390008673454
939.5679848602816,29403504518.12838,23540759267.12094,13.718452490395306,10.98313935315857,15.93004406995045,14.622302174655252
950.8997633887208,25960878332.470314,23132367110.508675,12.112266270619244,10.7926005554965,15.858506744507459,14.533813261797492
962.368210265473,25854201296.946056,22709868713.544796,12.062495201910291,10.59548037268143,15.769158485528212,14.442828174797134
973.9749737964391,26294253664.60495,22272481997.190716,12.267805337485886,10.391413919156001,15.683787658532722,14.34924577938826
985.7217221671224,25713000730.667778,21819349724.6346,11.996616889380872,10.18000124387121,15.599625197276497,14.252958274692784
997.6101436823909,24514444057.15018,21349529576.782497,11.437420186397388,9.960802699923299,15.507599589724276,14.153850465220557
1009.6419470091245,22901135343.641457,20861992021.849194,10.684717428637171,9.733337950593421,15.402199870214838,14.051798983750226
1021.8188614217956,24461473359.388897,20355596629.457832,11.412706261559848,9.497074918491485,15.299109638536892,13.946671389225676
1034.1426370510137,22262182220.019398,19829066479.936687,10.386608471434648,9.251417845998198,15.194805880436558,13.838325013619695
1046.6150451350566,20492001154.607815,19280975587.05988,9.560715597669413,8.995701427238892,15.071048994043029,13.726605625602028
1059.2378782744452,21101038574.423225,18709722379.723537,9.844867131492855,8.729178435736369,14.943885538913202,13.61134590933197
1072.0129506895892,19341363852.689487,18113498629.615833,9.023876080791036,8.451005227353843,14.813296997079503,13.492363660848138
1084.9420984815295,19554026663.926228,17490239680.072662,9.12309570512617,8.160218519148698,14.677317643781878,13.369459579763697
1098.027179895836,20614483416.56196,16837561421.937738,9.617860727784707,7.855705984929601,14.551624250668233,13.242414489443993
1111.270075589688,20297984369.213043,16152710927.522068,9.470195433614261,7.536183223114843,14.432974849346163,13.110986002337286
1124.6726889021647,19305194373.124107,15432451585.408236,9.007000905700458,7.200140165408573,14.309877878884889,12.974904354466515
1138.2369461278074,17305789381.270428,14672927199.505625,8.074161679924053,6.8457776710712865,14.173126679098619,12.833866951977583
1151.9647967934795,16058803744.488281,13869505488.362677,7.492370036555343,6.470934510206862,14.02169812844578,12.68753143016134
1165.8582139385567,13846867335.545135,13016517280.524498,6.460372489489016,6.0729656831617405,13.854708446564356,12.535506567100452
1179.919194398505,14862952892.3616,12106876066.034498,6.934435757313759,5.648564919076192,13.685172758041613,12.377339864545473
1194.1497590918812,12929616505.863918,11131496067.407387,6.032421395394113,5.193493171999304,13.51448649959362,12.212500097477307
1208.5519533107824,10447545363.367298,10078429153.739641,4.8743902149568346,4.702175940903555,13.323422842268718,12.040352281476334
1223.1278470148095,16383777059.68943,8931383065.089191,7.643989071710986,4.16701193479866,13.156255172676282,11.860120253077756
1237.879535128577,8991108664.371525,7667003349.96587,4.194877415789537,3.577104937792749,12.98455699974126,11.670826884035092
1252.8091378427982,15755002642.970592,6249487327.017595,7.350629075877317,2.915750907588604,12.81392053884,11.471190833868386
1267.918800919016,10633832661.74643,4615928892.56852,4.961304121794116,2.15360047210369,12.656012036152571,11.259414677541507
1283.210695998004,7310273192.157194,2642997223.9291644,3.4106694804556033,1.2331125980702264,12.455231873401113,11.032712277837714
1298.6870209118815,0.0,0.0,0.0,0.0,12.200305390601383,10.78584734052039
1314.35,0.0,0.0,0.0,0.0,11.911258319064034,10.530311311870811
