R_kpc,Sigma_bar,Sigma_eff,kappa_bar,kappa_eff,kappa_bar_mean,kappa_eff_mean
8.540000000000001,14085332092.286589,14657491238.785744,5.187637671655204,5.3983642859170375,0.0,0.0
8.597833451484032,14085982033.136374,14659897099.71338,5.187877045325246,5.399250366181188,0.06955633047325539,0.07238605727652364
8.656058554971644,14086641605.420916,14662305741.551474,5.188119966259452,5.400137470656606,0.13818329809034766,0.14381346526422495
8.714677962756408,14087310964.834644,14664716953.535673,5.188366491800191,5.401025521718634,0.2058934114934623,0.21429509053502055
8.773694345093414,14087990270.006104,14667130523.684967,5.188616680370466,5.401914441294518,0.27269901238773586,0.2838436261048425
8.833110390320895,14088679682.56712,14669546238.766071,5.188870591499391,5.402804150850289,0.3386122777941607,0.3524715937545316
8.89292880498269,14089379367.22406,14671963884.257101,5.1891282858484375,5.403694571377389,0.40364522227264354,0.42019134631944866
8.953152313951529,14090089491.83128,14674383244.310562,5.189389825238481,5.404585623379031,0.4678097001156093,0.4870150699482004
9.013783660553177,14090810227.466833,14676804101.715578,5.18965527267769,5.405477226856299,0.5311174075125824,0.5529547863309173
9.07482560669137,14091541748.51053,14679226237.859411,5.18992469239027,5.40636930129397,0.593579884686082,0.6180223548974224
9.136280932973644,14092284232.724434,14681649432.688128,5.190198149846112,5.407261765646024,0.655208517999314,0.6822294749857781
9.198152438838003,14093037861.335926,14684073464.66654,5.19047571179139,5.408154538320897,0.7160145420359934,0.7455876879815496
9.260442942680424,14093802819.12338,14686498110.73728,5.190757446280107,5.409047537166405,0.7760090416526845,0.8081083794281706
9.323155281983253,14094579294.50461,14688923146.279015,5.191043422706675,5.409940679454352,0.8352029540040705,0.8698027811088256
9.386292313444455,14095367479.628155,14691348345.06379,5.191333711839537,5.410833881864826,0.893607070541505,0.9306819731002064
9.44985691310775,14096167570.467548,14693773479.213467,5.191628385855881,5.411727060470148,0.9512320389852302,0.9907568857985181
9.513851976493612,14096979766.91869,14696198319.155205,5.191927518377509,5.412620130718479,1.0080883652706156,1.050038301918101
9.578280418731175,14097804272.900436,14698622633.57599,5.192231184507877,5.413513007417077,1.0641864154687994,1.1085368584630364
9.643145174691028,14098641296.458542,14701046189.376143,5.192539460870382,5.414405604715163,1.1195364176820874,1.1662630486720955
9.708449199118894,14099491049.873108,14703468751.621805,5.192852425647935,5.4152978360864354,1.1741484639144435,1.223227223937363
9.77419546677023,14100353749.769678,14705890083.496325,5.193170158623874,5.416189614311154,1.2280325119174573,1.2794395956969147
9.840386972545746,14101229617.23413,14708309946.250587,5.193492741224285,5.417080851457855,1.281198387012119,1.3349102373018749
9.907026731627811,14102118877.931543,14710728099.15215,5.1938202565617715,5.417971458864607,1.3336557838867285,1.3896490858581771
9.97411777961781,14103021762.229187,14713144299.433212,5.194152789480762,5.418861347119863,1.385414268371312,1.4436659440433905
10.041663172674433,14103938505.323845,14715558302.237373,5.194490426604397,5.419750426042838,1.4364832791888702,1.4969704818989324
10.109665987652873,14104869347.373638,14717969860.565098,5.194833256383079,5.420638604663429,1.4868721296837633,1.5495722385979651
10.178129322244988,14105814533.63456,14720378725.217873,5.195181369144764,5.42152579120165,1.5365900095276004,1.6014806241893256
10.247056295120432,14106774314.601913,14722784644.74105,5.195534857147046,5.422411893046579,1.5856459864029588,1.6527049213178184
10.31645004606867,14107748946.156925,14725187365.365204,5.195893814631161,5.423296816734757,1.6340490076651897,1.703254286921098
10.386313736142059,14108738689.718699,14727586630.946106,5.196258337877946,5.424180467928087,1.6818079019827465,1.753137753903584
10.456650547799802,14109743812.401806,14729982182.903145,5.196628525265887,5.425062751391147,1.728931380956229,1.8023642327875649
10.52746368505292,14110764587.179764,14732373760.156202,5.19700447733132,5.425943570967949,1.775428040716531,1.8509425133418853
10.598756373610232,14111801293.054667,14734761099.060907,5.197386296830913,5.426822829558084,1.8213063635024072,1.8988812661884982
10.670531861025248,14112854215.233253,14737143933.342188,5.197774088806506,5.427700429092259,1.8665747192176878,1.9461890443871044
10.742793416844153,14113923645.30974,14739521994.026121,5.198167960652454,5.428576270507188,1.9112413669685704,1.9928742849982755
10.815544332754694,14115009881.455744,14741895009.369919,5.198568022185573,5.429450253719812,1.9553144565811467,2.038945310625212
10.888787922736167,14116113228.617584,14744262704.790089,5.198974385717805,5.43032227760084,1.9988020300996037,2.084410330934537
10.962527523210342,14117233998.721426,14746624802.7886,5.199387166131775,5.431192239947552,2.041712023265283,2.129277444156297
11.036766493193477,14118372510.886538,14748981022.877066,5.1998064809593325,5.432060037455878,2.084052266976978,2.1735546385635174
11.111508214449294,14119529091.647142,14751331081.498783,5.200232450463261,5.432925565691687,2.1258304887326904,2.2172497939314995
11.186756091643064,14120704075.183285,14753674691.948608,5.200665197722305,5.4337887190612735,2.1670543140532144,2.260370682977208
11.26251355249666,14121897803.561115,14756011564.290564,5.201104848719668,5.434649390781013,2.207731267887758,2.302924972778914
11.338784047944733,14123110626.983173,14758341405.273058,5.2015515324351895,5.43550747284614,2.2478687760019613,2.344920226176429
11.415571052291895,14124342904.049055,14760663918.241673,5.202005380941352,5.436362855998625,2.2874741663485474,2.3863639031521147
11.49287806337096,14125595002.02715,14762978803.04938,5.20246652950336,5.437215429694106,2.326554670420902,2.427263362192937
11.570708602702329,14126867297.137886,14765285755.964077,5.202935116683461,5.438065082067839,2.3651174245899194,2.4676258616338433
11.649066215654345,14128160174.849226,14767584469.573381,5.203411284449777,5.438911699899626,2.4031694714242855,2.5074585609826108
11.727954471604855,14129474030.184956,14769874632.68651,5.203895178289843,5.439755168577685,2.4407177609946182,2.546768522226512
11.807376964103739,14130809268.046532,14772155930.233154,5.204386947329149,5.4405953720614,2.4777691521616227,2.585562711120911
11.887337311036667,14132166303.549215,14774428043.159218,5.204886744454936,5.441432192842925,2.514330413848644,2.6238479984601333
11.967839154789845,14133545562.373247,14776690648.319248,5.205394726445537,5.4422655119075625,2.550408226298811,2.661631161330712
12.048886162415988,14134947481.130924,14778943418.365515,5.205911054105565,5.443095208692915,2.5860091823171483,2.69891888434736
12.130482025801314,14136372507.7505,14781186021.633438,5.20643589240731,5.443921161046685,2.6211397884978367,2.735717760871739
12.212630461833763,14137821101.877798,14783418122.02335,5.206969410638649,5.44474324518313,2.6558064664370047,2.7720342942143845
12.29533521257227,14139293735.296612,14785639378.87833,5.207511782557885,5.445561335638066,2.690015553931253,2.8078748988198616
12.378600045417256,14140790892.36896,14787849446.857988,5.208063186555889,5.446375305222388,2.7237733061622578,2.8432459014354623
12.462428753282234,14142313070.496347,14790047975.80798,5.208623805825983,5.447185024974004,2.7570858968677086,2.878153542263573
12.546825154766557,14143860780.603312,14792234610.625042,5.209193828542031,5.4479903641081355,2.7899594194988704,2.9126039760979383
12.63179309432942,14145434547.644514,14794408991.117447,5.209773448045204,5.448791189965915,2.822399888365097,2.9466032734440337
12.717336442464925,14147034911.136896,14796570751.86047,5.210362863039968,5.44958736796116,2.85441323976553,2.9801574216236775
12.803459095878441,14148662425.718342,14798719522.046839,5.210962277799844,5.450378761525295,2.886005333108358,3.0132723258641496
12.890164977664067,14150317661.73455,14800854925.331722,5.211571902383553,5.451165232050254,2.917181952017855,3.045953810371915
12.97745803748338,14152001205.85579,14802976579.672203,5.212191952862165,5.451946638829363,2.9479488054295886,3.078207619391207
13.065342251745305,14153713661.725544,14805084097.16077,5.212822651557999,5.452722838996014,2.978311528674032,3.1100394182475783
13.153821623787296,14155455650.642954,14807177083.852638,5.213464227295962,5.453493687460066,3.0082756845489653,3.141454794376647
13.242900184057659,14157227812.281313,14809255139.586588,5.214116915668177,5.454259036841862,3.0378467643809324,3.17245925833817
13.33258199029918,14159030805.444935,14811317857.79893,5.214780959312732,5.455018737403712,3.067030189076131,3.2030582448156197
13.422871127733938,14160865308.86692,14813364825.330301,5.215456608207505,5.455772636978733,3.095831310161029,3.2332571136014177
13.513771709249415,14162732022.05054,14815395622.2249,5.216144119980042,5.456520580896908,3.1242554108130953,3.263061150567996
13.605287875585855,14164631666.15723,14817409821.521725,5.216843760234601,5.457262411908202,3.152307706881978,3.292475568624823
13.697423795524843,14166564984.944275,14819406989.037466,5.217555802897513,5.457997970102598,3.1799933479014744,3.321505508661532
13.790183666079262,14168532745.755688,14821386683.14053,5.218280530582115,5.45872709282687,3.2073174180927415,3.350156040477343
13.88357171268442,14170535740.56996,14823348454.51572,5.219018234974639,5.459449614597918,3.2342849373590368,3.3784321636968455
13.977592189390585,14172574787.108719,14825291845.919136,5.2197692172425345,5.4601653670124914,3.2609008622724973,3.406338808672349
14.072249379056705,14174650730.010618,14827216391.922586,5.220533788466808,5.4608741786530635,3.287170087053278,3.433880837372874
14.16754759354557,14176764442.075174,14829121618.64713,5.221312270100133,5.461575874989687,3.313097444541572,3.461063044259957
14.263491173920162,14178916825.581705,14831007043.484882,5.2221049944526134,5.462270278277541,3.338687707162891,3.487890157150343
14.360084490641457,14181108813.688898,14832872174.80864,5.222912305207247,5.462957207449982,3.363945587887153,3.5143668380657336
14.457331943767462,14183341371.921064,14834716511.668407,5.2237345579673145,5.463636478006776,3.3888757411819963,3.54049768406965
14.555237963153697,14185615499.74767,14836539543.47421,5.224572120838119,5.4643079018972776,3.413482763960924,3.566287228091571
14.653807008654933,14187932232.263317,14838340749.664202,5.225425375045729,5.4649712873981935,3.4377711965267443,3.591739939738385
14.753043570328398,14190292641.975994,14840119599.357319,5.226294715595586,5.465626438985658,3.461745523510959,3.616860226093317
14.852952168638284,14192697840.712141,14841875550.989418,5.227180551974147,5.4662731572012175,3.4854101748096604,3.6416524325023714
14.953537354661652,14195148981.647882,14843608051.931904,5.228083308896985,5.466911238511373,3.5087695265165912,3.666120843348382
15.054803710295786,14197647261.476645,14845316538.09172,5.229003427107128,5.4675404751602565,3.531827901854091,3.6902696828127795
15.156755848466862,14200193922.724335,14847000433.491482,5.229941364227737,5.468160655014994,3.554589572102595,3.7141031156250928
15.259398413340124,14202790256.224392,14848659149.8285,5.230897595673672,5.468771561403295,3.5770587575295347,3.7376252478003016
15.362736080531388,14205437603.766226,14850292086.011198,5.23187261562691,5.469372972942708,3.599239628318398,3.7608401273640437
15.46677355732008,14208137360.931778,14851898627.671532,5.232866938081261,5.469964663361054,3.6211363054989154,3.7837517450657727
15.57151558286361,14210890980.136648,14853478146.651606,5.233881097962405,5.470546401307341,3.6427528618792544,3.8063640350798646
15.676966928413309,14213699973.893715,14855030000.462875,5.234915652329893,5.4711179501525855,3.664093322981312,3.828680875694739
15.783132397531709,14216565918.319122,14856553531.715813,5.235971181668407,5.471679067779767,3.685161667980158,3.850706089989972
15.89001682631142,14219490456.902624,14858048067.518106,5.237048291276372,5.472229506362174,3.7059618306488726,3.872443446501467
15.997625083595366,14222475304.566502,14859512918.838955,5.238147612760866,5.472769012129281,3.726497700310033,3.893896659874621
16.105962071198622,14225522252.040133,14860947379.837059,5.239269805648772,5.473297325119243,3.7467731227952776,3.915069391505531
16.215032724131685,14228633170.579927,14862350727.149525,5.240415559125137,5.473814178917,3.7667919014144635,3.9359652501701703
16.324842010825257,14231810017.067976,14863722219.138779,5.241585593911004,5.474319300376914,3.7865577979360583,3.956587792641513
16.435394933356584,14235054839.526402,14865061095.094122,5.242780664294355,5.4748124093287025,3.806074533580612,3.976940524294565
16.546696527677327,14238369783.088615,14866366574.3845,5.244001560329329,5.4752932182654,3.825345790029276,3.9970268996992155
16.658751863842955,14241757096.473574,14867637855.558517,5.245249110220689,5.475761432011899,3.8443752104495137,4.0168503232008215
16.771566046243663,14245219139.014627,14868874115.387354,5.246524182912562,5.476216747372446,3.8631664005404054,4.036414149488412
16.885144213836952,14248758388.300688,14870074507.846006,5.247827690902679,5.476658852755441,3.881722929600188,4.055721684150423
16.99949154038166,14252377448.494623,14871238163.027538,5.249160593306048,5.47708742777355,3.900048331618859,4.074776184217758
17.114613234673687,14256079059.40183,14872364185.984657,5.2505238991949135,5.47750214281706,3.9181461063990954,4.093580858694043
17.230514540783222,14259866106.371227,14873451655.4923,5.251918671245302,5.477902658598134,3.936019720708959,4.112138869072837
17.347200738293683,14263741631.121527,14874499622.724213,5.253346029724347,5.478288625663398,3.9536726094703627,4.13045332984161
17.46467714254214,14267708843.597872,14875507109.8357,5.25480715685709,5.478659683871966,3.9711081769875842,4.1485273089721675
17.582949104861516,14271771134.977938,14876473108.444046,5.256303301616646,5.479015461835779,3.9883297982207333,4.166363828397275
17.702022012824308,14275932091.962898,14877396577.996841,5.2578357849875665,5.479355576318655,4.005340820109531,4.183965864473093
17.821901290488007,14280195512.507418,14878276444.017632,5.259406005759214,5.479679631590164,4.022144562953482,4.201336348427051
17.942592398642176,14284565423.16463,14879111596.216852,5.261015446913927,5.479987218729883,4.03874432185523,4.218478166790725
18.064100835057232,14289046098.247517,14879900886.45469,5.262665682684168,5.480277914877112,4.055143368234699,4.235394161817221
18.186432134734865,14293642081.037573,14880643126.540867,5.264358386363695,5.480551282420542,4.071344951422627,4.252087131882485
18.309591870160133,14298358207.306505,14881337085.85431,5.266095338970612,5.480806868121569,4.087352300343193,4.268559831869929
18.433585651555376,14303199631.457188,14881981488.763895,5.267878438875108,5.481044202164358,4.103168625296752,4.28481497353766
18.558419127135696,14308171855.638071,14882575011.828506,5.2697097125223085,5.481262797124619,4.118797119855064,4.300855225867478
18.68409798336633,14313280762.241833,14883116280.75221,5.271591326401555,5.481462146848197,4.134240962883332,4.316683215394801
18.810627945221583,14318532650.265965,14883603867.066757,5.273525600438034,5.481641725229236,4.149503320705123,4.332301526518409
18.938014776445726,14323934276.092772,14884036284.509987,5.27551502301208,5.481800984876341,4.164587349428796,4.3477127017889385
19.066264279815446,14329492899.341324,14884411985.064083,5.277562267846479,5.481939355653468,4.1794961974566665,4.362919242174759
19.19538229740425,14335216334.557758,14884729354.6125,5.279670213044045,5.48205624308036,4.194233008201418,4.37792360730379
19.325374710848564,14341113009.64747,14884986708.168266,5.281841962608236,5.482151026575139,4.208800923038038,4.392728215679556
19.456247441615616,14347192032.118032,14885182284.619007,5.284080870840466,5.482223057518883,4.2232030845240764,4.4073354448695925
19.588006451273223,14353463264.402418,14885314240.92573,5.286390570081707,5.482271657119041,4.237442639926337,4.421747631664018
19.720657741761347,14359937409.776445,14885380645.702105,5.288775002355936,5.482296114044674,4.251522745098482,4.435967072201807
19.85420735566549,14366626110.68367,14885379472.089048,5.291238455583265,5.482295681802164,4.26544656876165,4.449996022061907
19.988661376491926,14373542061.648806,14885308589.824867,5.293785605166036,5.4822695758146365,4.279217297249357,4.4638366963159575
20.12402592894487,14380699139.415833,14885165756.394104,5.2964215619187724,5.482216970162079,4.2928381397890405,4.477491269538869
20.260307179205405,14388112553.512638,14884948607.116974,5.299151927521244,5.482136993931272,4.306312334406018,4.490961875772914
20.397511335212457,14395799021.151209,14884654644.016247,5.3019828589343305,5.482028727115451,4.319643154552077,4.504250608440358
20.535644646945475,14403776971.26217,14884281223.266968,5.304921143546085,5.481891195992035,4.332833916581047,4.517359520198731
20.67471340670923,14412066783.588825,14883825540.996784,5.307974287230233,5.481723367892873,4.345887988218539,4.530290622732021
20.814723949420372,14420691070.201391,14883284617.157143,5.311150618028071,5.481524145263998,4.358808798203874,4.54304588646975
20.955682652896048,14429675008.635204,14882655277.127645,5.31445940884349,5.481292358890491,4.371599847320786,4.555627240224552
21.097595938144416,14439046738.240622,14881934130.64228,5.317911023418928,5.481026760135009,4.384264721081882,4.568036570737145
21.240470269657113,14448837834.440918,14881117547.534393,5.321517091004886,5.480726012004631,4.396807104393266,4.580275722115452
21.384312155703743,14459083879.683556,14880201629.680088,5.325290716641679,5.480388678817596,4.409230798604004,4.5923464951520545
21.52912814862836,14469825155.297504,14879182178.36996,5.329246735970969,5.480013214186291,4.421539741445955,4.604250646500925
21.674924845147945,14481107485.745386,14878054656.145565,5.333402026174425,5.479597946961594,4.43373803050024,4.61598988769036
21.821708886652846,14492983276.615625,14876814141.884653,5.337775888266955,5.479141064690735,4.44582995099803,4.627565883943969
21.969486959509396,14505512801.205105,14875455277.587238,5.342390520946003,5.478640594018566,4.45782000899018,4.6389802527751245
22.11826579536441,14518765809.27437,14873972204.871962,5.347271613097215,5.478094377299134,4.469712971223507,4.650234562311966
22.268052171451902,14532823557.883532,14872358488.596708,5.352449091752722,5.477500044465089,4.481513913472286,4.661330329299423
22.418852910901727,14547781401.751305,14870607024.20428,5.357958076122192,5.4768549789030425,4.493228279636315,4.672269016710479
22.57067488305048,14563752134.935614,14868709924.26931,5.363840108336132,5.476156275668709,4.504861954699386,4.6830520308804555
22.72352500375431,14580870355.706877,14866658378.141819,5.370144761031779,5.475400689793532,4.51642135574589,4.693680718052793
22.877410235704048,14599298246.673111,14864442476.325327,5.376931766177219,5.474584571603019,4.527913546817401,4.704156360190694
23.03233758874233,14619233346.387878,14862050987.939772,5.384273877360041,5.473703784756181,4.53934638570573,4.714480169861467
23.188314120182895,14640919177.441793,14859471074.7354,5.3922607841208725,5.472753600916644,4.550728714231375,4.7246532839333515
23.34534693513208,14664660060.55552,14856687917.695011,5.401004567994209,5.471728562229998,4.5620706088235945,4.734676755728084
23.503443186812504,14690842213.231625,14853684220.666044,5.410647473156663,5.470622298511144,4.573383716463414,4.744551545130153
23.662610076888882,14719964546.880318,14850439536.818632,5.421373249029935,5.469427279178326,4.58468171433636,4.7542785059386485
23.822854855796056,14752684911.408564,14846929332.70831,5.433424182195364,5.468134468546769,4.595980953670646,4.7638583694125956
23.984184823069345,14789891863.490578,14843123651.04641,5.447127528698201,5.466732833326084,4.607301386535017,4.773291722421039
24.146607327676954,14832820466.322361,14838985135.976788,5.462938163178281,5.465208615328296,4.618667943691584,4.78257897770338
24.310129768354848,14883248064.3954,14834465998.177345,5.481510682856254,5.463544213712616,4.630112663933523,4.791720332150641
24.47475959394368,14943844715.942327,14829503114.563274,5.503828472048683,5.461716380202714,4.641678144773499,4.8007157060381624
24.640504303728193,15018847015.569159,14824009602.533545,5.531451871515281,5.459693115875796,4.653423478495407,4.809564650141021
24.807371447778742,15115479632.256947,14817859072.273817,5.567041731900234,5.4574278712747475,4.665435288392678,4.8182661943484035
24.975368627295303,15247355558.461508,14810852525.533707,5.615611727856371,5.454847355204621,4.677850538745371,4.8268185775528325
25.144503494953682,15444230337.922495,14802634810.862082,5.688120846976815,5.4518207651373,4.690911570941874,4.835218692736113
25.314783755254094,15789558728.57618,14793281846.342052,5.815305535041653,5.4483760617559485,4.705137446197169,4.84346278868941
25.48621716487215,16687461516.823778,14785391235.113277,6.146003760633956,5.445469944115656,4.7222467854691565,4.851553786562187
25.658811533012205,13771386906.212387,14781957946.91128,5.072011439810432,5.444205461666989,4.7341119851430395,4.859508379979186
25.832574721763077,13775387637.648006,14781100077.206356,5.073484911999346,5.443889507654015,4.73865237904813,4.86734574631756
26.007514646456144,13779464278.981407,14780230543.7968,5.074986341856762,5.443569257890458,4.743151840389952,4.875073765810287
26.183639276025932,13783618799.52166,14779349194.848358,5.076516454680589,5.443244656455657,4.747611297712512,4.882693846583502
26.360956633373167,13787853244.859985,14778455875.651596,5.078076003863508,5.442915646370018,4.75203167702372,4.890207377126604
26.539474795730186,13792169741.13115,14777550428.529375,5.07966577246244,5.442582169560941,4.756413902216634,4.8976157265410984
26.71920189502884,13796570499.589666,14776632692.739449,5.081286574883972,5.442244166826944,4.760758895506879,4.9049202447856555
26.900146118271024,13801057821.529688,14775702504.371931,5.082939258696351,5.441901577799901,4.765067577887675,4.91212226291739
27.082315707901508,13805634103.580454,14774759696.241074,5.084624706579803,5.441554340905184,4.769340869603943,4.919223093329367
27.265718962183488,13810301843.412895,14773804097.771124,5.086343838428283,5.4412023933196245,4.773579690647273,4.926224029984398
27.450364235576547,13815063645.896729,14772835534.875635,5.088097613617129,5.440845670927062,4.777784961273517,4.933126348645102
27.636259939117213,13819922229.752163,14771853829.829838,5.089887033452899,5.440484108271338,4.78195760254508,4.93993130710028
27.823414540802105,13824880434.745161,14770858801.135408,5.091713143823386,5.4401176385064955,4.786098536900141,4.946640145387607
28.011836565973713,13829941229.48127,14769850263.377186,5.093577038068089,5.439746193343998,4.7902086887512505,4.953254086012639
28.20153459770872,13835107719.859371,14768828027.071007,5.095479860091743,5.439369702996697,4.794288985116021,4.959774334164165
28.392517277208942,13840383158.254406,14767791898.501968,5.097422807746315,5.438988096119259,4.798340356282918,4.966202077925893
28.584793304195,13845770953.50651,14766741679.552357,5.099407136510014,5.43860129974479,4.802363736515464,4.97253848848447
28.77837143730263,13851274681.803991,14765677167.518282,5.101434163495498,5.438209239217305,4.806360064798544,4.9787847203338425
28.973260494481643,13856898098.5586,14764598154.914047,5.103505271823544,5.4378118381196785,4.810330285630903,4.9849419114759375
29.16946935339754,13862645151.384644,14763504429.263063,5.105621915403265,5.4374090181966315,4.8142753498683915,4.991011183617646
29.367006951836036,13868519994.30827,14762395772.874256,5.1077856241654,5.4370006992723905,4.818196215623054,4.996993642364108
29.56588228811006,13874527003.350391,14761271962.60235,5.109998009801515,5.436586799162394,4.8220938492237115,5.0028903774082645
29.766104421469773,13880670793.646711,14760132769.590715,5.1122607720693205,5.436167233578586,4.82596922624446,5.00870246271662
29.96768247251518,13886956238.291296,14758977958.994928,5.114575705732774,5.435741916027599,4.829823332608147,5.014430956711225
30.170625623611567,13893388489.117056,14757807289.685146,5.116944708215542,5.435310757701143,4.833657165772925,5.020076902447779
30.374943119307815,13899972999.65781,14756620513.925156,5.11936978805795,5.434873667357799,4.837471736010921,5.025641327789827
30.58064426675754,13906715550.573402,14755417377.0257,5.1218530742810655,5.434430551195335,4.8412680677892395,5.031125245578973
30.787738436143023,13913622277.862305,14754197616.969244,5.124396826777422,5.433981312712508,4.845047201264914,5.036529653801029
30.99623506110202,13920699704.237057,14752960964.003162,5.127003447866614,5.433525852559238,4.848810193906966,5.041855535747994
31.206143639157503,13927954774.097795,14751707140.197754,5.129675495176075,5.433064068373821,4.852558122260557,5.047103860175779
31.417473732150345,13935394892.610262,14750435858.965202,5.132415696033532,5.432595854605765,4.856292083870376,5.05227558145754
31.630234966674845,13943027969.479467,14749146824.534779,5.135226963588879,5.432121102322502,4.860013199382824,5.057371639732453
31.84443703451721,13950862468.111084,14747839731.379162,5.13811241492035,5.431639698998107,4.86372261484952,5.062392961049792
32.06008969309707,13958907460.974094,14746514263.585815,5.141075391424625,5.43115152828177,4.867421504258071,5.06734045750812
32.27720276591199,13967172692.124,14745170094.166712,5.144119481844166,5.430656469743574,4.871111072320001,5.07221502738933
32.49578614298488,13975668648.022396,14743806884.29818,5.147248548350122,5.43015439859452,4.874792557550633,5.0770175552873305
32.71584978131461,13984406638.002855,14742424282.481983,5.150466756177966,5.429645185377565,4.878467235681259,5.08174891223104
32.93740370532944,13993398885.994316,14741021923.616676,5.153778607409285,5.429128695625589,4.882136423450819,5.086409955801379
33.16045800734373,14002658635.433338,14739599427.966919,5.157188979611035,5.4286047894818,4.885801482832347,5.091001530241853
33.38502284801773,14012200269.690975,14738156400.016129,5.160703170188848,5.428073321277165,4.88946382575924,5.0955244665622645
33.611108456820325,14022039450.82829,14736692427.18519,5.164326947490778,5.4275341390585075,4.8931249194282715,5.099979582635048
33.83872513249505,14032193280.10264,14735207078.39702,5.168066609921883,5.426987084059834,4.896786292270554,5.104367683283601
34.067883243529195,14042680484.408438,14733699902.46284,5.171929054610489,5.426431990108003,4.9004495406992925,5.108689560361896
34.298593228626174,14053521633.795881,14732170426.26146,5.1759218575204855,5.425868682952148,4.90411633676473,5.112945992824556
34.53086559718102,14064739396.42852,14730618152.677162,5.180053367352379,5.4252969795042025,4.9077884368733296,5.117137746786384
34.76471092975904,14076358838.895771,14729042558.254591,5.1843328161486015,5.424716686975192,4.911467691761408,5.121265575570229
35.00013987857783,14088407781.796974,14727443090.520405,5.1887704502553715,5.424127601888799,4.915156057954969,5.12533021974178
35.23716316799259,14100917223.108074,14725819164.910465,5.1933776862489305,5.423529508949641,4.918855610999692,5.129332407129726
35.4757915949845,14113921845.233664,14724170161.226994,5.198167297683176,5.422922179738443,4.922568560811499,5.133272852829263
35.716036029652685,14127460626.12064,14722495419.532887,5.203153640163238,5.422305371199907,4.9262972695829665,5.137152259186712
35.95790741570923,14141577580.765745,14720794235.367018,5.208352924443238,5.421678823880506,4.930044272790434,5.140971315762343
36.20141677097781,14156322667.459064,14719065854.135208,5.213783550196391,5.421042259862678,4.933812303989193,5.144730699268057
36.44657518789555,14171752903.994326,14717309464.492462,5.219466517116049,5.4203953803274905,4.937604324271515,5.148431073475703
36.69339383401831,14187933754.052214,14715524190.481037,5.2254259355216455,5.419737862659095,4.9414235575109995,5.152073089090847
36.941883952529345,14204940864.818176,14713709082.120327,5.231689666324544,5.419069356978969,4.945273532850585,5.155657383585587
37.19205686275151,14222862266.336714,14711863104.05197,5.238290131051772,5.418389481963903,4.949158136345329,5.1591845809823305
37.44392396066289,14241801185.281057,14709985121.716488,5.2452653481593545,5.417697819754846,4.953081674295535,5.162655291578266
37.697496719415916,14261879687.218582,14708073884.360806,5.252660274481223,5.416993909698565,4.957048951677871,5.166070111597435
37.952786689859934,14283243452.427437,14706128003.926336,5.26052856416582,5.416277240572112,4.96106537031901,5.169429622753336
38.2098055010674,14306068127.744505,14704145928.507936,5.26893490806615,5.415547240807734,4.965137053240834,5.172734391699704
38.46856486086367,14330567908.999718,14702125908.547274,5.2779581946563505,5.414803266041873,4.969271004230512,5.175984969339585
38.72907655636028,14357007343.735197,14700065953.135212,5.287695856981412,5.4140445830213,4.973475315629813,5.179181889952232
38.99135245449186,14385717887.79294,14697963772.587599,5.298269970460017,5.41327034845374,4.9777594433985595,5.182325670081919
39.2554045025567,14417121658.798075,14695816701.55091,5.30983600130905,5.412479580687623,4.982134578077533,5.185416807109849
39.52124472876098,14451766402.793652,14693621593.792454,5.322595684779682,5.411671120963243,4.986614155853804,5.1884557773953555
39.78888524276675,14490378519.766483,14691374674.604061,5.3368165544956545,5.410843579052943,4.991214580181146,5.19144303381748
40.05833823624349,14533946317.298672,14689071327.571423,5.352862604831436,5.409995254728098,4.995956270456806,5.194379002458058
40.32961598342345,14583856221.342142,14686705775.538227,5.371244457435847,5.409124020257993,5.0008652389472665,5.197264078014223
40.60273084166079,14642126982.319353,14684270582.492626,5.392705619502941,5.40822713695426,5.005975561964459,5.200098617253323
40.877695251994545,14711837797.84001,14681755833.498398,5.41838016166832,5.407300953138945,5.011333454846311,5.202882929298272
41.154521739715314,14797973942.68669,14679147689.39707,5.450104164124923,5.406340371840293,5.017004440736029,5.205617260444635
41.43322291493575,14909275675.282227,14676425596.072453,5.4910966701695125,5.405337822962919,5.023087084542955,5.208301768711102
41.71381147316501,15062888688.570889,14673556146.084995,5.547672450518286,5.404281002523449,5.029742613329011,5.21093647665693
41.99630019588717,15298775622.850664,14670476499.1193,5.634549773573462,5.40314676638972,5.037271285783413,5.213521168653338
42.28070195114333,15743555293.428875,14667312964.224537,5.798362437666875,5.40198163427298,5.046381354416518,5.216055790246006
42.56702969411784,17300389743.91053,14664548342.421864,6.371745655821313,5.400963422127362,5.060320624158849,5.218541794603008
42.85529646772841,13511072556.214302,14662343431.90712,4.976137482442965,5.40015135204098,5.068516347807754,5.2209822018030145
43.14551540322022,13520049747.259207,14660332333.406235,4.979443788190324,5.399410663055002,5.0672999919382775,5.223379480639272
43.4376997207642,13529240156.961933,14658302879.897812,4.982828622518648,5.398663213906896,5.066144803158105,5.225734640811496
43.73186273005915,13538651946.952276,14656254853.835604,4.986294991361904,5.397908924474227,5.065051034465803,5.228048155859866
44.028017830938,13548293791.396076,14654188034.162102,4.989846089421444,5.39714771334136,5.064018977040455,5.230320491892467
44.32617851397822,13558174923.984316,14652102196.194248,4.993485317472122,5.396379497757367,5.063048962377089,5.232552107667329
44.626358361116466,13568305190.592196,14649997111.500723,4.997216301756669,5.395604193590834,5.06214136463959,5.2347434546727625
44.928571046267145,13578695108.455782,14647872547.769562,5.001042915780492,5.3948217152811,5.0612966032582225,5.2368949772059885
45.23283033594528,13589355932.865324,14645728268.66505,5.004969304874869,5.394031975785558,5.060515145803185,5.2390071124500395
45.53915008989367,13600299732.55736,14643564033.672615,5.008999913963919,5.393234886522522,5.059797511170514,5.241080290548895
45.847544261714255,13611539475.210075,14641379597.930094,5.013139519052596,5.392430357309084,5.059144273122591,5.243114934680798
46.15802689950369,13623089124.717392,14639174712.043533,5.017393263052809,5.391618296293278,5.0585560642325715,5.245111461129733
46.47061214649329,13634963752.24969,14636949121.885534,5.021766696687161,5.3907986098798055,5.058033580290392,5.247070279354982
46.78531424169324,13647179663.518333,14634702568.37351,5.026265825360564,5.3899712026483675,5.057577585238296,5.2489917920587015
47.10214752054126,13659754545.168333,14632434787.225107,5.03089716307676,5.389135977263588,5.05718891671603,5.250876395251451
47.42112641555564,13672707633.854979,14630145508.687294,5.03566779470936,5.388292834375237,5.056868492310751,5.25272447831556
47.742265456992676,13686059912.351704,14627834457.23503,5.04058544822851,5.387441672507249,5.056617316625059,5.25453642406624
48.06557927350847,13699834338.034271,14625501351.234613,5.04565857885178,5.386582387933736,5.056436489298845,5.256312608810295
48.391082592825356,13714056110.35275,14623145902.565975,5.050896467554273,5.385714874539872,5.0563272141484585,5.258053402402289
48.71879024240286,13728752985.521448,14620767816.196863,5.056309336969152,5.384839023665073,5.056290809621122,5.259759168297961
49.04871715011303,13743955648.741251,14618366789.70029,5.061908488477388,5.383954723925269,5.056328720805661,5.261430263604705
49.380878344920426,13759698156.973513,14615942512.704948,5.067706465281694,5.383061861010489,5.056442533295058,5.263067039128795
49.71528895756676,13776018468.824503,14613494666.265713,5.073717247563335,5.38216031745302,5.056633989265408,5.264669839419092
50.0519642212602,13792959082.773176,14611022922.13849,5.079956487541868,5.381249972360334,5.056905006224317,5.266239002806799
50.39091947236918,13810567811.204952,14608526941.939634,5.086441794552319,5.380330701105496,5.057257698995988,5.267774861440828
50.73217015112107,13828898726.1042,14606006376.165113,5.0931930833443895,5.379402374965926,5.057694405659072,5.269277741318192
51.07573180230545,13848013323.67979,14603460863.038006,5.100233003014864,5.378464860698932,5.058217718349041,5.270747962308716
51.42162007598226,13867981970.932762,14600890027.144154,5.107587469779495,5.377518020039215,5.058830520097066,5.272185838173207
51.76985072819473,13888885719.126839,14598293477.803951,5.115286334875461,5.376561709099203,5.059536029227248,5.27359167657398
52.12043962168709,13910818600.172636,14595670807.112322,5.123364230321278,5.375595777647172,5.060337853309996,5.274965779076403
52.473402726627064,13933890566.516823,14593021587.557032,5.131861651680041,5.374620068230066,5.0612400553260075,5.276308441139665
52.828756121333434,13958231300.185558,14590345369.09495,5.140826360932783,5.373634415096685,5.0622472356138095,5.277619952094591
53.18651599300846,13983995213.28341,14587641675.522675,5.150315228165729,5.3726386428609825,5.063364634479662,5.278900595105556
53.54669863847526,14011368108.685007,14584909999.915491,5.160396684707699,5.371632564822232,5.064598262237582,5.280150647112682
53.90932046492005,14040576196.391384,14582149798.816978,5.171154043860458,5.370615980825051,5.065955066232817,5.281370378749191
54.2743979906396,14071898520.670597,14579360484.724243,5.182690077823309,5.369588674491715,5.067443148599343,5.282560054226953
54.641947845793766,14105684439.210285,14576541416.201849,5.195133455277216,5.368550409581102,5.069072054979897,5.283719931180588
55.01198677316295,14142378780.231565,14573691884.62263,5.208648006767472,5.367500925105332,5.0708531647098525,5.284850260456479
55.3845316289107,14182559016.26275,14570811095.987206,5.223446415830579,5.366439928633875,5.072800229767682,5.285951285826942
55.759599383351755,14226991893.094671,14567898145.3499,5.23981107547815,5.365367086874608,5.074930138264821,5.28702324360015
56.13720712172482,14276722827.48444,14564951979.74693,5.258127013433795,5.3642820120202295,5.077264028518679,5.288066362080498
56.5173720449711,14333223142.598005,14561971342.49981,5.278936119049703,5.363184241235175,5.079828972928896,5.289080860807015
56.9001114705177,14398645306.399277,14558954685.814547,5.303031147784065,5.362073204465834,5.082660633903605,5.29006694944839
57.28544283306645,14476294319.2105,14555900025.995201,5.331629333569612,5.360948171115601,5.085807680050907,5.291024826139073
57.673383685388146,14571571265.46609,14552804686.316471,5.366719899585193,5.359808155344674,5.089339640646096,5.291954674844394
58.06395169912219,14694073626.779078,14549664795.843374,5.411837605028715,5.358651731484989,5.093362179874266,5.292856660886675
58.4571646655815,14863015373.853966,14546474174.841173,5.474058968763609,5.357476623535915,5.098050762180204,5.293730922536812
58.85304049656289,15124718978.533764,14543221321.814651,5.57044458960306,5.356278595488711,5.103740537907675,5.294577552511648
59.25159722516308,15636420631.162409,14539935450.897545,5.758904666542122,5.355068406929287,5.111265684012979,5.2953966863575
59.652853006600175,17912956915.805813,14536704148.684723,6.597354574128853,5.3538783160618575,5.125588932441428,5.2961887466762665
60.05682611904062,13269394199.868555,14533533766.2021,4.887127174585937,5.352710661973715,5.133818177409336,5.296954381663324
60.463534964431766,13284521070.045448,14530356569.44451,4.892698411463402,5.35154049818333,5.130548072974542,5.2976940786483855
60.87299806934027,13300085430.855112,14527149031.111427,4.898430776447232,5.3503591595694475,5.127397595156275,5.298408093466947
61.28523408579585,13316110150.582016,14523910798.57571,4.90433269194261,5.349166516259244,5.124367357050935,5.29909661975672
61.700261792141085,13332620139.899483,14520641514.6379,4.910413332567961,5.347962436695907,5.121458081520214,5.29975984680654
62.11810009388675,13349642618.7237,14517340817.449017,4.916682723437475,5.346746787610207,5.118670610465999,5.300397959591886
62.53876802457295,13367207429.052176,14514008340.429766,4.9231518553797295,5.345519433990731,5.116005915412585,5.301011138809566
62.9622847466362,13385347403.661613,14510643712.185778,4.929832820729374,5.344280239052673,5.113465109630223,5.3015995609115105
63.388669552282366,13404098803.096004,14507246556.418192,4.936738974270146,5.343029064204899,5.111049462085955,5.302163398137689
63.81794186436544,13423501836.711607,14503816491.828821,4.94388512513611,5.34176576901502,5.1087604135735445,5.302702818548133
64.2501212372722,13443601287.938457,14500353132.018906,4.951287767095906,5.340490211172103,5.106599595458278,5.303217986054035
64.68522735781303,13464447269.757214,14496856085.380337,4.958965356795394,5.339202246446606,5.104568851580643,5.3037090604479245
65.12328004611884,13486096144.230576,14493324954.977966,4.9669386524217325,5.3379017286470365,5.10267026400337,5.304176197432869
65.5642992565437,13508611650.569984,14489759338.42094,4.975231129171121,5.336588509572562,5.100906183470612,5.304619548650689
66.00830507857391,13532066300.830376,14486158827.720743,4.983869493284164,5.335262438960725,5.099279265692261,5.305039261709104
66.45531773774309,13556543122.641926,14482523009.13294,4.992884323895189,5.333923364429162,5.09779251489358,5.3054354802078025
66.90535759655357,13582137857.020256,14478851462.978569,5.002310882487282,5.332571131409816,5.096449336514117,5.305808343763306
67.35844515540393,13608961760.245575,14475143763.439823,5.012190144826343,5.331205583073692,5.095253601549547,5.30615798803256
67.81460105352278,13637145218.310356,14471399478.322975,5.0225701321646925,5.329826560243537,5.094209725879819,5.306484544735132
68.27384606990897,13666842470.441729,14467618168.77898,5.033507650917674,5.328433901290941,5.093322769129782,5.30678814167382
68.73620112427808,13698237870.88332,14463799388.96849,5.045070598882293,5.327027442012959,5.092598559340364,5.307068902753472
69.20168727801548,13731554322.437632,14459942685.652962,5.057341071316782,5.325607015481518,5.0920438522697395,5.307326947997716
69.67032573513568,13767064837.40947,14456047597.685455,5.070419618844154,5.324172451855879,5.091666537952039,5.307562393563207
70.14213784324807,13805108703.051636,14452113655.362907,5.084431201197172,5.322723578144073,5.09147591298269,5.3077753517508075
70.61714509452952,13846114598.111023,14448140379.58303,5.099533701058465,5.321260217892393,5.091483046200071,5.307965931012951
71.09536912670343,13890634506.445427,14444127280.718834,5.115930414469338,5.3197821907708756,5.091701280364343,5.308134235956045
71.57683172402528,13939394960.613132,14440073857.07331,5.1338889238797,5.318289312004161,5.0921469375115125,5.308280367336218
72.06155481827497,13993377182.55872,14435979592.69027,5.153770614018758,5.316781391565224,5.092840339485087,5.308404422045938
72.54956048975582,14053947625.56075,14431843954.139265,5.176078750585751,5.3152582329912565,5.093807335390149,5.308506493087422
73.04087096830055,14123081292.12246,14427666385.591913,5.201540728385449,5.313719631570277,5.095081683037569,5.308586669526318
73.53550863428374,14203767462.555786,14423446300.893866,5.23125750144973,5.312165371421227,5.096708953124095,5.308645036414239
74.03349601964143,14300804976.479845,14419183069.99525,5.2669964857702976,5.3105952204963,5.098753349663286,5.308681674659211
74.53485580889733,14422523622.235981,14414875993.903942,5.3118255482255,5.309008921356203,5.101310660467113,5.30869666080242
75.03961084019627,14585053012.749363,14410524254.253426,5.371685236549079,5.30740617259598,5.10453584546827,5.30869006661138
75.54778410634464,14825264706.448463,14406126815.510418,5.460155371526441,5.305786592827994,5.108712822186415,5.308661958312179
76.05939875585759,15255806987.885738,14401683898.87907,5.618724395230716,5.304150263521891,5.114491504473438,5.3086123992428185
76.57447809401353,16583742863.479593,14397199334.128984,6.107804107987052,5.302498595184496,5.124541951453079,5.308541461924197
77.09304558391575,13025970713.711481,14392675730.641352,4.797474134197517,5.300832548852729,5.128911363521934,5.308449233793263
77.61512484756136,13047978694.60484,14388109277.794048,4.8055796889697735,5.299150721071793,5.12452204719598,5.308335798095222
78.14073966691718,13070737577.675095,14383496303.539333,4.813961801539538,5.297451759423936,5.120302119660695,5.308201218485229
78.66991398500303,13094297447.799978,14378836259.616175,4.822638918202345,5.295735461984234,5.116253141894147,5.308045547370845
79.20267190698247,13118714218.516197,14374128591.707844,4.831631631952913,5.294001624597448,5.112376915708874,5.307868833734597
79.73903770126094,13144050627.999487,14369372739.50667,4.840963049305293,5.292250040901871,5.108675511772739,5.307671123150151
80.27903580059105,13170377460.846844,14364568136.80678,4.850659240276118,5.290480502363484,5.105151302731704,5.307452457798673
80.82269080318572,13197775060.001333,14359714211.632105,4.8607497952275756,5.288692798323099,5.101807002640593,5.307212876485487
81.37002747383855,13226335215.482344,14354810386.40802,4.871268520488073,5.286886716059579,5.098645714264686,5.306952414657293
81.92107074505194,13256163548.148037,14349856078.188509,4.882254316293622,5.2850620408734965,5.095670986300218,5.3066711044200945
82.47584571817299,13287382552.025364,14344850698.954117,4.893752297280116,5.283218556196875,5.092886883230448,5.306368974558222
83.03437766453676,13320135524.859575,14339793656.000904,4.905815240107463,5.281356043736439,5.090298071468898,5.3060460505547615
83.59669202661743,13354591714.765764,14334684352.44846,4.9185054789749545,5.279474283660715,5.087909926769753,5.305702354613955
84.16281441918731,13390953159.72497,14329522187.905281,4.931897424612465,5.277573054845091,5.0857286698066355,5.305337905686187
84.73277063048374,13429463927.237007,14324306559.345604,4.946080967251066,5.2756521351947585,5.083761539653732,5.304952719496433
85.30658662338372,13470422827.362642,14319036862.275112,4.961166158845354,5.273711302074036,5.082017019172139,5.30454680857741
85.8842885365865,13514201269.125462,14313712492.299047,4.977289789598762,5.27175033288391,5.080505132894537,5.304120182308978
86.46590268580447,13561268933.69586,14308332847.264145,4.994624843415203,5.269769005850912,5.0792378484576615,5.303672846966237
87.05145556496164,13612231684.980158,14302897330.238674,5.013394460395579,5.267767101124669,5.07822962974582,5.303204805779599
87.64097384740084,13667889304.557861,14297405353.755741,5.033893200655602,5.265744402340711,5.07749821893651,5.302716059011896
88.23448438709836,13729326648.529684,14291856346.02636,5.056520617456744,5.263700698908755,5.077065775960007,5.302206604060318
88.8320142198876,13798063873.802715,14286249760.358421,5.081836585652248,5.261635789481715,5.076960599160001,5.301676435595571
89.43359056469023,13876317167.421137,14280585090.065012,5.110657328482182,5.259549487446444,5.077219838473825,5.30112554575931
90.0392408247565,13967481163.708893,14274861893.397326,5.144233092144864,5.257441630106549,5.0778940089463465,5.3005539244573585
90.64899258891312,14077097193.744984,14269079838.369812,5.184604752756537,5.2553120951915195,5.079055029541046,5.299961559821408
91.26287363282027,14215017076.654436,14263238791.834883,5.235400742198856,5.253160833663005,5.080811897288592,5.299348438995501
91.88091192023681,14401020038.410227,14257339025.740084,5.303905763246404,5.250987945679477,5.083345390997727,5.298714549642123
92.50313560429389,14683114986.58092,14251381890.416525,5.40780153017087,5.248793928568828,5.087001472997093,5.298059883603656
93.12957302877773,15226932781.470186,14245360987.701845,5.60809000479114,5.246576425883383,5.092649933889779,5.297384420303951
93.76025272942037,17779012199.709213,14239259778.138466,6.548022641406982,5.244329346129333,5.105883313044293,5.296688082724161
94.39520343519996,12791472030.447893,14233078150.64293,4.711108104963609,5.242052648394563,5.112863171966404,5.295970753903992
95.034454069649,12821548877.383902,14226827378.34457,4.722185428748917,5.239750484580501,5.107551038977343,5.295232346105806
95.67803375217227,12852834139.502792,14220509376.356958,4.73370781269217,5.237423560024816,5.102461645972249,5.294472805252762
96.32597179937292,12885429175.167929,14214123331.929438,4.745712587149566,5.2350715753908705,5.09759822487496,5.293692080692136
96.97829772638832,12919450398.728935,14207668424.256382,4.7582426276075775,5.2326942283753795,5.092964502093098,5.29289011841694
97.63504124823409,12955032581.682068,14201143824.871376,4.771347570502639,5.230291213853581,5.088564774414264,5.29206686107211
98.29623228115815,12992333122.17237,14194548698.168898,4.785085385681776,5.227862224071377,5.084404002585042,5.291222247962848
98.96190094400303,13031537643.79016,14187882202.091808,4.799524438443267,5.2254069488985335,5.080487928011685,5.290356215065861
99.63207755957825,13072867450.617418,14181143489.040054,4.814746235235459,5.2229250761633566,5.076823220142145,5.289468695044374
100.30679265604141,13116589623.991371,14174331707.076885,4.830849142301851,5.220416292096946,5.073417665230287,5.288559617268174
100.9860769682887,13163030959.232944,14167446001.543352,4.847953518587952,5.217880281927811,5.070280411941059,5.287628907840354
101.6699614393553,13212597618.456429,14160485517.244946,4.866208953884834,5.215316730687215,5.067422296644427,5.286676489633083
102.35847722182432,13265803524.601986,14153449401.456043,4.885804726371192,5.2127253243157154,5.06485628305063,5.285702282335736
103.05165567924685,13323312541.040117,14146336808.128948,4.906985337391195,5.210105751213353,5.0625980703154765,5.284706202520163
103.74952838756941,13386003179.825567,14139146903.92598,4.93007434354971,5.207457704461276,5.060666957091229,5.283688163730441
104.45212713657332,13455071692.111809,14131878877.12058,4.9555123249841335,5.204780885100024,5.059087108615249,5.282648076608254
105.15948393132247,13532203865.043016,14124531951.207039,4.9839201582799975,5.202075007142001,5.057889486092206,5.281585849072259
105.8716309936208,13619877385.714859,14117105406.665363,5.016210377329427,5.199339805587491,5.057114922021301,5.2805013865824355
106.58860076348083,13721931379.0902,14109598617.832747,5.053796934544269,5.1965750500044425,5.056819309283831,5.279394592545798
107.310425900601,13844736681.446247,14102011120.331192,5.0990262133860575,5.193780569362114,5.057083021339598,5.278265368974437
108.037139285853,13999896651.689346,14094342748.406992,5.156171739064277,5.1909563026133005,5.058029776765782,5.277113617640907
108.76877402278072,14211596097.116455,14086593967.188213,5.234140793039766,5.188102421064994,5.059870102875158,5.275939242379201
109.5053634391067,14542466923.388378,14078766171.358437,5.356000750020111,5.185219438380133,5.0630263792458745,5.274742152912396
110.2469410882515,15242177625.218924,14070847692.026457,5.613704691417716,5.182303056897918,5.068687965343241,5.273522234697623
110.9935407508617,12516590171.582256,14062815527.24901,4.609868923880552,5.179344804986537,5.0692431154942765,5.272279289029394
111.7451964363482,12554015004.797874,14054675930.761717,4.623652516157448,5.176346985901201,5.063176641538526,5.271013078758068
112.50194238443672,12593110909.473488,14046444977.430935,4.638051565223087,5.173315520026444,5.057380452842906,5.2697234251258545
113.26381306672587,12634039141.390457,14038121526.882172,4.65312546169465,5.17024998736154,5.051859576884234,5.268410188502264
114.03084318825874,12676988785.640568,14029704427.372946,4.668943845743833,5.167149963718928,5.046619838972286,5.267073225469488
114.80306768910326,12722183900.256195,14021192516.571896,4.685589238100836,5.164015021011153,5.041668006673927,5.265712388818997
115.58052174594349,12769893136.011211,14012584622.6171,4.703160583033777,5.16084472764065,5.0370119737111665,5.264327527552676
116.3632407736827,12820442934.730953,14003879565.557545,4.721778109295492,5.157638649030634,5.032660997762375,5.262918486890162
117.15126042705627,12874236021.267527,13995076159.328169,4.7415901407309855,5.1543963483525115,5.028626013364054,5.261485108284489
117.94461660225534,12931777935.671236,13986173214.485703,4.762782868094745,5.151117387533495,5.024920051851069,5.260027229449186
118.74334543856331,12993716150.043722,13977169542.059998,4.7855947558151435,5.147801328675046,5.021558817861828,5.258544684401273
119.54748332000038,13060899577.962376,13968063959.082855,4.810338459357113,5.144447736089147,5.018561501796762,5.257037303526848
120.35706687698224,13134472491.706148,13958855296.74001,4.837435415002173,5.141056179300688,5.015951960487947,5.255504913679615
121.17213298798823,13216029338.35605,13949542412.791409,4.867472858726638,5.137626237621856,5.013760496680512,5.253947338328902
121.99271878124071,13307883728.372078,13940124211.308025,4.901302894882831,5.134157507421225,5.012026662000485,5.252364397785159
122.81886163639771,13413567181.422255,13930599675.783962,4.940226184637138,5.13064961431896,5.010803919828462,5.250755909553036
123.65059918625397,13538833562.627909,13920967928.816105,4.9863618805424,5.12710223516688,5.010167961296532,5.249121688909049
124.48796931845648,13693915504.659384,13911228350.955719,5.043478668375645,5.123515141821581,5.01023297143331,5.247461549912792
125.33101017722994,13899429371.402863,13901380856.45041,5.1191695693910235,5.1198883027003985,5.011187858468599,5.245775307380181
126.17976016511393,14205877243.162819,13891426806.354134,5.232034535124496,5.116222219080456,5.013394841649415,5.24406278177088
127.03425794471296,14791563445.295155,13881356782.856606,5.44774317344721,5.112513422375631,5.017777282506618,5.242323775969454
127.89454244045727,17834910479.59912,13871148106.090755,6.568610017028493,5.108753559575003,5.031081698970724,5.240558016142154
128.76065284037546,12290167099.695448,13860801490.136616,4.5264771479709776,5.104942893674748,5.037960108677326,5.238765178087068
129.63262859788094,12338181439.535782,13850331658.806208,4.5441608629521655,5.101086847465142,5.031221205883758,5.23694498018274
130.51050943356745,12388735805.170238,13839739799.805904,4.562780071211767,5.097185858379275,5.024816048859375,5.2350971837571505
131.39433533701973,12442136823.952667,13829024342.36827,4.582447703818897,5.093239347902399,5.0187534653366885,5.233221552369561
132.28414656863458,12498758147.79351,13818183701.261183,4.6033013770337865,5.0892467321924135,5.013043844888459,5.231317844956947
133.17998366145451,12559062445.970858,13807216278.789799,4.6255114922755025,5.08520742281719,5.007699503445122,5.229385815829506
134.0818874230154,12623633276.079418,13796120467.64626,4.649292974214765,5.081120827804118,5.002735175999328,5.227425214678195
134.98989893720346,12693222634.810833,13784894655.01537,4.674922783759625,5.076986353152233,4.998168698931161,5.225435786599384
135.90405956612838,12768824342.517023,13773537228.612946,4.702766945641535,5.07280340505614,4.994021981995243,5.2234172721442125
136.8244109520068,12851791892.092117,13762046585.805634,4.733323952241073,5.068571393264853,4.990322439810713,5.221369407404753
137.75099501905876,12944036917.75082,13750421147.886337,4.767297859777974,5.064289736339444,4.987105185833263,5.219291924156805
138.68385397541843,13048383377.170277,13738659383.4972,4.805728733841969,5.0599578702797405,4.984416562729935,5.217184550093969
139.62303031505624,13169247094.865776,13726759849.549976,4.850242925693848,5.055575263595333,4.982320180448174,5.215047009217544
140.56856681971405,13314067400.784727,13714721269.19348,4.903580345762005,5.051141446021035,4.980908092203791,5.212879022515092
141.5205065608556,13496729614.175661,13702542700.728138,4.970854966847698,5.0466560707282335,4.980323822272584,5.210680309240193
142.47889290162638,13747386149.282423,13690223995.172794,5.06317194422862,5.042119082847066,4.980817837401601,5.208450589724279
143.44376949883068,14150328766.61197,13677762350.431093,5.211575992317683,5.037529450363482,4.982920265380422,5.206189580740055
144.41518030491946,15114510562.286137,13665142888.51352,5.566684822751475,5.032881693703525,4.988374676456303,5.203896959104086
145.39316956999212,11991420460.0877,13652350600.425995,4.416448551431301,5.028170285044169,4.9883914524485995,5.201572332172619
146.37778184381378,12047569527.921885,13639392887.59959,4.437128292428282,5.0233979503376585,4.980862068706008,5.199215293969672
147.36906197784236,12106951726.667711,13626279257.643734,4.458998797803747,5.018568191243203,4.973718916481173,5.196825485729281
148.36705512727357,12170000593.873476,13613007627.960094,4.482219739740283,5.0136802407383785,4.966973856813379,5.194402571731877
149.37180675309708,12237255856.828402,13599575894.698795,4.506989900176409,5.008733323973804,4.960640995633994,5.191946210422425
150.383362624167,12309402865.624798,13585981935.580414,4.533561694030981,5.0037266593124805,4.954737275733241,5.189456054390722
151.4017688192876,12387332305.17391,13572223614.09484,4.562263161180438,4.998659459876238,4.949283305752925,5.186931750369286
152.42707172931196,12472234010.502645,13558298785.85085,4.59353251869827,4.99353093588429,4.944304557414655,5.184372939257354
153.4593180592544,12565750946.636387,13544205308.429163,4.6279748717536755,4.988340298282115,4.939833159015364,5.181779256184585
154.49855483041992,12670245617.60671,13529941057.24698,4.666460332235628,4.983086764584377,4.935910703773111,5.179150330637456
155.54482938254378,12789291956.62912,13515503952.41278,4.7103051822497415,4.977769568765576,4.932592894674968,5.1764857866895335
156.59818937594977,12928661634.951788,13500892007.454174,4.761635132357846,4.972387979206539,4.929957780911573,5.173785243415451
157.65868279372054,13098528974.771368,13486103426.92125,4.824197392548677,4.966941334641806,4.928121773312364,5.171048315661055
158.72635794388273,13319206139.237717,13471136834.733208,4.90547294673221,4.961429128259857,4.9272750789585915,5.168274615609088
159.8012634616094,13639916468.2275,13455992048.97894,5.023590785449511,4.9558512930627,4.927777282056451,5.165463756805256
160.88344831143303,14231445298.80854,13440660130.624363,5.241451267920691,4.950204536797827,4.930527370417931,5.162615335383736
161.97296178947784,16992546648.108843,13425121090.23764,6.258366828096382,4.944481497343494,4.941536467846572,5.1597288813758215
163.06985352570473,11737827757.236069,13409373767.362614,4.32305018141414,4.938681747302887,4.946174308090381,5.156803879050832
164.17417348617155,11805988851.115759,13393428805.518951,4.348153960014088,4.9328092066917515,4.937988455932253,5.153839843105385
165.2859719753101,11878711367.125631,13377285956.22372,4.374937713578333,4.926863783993649,4.930260244296348,5.150836320318037
166.40529963821717,11956735484.922989,13360942479.201511,4.40367405079291,4.920844469963227,4.923007895683929,5.147792856143875
167.53220746296083,12041023647.199986,13344395606.78357,4.434717439975206,4.914750245266148,4.916253593981038,5.144708988532835
168.66674678290497,12132863173.950516,13327642549.624504,4.46854200198031,4.908580082584548,4.9100247831158,5.141584247909198
169.8089692790453,12234035791.829422,13310680505.7747,4.505803947982705,4.902332949958424,4.904356120796836,5.138418157187934
170.95892698236528,12347113480.363194,13293506675.547262,4.54745053984281,4.8960078162611325,4.899292556143443,5.135210231849977
172.1166722762058,12476010975.834177,13276118287.05272,4.594923577674375,4.889603660603839,4.894894462807107,5.131959980116329
173.2822578986504,12627110805.7425,13258512643.140982,4.650573750824525,4.883119489624279,4.8912468499622115,5.128666903298958
174.45573694492984,12811832987.687897,13240687216.801308,4.718607059771146,4.876554372622626,4.88847758430854,5.12533049649885
175.63716286983794,13053535103.131664,13222639879.960087,4.80762611812061,4.869907525827878,4.886798785160748,5.1219502500962655
176.8265894901688,13411311865.78605,13204369942.511734,4.939395550309229,4.863178695073667,4.886623604217297,5.118525654358095
178.02407098716736,14111029157.623638,13185866622.057291,5.197101918811042,4.856363909194905,4.889064624647983,5.115056177975366
179.2296619089971,21645146248.766922,13167108483.10064,7.9719225186092935,4.849455273483366,4.9118595928852775,5.1115412171264945
180.44341717322578,11452715031.84454,13148097785.637985,4.218042965026296,4.842453620297232,4.927637727347641,5.107980128938009
181.66539206932669,11532688948.854538,13128844975.970139,4.24749741465607,4.8353627970164075,4.918321760520419,5.10437231059661
182.89564226119637,11618726506.661865,13109346057.174597,4.279185107437053,4.828181331571536,4.909540640967376,5.100717183174869
184.13422378969227,11711976275.881914,13089597482.638672,4.313529062731085,4.820907917742681,4.901319985857795,5.097014156885898
185.38119307518298,11813994745.073288,13069595669.620445,4.351102536364098,4.813541236003485,4.893691751211099,5.093262632247518
186.63660692012036,11926972679.263788,13049337009.665668,4.3927123886297315,4.806079957357722,4.886696722020904,5.089462000059657
187.90052251162626,12054142903.459515,13028817886.594563,4.439549271241243,4.7985227499638485,4.880388536230783,5.085611641452235
189.1729974240968,12200573646.893267,13008034709.337784,4.493479816573674,4.790868291228509,4.87484062361197,5.081710928058013
190.45408962182708,12374874261.366177,12986983977.3312,4.557674854923354,4.783115291891485,4.870159229513369,5.0777592224259305
191.74385746164896,12593398477.053036,12965662430.37563,4.63815747656398,4.775262551219133,4.8665108743420635,5.073755878961093
193.04235969559147,12892899773.658665,12944067503.15274,4.748464013804361,4.767309124402916,4.864191140054769,5.069700246346906
194.34965547355628,13383808887.605703,12922192414.190636,4.929266184188766,4.759252513821987,4.863855664278606,5.065591658886682
195.66580434601153,14738253481.341091,12900021650.872105,5.4281090763971225,4.751087006168564,4.868088148290926,5.061429404691333
196.99086626670575,11097251369.487381,12877546318.20453,4.087125449296699,4.74280932541064,4.866576641557216,5.057212721208204
198.32490159539827,11185539597.037064,12854770474.34469,4.119642065319634,4.734420966170196,4.85634465258103,5.052940844274322
199.66797110060799,11280913000.342821,12831695075.757004,4.1547681565343275,4.72592228071375,4.846703380298116,5.048613032327949
201.02013596238356,11384802501.122683,12808315604.954926,4.193030732411413,4.717311605247842,4.837683436721254,5.0442285449120945
202.3814577750877,11499185804.346714,12784627488.990818,4.235158183076087,4.708587255552655,4.829323444042533,5.039786629052484
203.75199855020514,11626917864.927843,12760626111.84716,4.282201990421721,4.699747531545706,4.821673445994296,5.035286519182198
205.1318207191664,11772354153.768047,12736306837.160099,4.335766277431065,4.690790725650939,4.814800630722767,5.030727437154129
206.52098713619108,11942638071.545528,12711665052.718943,4.398481963575466,4.68171513918793,4.808799700024475,5.026108592419429
207.91956108115323,12150704256.615477,12686696268.153925,4.475112885217529,4.672519118350348,4.8038137078486525,5.02142918255506
209.3276062624609,12423610317.773262,12661396381.007355,4.575624378621398,4.663201152200154,4.800082650557124,5.0166883946838325
210.7451868199607,12832931306.928614,12635760426.501408,4.7263775855198205,4.653759412206198,4.798087206382405,5.0118854044328085
212.17236732785844,13684827684.882631,12609775671.220854,5.040131617988887,4.644189208642736,4.799236210397585,5.0070193547196515
213.60921279766026,10725346623.515223,12583426576.160189,3.950152670960216,4.634484818483161,4.79513432454963,5.00208933012426
215.0557886811351,10822110409.56493,12556712895.43026,3.9857908411130047,4.624646151166326,4.7840447145454625,4.997094388654046
216.51216087329578,10927103886.931593,12529637406.463995,4.024460012339976,4.614674229622723,4.773602008551669,4.99203360722215
217.97839571539956,11042100218.75218,12502194380.738962,4.066813241865982,4.604566944033529,4.763842564823301,4.986906067761004
219.45455999797278,11169602060.552465,12474378006.989733,4.11377225947344,4.594322154105617,4.754812817411238,4.981710836019317
220.94072096385003,11313322376.090078,12446182405.801664,4.166704552313975,4.583937694446459,4.746573934535031,4.976446961406613
222.4369463112399,11479137476.254904,12417601658.249876,4.227774369802722,4.573411385111878,4.739209958687963,4.971113476946738
223.94330419680767,11677191176.790646,12388629866.389446,4.300717686380438,4.562741053884627,4.732843395557567,4.965709399452294
225.4598632387795,11927287917.20241,12359261301.355646,4.392828490983244,4.551924590819818,4.727669132472535,4.9602337302125115
226.98669252006943,12276191179.942383,12329490942.773973,4.521329806940464,4.540960146910004,4.72404402776953,4.954685457372632
228.52386159142537,12879882541.551159,12299308151.057976,4.7436697581049465,4.529843803588047,4.72282165238835,4.949063543932609
230.0714404745976,15194019008.437023,12268694972.970385,5.595967839137932,4.5185689486640905,4.7288341746770195,4.943366896138283
231.62949966552858,10425098280.250175,12237645157.62638,3.839570995912115,4.507133279932879,4.72864608585031,4.937594375236677
233.1981101375633,10538506952.015888,12206160072.156858,3.881339489128286,4.495537300909678,4.717006516325727,4.931744845748217
234.7773433446837,10663253990.28479,12174234145.712795,3.927283910666317,4.483778959846892,4.706111119960705,4.925817176980608
236.36727122476287,10802326861.020674,12141860018.96213,3.9785045463323936,4.47185554629737,4.6960133100723045,4.919810221461486
237.96796620284107,10960250131.193933,12109030226.184416,4.036667797309658,4.459764310631043,4.68678434420008,4.9137228104989035
239.57950119442742,11144392130.52075,12075737229.906704,4.104487424591632,4.447502476791349,4.678523912304411,4.907553754026271
241.20194960881804,11368009357.363022,12041973501.810469,4.1868458058067475,4.435067272093302,4.671381340474174,4.901301840735077
242.83538535244276,11658693243.89935,12007731756.269844,4.293904884744956,4.422456013235795,4.665604927604748,4.894965838983452
244.4798828322306,12089255084.199284,11973003618.710638,4.452481111992044,4.40966561585729,4.661687919372912,4.888544494968252
246.13551695899866,12972371805.499695,11937774331.421415,4.777733618775001,4.396690644682331,4.661070735598811,4.88203651452915
247.80236315086572,9976218307.009468,11902027638.906626,3.674248187477213,4.383525112800527,4.6552123154561915,4.875440544272067
249.480497336687,10095029405.309387,11865759103.650618,3.718006398168526,4.370167385871755,4.642354101510493,4.868755197955366
251.16999595951285,10225897932.062294,11828966022.697475,3.766205368201272,4.356616468395461,4.630284859134231,4.861979090308127
252.8709359800715,10372020122.643599,11791639107.55191,3.8200222733021088,4.342868939412325,4.61906146899512,4.855110824970495
254.58339488027343,10538254937.251934,11753768901.442825,3.88124667191427,4.32892131598693,4.608759951635183,4.848148978020354
256.30745066674274,10732564843.869602,11715345812.162924,3.952811146570684,4.314770065302614,4.599486990908955,4.841092097593247
258.0431818743695,10969426690.605051,11676360194.70352,4.040047530565885,4.300411635095925,4.591403298302373,4.833938703792956
259.79066756988635,11279533416.87403,11636802610.195019,4.1542600549768345,4.285842549024581,4.584779092000947,4.826687289448099
261.54998735547287,11746857266.376429,11596661662.693058,4.326375755952687,4.271058609954295,4.580164524924029,4.819336316136654
263.3212213723782,12768964272.46147,11555920027.709013,4.702818481938049,4.256053437263777,4.579293927634358,4.811884195101914
265.10445030457436,9578259844.59454,11514561533.004051,3.527679807132939,4.240821074706141,4.573045530707127,4.804329276193446
266.89975538243056,9709651722.688635,11472579518.981224,3.5760715278310777,4.225359069547169,4.559355001513414,4.796669875092038
268.70721838641293,9855785385.950373,11429967048.595173,3.6298926583281506,4.209664866868197,4.546533378659869,4.788904296488397
270.52692165081095,10021061480.530586,11386712184.845657,3.6907639596826916,4.193734070263679,4.534652710460137,4.781030821160979
272.3589480674873,10212505641.68457,11342802740.809397,3.7612729782783343,4.17756219128124,4.523812313127842,4.773047693373986
274.2033810896539,10442448778.84161,11298226322.842619,3.845961196691564,4.161144665333198,4.514158007707001,4.764953120239827
276.0603047356735,10735722865.319975,11252970457.665337,3.9539742480819946,4.144476898501801,4.505925521203434,4.756745271511265
277.9298035928863,11154626985.049747,11207023620.394594,4.108256928680755,4.1275546461645884,4.4995628629821125,4.748422282235906
279.8119628214642,11939116873.164648,11160367435.239397,4.397185103746366,4.11037114050487,4.496259797480467,4.739982238582962
281.7068681582896,24741808083.60465,11112976333.139183,9.112425240556352,4.092916964419738,4.526648556691735,4.73142314381998
283.61460592085956,9242639216.3162,11064840879.009768,3.404070494747983,4.0751886429610815,4.549736324440081,4.722742941693799
285.5352630112213,9397672648.148748,11015954812.547024,3.461169416240998,4.057183870454507,4.534759562298486,4.713939564794816
287.4689269199261,9574060360.59874,10966301070.541363,3.5261331342369515,4.038896362507976,4.520802077952384,4.705010915755947
289.41568573001854,9780064349.59505,10915863971.034634,3.602004547621215,4.020320343445322,4.507976122734814,4.695954844493255
291.37562812104744,10030619191.546206,10864627526.483664,3.6942840713417255,4.0014499250432,4.49644977198279,4.686769151554607
293.3488433731045,10357252536.086515,10812575677.668013,3.8145833608333777,3.982279192679478,4.486503703233679,4.677451587852051
295.33542137089313,10846160468.435448,10759690051.334425,3.994648494634042,3.9628013794721175,4.478705951807171,4.667999849418209
297.3354526078216,11909822625.971464,10705947036.142185,4.3863960119942895,3.943007789347801,4.474850909809531,4.658411559471181
299.34902819012564,8671287478.102245,10651324841.775028,3.193641249522908,3.9228903969177913,4.465641843512832,4.6486842610127415
301.3762398410188,8825367149.343424,10595808651.567926,3.250388900322331,3.902443745193985,4.448968849435386,4.638815439661286
303.4171799048695,8999941987.25348,10539382255.432695,3.3146849353559142,3.8816618639895535,4.433331037750226,4.628802538129342
305.4719413514092,9202442028.797745,10482025479.463043,3.389265842440245,3.860537323240685,4.418834143079467,4.61864294355013
307.54061777996685,9445879302.05838,10423717609.082117,3.47892396062856,3.8390624937542204,4.405633001326426,4.608333977129497
309.6233034237307,9756475653.06998,10364437541.409828,3.593316814175036,3.817229603324648,4.393977352769312,4.597872892737444
311.720093154045,10200505781.266945,10304162698.81035,3.7568534212846325,3.7950303365928844,4.384342301350765,4.587256873201903
313.8310824847267,11040374378.8205,10242865463.82156,4.06617761381077,3.772454522028293,4.378009740265131,4.576483015146748
315.95636757642,8130264346.045318,10180516882.892923,2.9943820511805153,3.74949149601794,4.366619314366833,4.5655483144360165
318.0960452409755,8290484276.441801,10117095205.365597,3.053391163726036,3.726133247778944,4.348617580532732,4.554449682081433
320.2502129458591,8472945536.345584,10052578878.782959,3.12059177350171,3.702371839526441,4.331703491642591,4.5431839635954
322.41896881859384,8686013332.358175,9986941265.920034,3.1990647919559048,3.6781974607518224,4.3159930184020805,4.531747927759999
324.60241165122864,8944632731.928326,9920154873.612982,3.2943144978940175,3.6535999857035955,4.3016581856147384,4.520138253023126
326.80064090483876,9279916911.634035,9852191539.124458,3.4177998960341043,3.628569042025878,4.288982566339066,4.508351524944658
329.01375671405685,9775393741.896086,9783020171.32217,3.600284359535487,3.603093178832878,4.278529422510951,4.496384228539496
331.24185989163306,10816979140.853258,9712604496.667831,3.9839009912537575,3.5771590365550465,4.272016062707969,4.4842327295809286
333.4850519330291,7615575642.995502,9640909867.764484,2.804821841479905,3.5507538545318256,4.260221985331315,4.471893267475519
335.74343502104097,7789857426.098379,9567906307.654655,2.8690099442228165,3.5238665922287886,4.2411400581901,4.4593619725293365
338.0171120304517,7991360544.466659,9493561197.842703,2.9432236838034207,3.4964852362311527,4.223242035133889,4.446634872359292
340.306186532722,8231846042.166655,9417838034.010393,3.0317946609860202,3.468596341972953,4.206675600772396,4.433707877143212
342.61076280070273,8534038012.776998,9340698931.653278,3.1430921753462546,3.440185956564676,4.191671696395018,4.420576768213322
344.930945813389,8951713137.482368,9262105143.448925,3.2969222162170286,3.4112398093403398,4.178647309692849,4.407237194249975
347.26684126070074,9670790844.957687,9182011401.491968,3.561759039353717,3.3817412280987034,4.168606759684478,4.393684654783115
349.61855554829594,13046620947.941746,9100365982.469292,4.805079629923108,3.3516711631073317,4.168833491115681,4.379914470154272
351.9861958024199,7129874558.75286,9017126963.974613,2.6259377920821123,3.321014174314638,4.162706112100236,4.365921792314699
354.3698698747842,7330435576.070827,8932252474.841677,2.699804555186259,3.2897548405407737,4.1425983217570765,4.351701631327318
356.7696863474776,7569773405.229012,8845690950.872179,2.7879528452413513,3.2578741706553997,4.123846586734866,4.337248833381893
359.18575453791703,7869894710.57732,8757389843.572405,2.89848773213577,3.2253528110114886,4.106678727822954,4.322558056701918
361.6181845038214,8281935975.563227,8667294660.813961,3.05024281852723,3.1921706921199995,4.091500347888842,4.307623766827656
364.06708704822944,8976800356.73155,8575343400.320226,3.3061618566317117,3.1583049784990402,4.079260835983957,4.2924402158113555
366.5325737245455,11746121313.270166,8481466705.068864,4.326104703908362,3.123730125908724,4.075755952974343,4.27700140837881
369.0147568416195,6479022294.032204,8385603371.084736,2.386228447281079,3.0884235928821537,4.066063968915995,4.261301107345732
371.51374946886705,6687566614.117502,8287690322.516071,2.4630354663840692,3.052362148538959,4.044057742249962,4.245332852286182
374.02966544141475,6939914207.319637,8187653331.508939,2.5559752616455387,3.0155184547085643,4.023484899496322,4.2290899302918765
376.56261936528995,7263163565.641565,8085415655.629465,2.67502822664361,2.977864247098843,4.004609660179167,4.212565345685912
379.11272662263946,7724798782.907753,7980893938.635511,2.8450488003838803,2.9393688255474513,3.987926566658584,4.195751801241487
381.68010337698473,8588542925.039114,7873996572.814135,3.1631663726948607,2.899998450869572,3.974742932009015,4.1786416655083
384.26486657851547,5636527999.460265,7764629804.495312,2.0759372087046475,2.859718593522892,3.9565482268426,4.161226951672848
386.8671339694158,5826882667.583265,7652697311.654871,2.1460449662541534,2.8184937780384685,3.9318049832023134,4.143499310679696
389.48702408922645,6054369150.562211,7538094160.982739,2.229828397213526,2.77628535740473,3.908425470821505,4.125450008434915
392.1246562802483,6338758483.944768,7420707040.092484,2.334569187817971,2.7330515985904165,3.886623745917291,4.1070698890205035
394.7801506929738,6723764581.466778,7300414828.4581995,2.4763672031033814,2.6887478928210315,3.866767941564268,4.088349340387876
397.453628291564,7342452037.281943,7177082650.664826,2.704230226263827,2.643324565386775,3.8496584740748556,4.069278247183844
400.14521085935735,9131997665.178583,7050561773.339469,3.3633211339965823,2.59672683768227,3.838734205211185,4.049845929320517
402.8550210044156,4951894725.404437,6920702908.039646,1.8237862945131675,2.5488997266696254,3.8220042664646074,4.030041114071554
405.58318216511356,5164731122.579031,6787344631.846526,1.9021740886133103,2.4997837801748117,3.7957398700911735,4.009851912590499
408.32981861575576,5430211588.41539,6650304004.77554,1.9999507300611508,2.4493116212734245,3.771009046943941,3.989265745006198
411.09505547224256,5786000073.215773,6509383853.9371805,2.1309878781240164,2.397410631052204,3.748144504581579,3.9682692614801716
413.8790186977674,6338372995.869058,6364363105.145522,2.3344272122897816,2.3439993877336858,3.7278304570474092,3.94684825829445
416.6818351085537,7670846990.726072,6214995868.677318,2.825178317548174,2.288987329960634,3.7124490531043226,3.924987569008397
419.50363237963415,4027192662.4002113,6061024218.287971,1.483217877264067,2.2322794633165732,3.6915260032197925,3.9026709864836535
422.3445390506653,4229833705.1117024,5902161002.098909,1.5578507151770118,2.173770029563571,3.662419505878132,3.879881174816119
425.2046845317809,4486535737.247117,5738077494.258781,1.6523942533464364,2.1133379587404115,3.6348378526491336,3.856599509559721
428.08419910949226,4837537856.058174,5568409307.225704,1.7816685794641842,2.0508490466602884,3.609127244637644,3.8328059043535583
430.9832139526162,5399507254.637884,5392737287.338355,1.9886423024327748,1.9861489187362595,3.586017287115871,3.808478607093216
433.9018611182555,6872241273.768051,5210583862.017209,2.531051272836224,1.9190616846529054,3.568248551719844,3.7835939427749388
436.8402735578125,3003959654.944038,5021427930.373799,1.106360444185329,1.849395422588147,3.5447588321144883,3.7581260876889337
439.7985851230435,3195760540.2462234,4824662530.9198675,1.1770008445345201,1.7769265882008853,3.512540479274525,3.732046778408638
442.77693057216084,3448482246.397967,4619567345.679846,1.2700784258572713,1.7013898878763765,3.4818521583031425,3.705324852396242
445.7754455759656,3815226409.785083,4405309314.324387,1.4051505580144208,1.6224785049120416,3.4531057406514467,3.677925728629624
448.7942667240323,4473753333.03545,4180880789.6816745,1.6476864849254789,1.5398213221489814,3.4272786233462758,3.64981074349176
451.8335315309291,7383359968.694942,3945079320.3210444,2.719296646045564,1.4529754758833664,3.410626439378361,3.6209362932964986
454.89337844248087,1779348909.0183282,3696528440.7342753,0.6553354490304804,1.3614340129047648,3.3874739745653137,3.5912529900670083
457.973946842078,1945296119.583752,3433545158.9701056,0.7164539228722666,1.264577086099154,3.3512531683172555,3.560704551508601
461.07537705702475,2184838743.643691,3154161197.593662,0.8046776390330653,1.1616797775091499,3.3165197898224275,3.529226432411208
464.1978103649292,2587897633.4558806,2850375706.8375096,0.9531245103588945,1.0497953685634858,3.2838400853015295,3.4967302884561997
467.3413890001443,3597796854.7843614,2513134651.140581,1.325071100670944,0.9255892516256956,3.255092260713159,3.4630868417216973
470.5062561602402,0.0,2147035144.4579663,0.0,0.7907545469841804,3.220301845774108,3.4281576570053613
473.69255601253246,0.0,1746104335.6316166,0.0,0.6430914493754454,3.1771247373454243,3.3918026703832345
476.90043370064734,0.0,1286973943.3840714,0.0,0.4739934044433334,3.134526538218268,3.353811106275644
480.13003535113154,0.0,736112270.6043668,0.0,0.2711106646641332,3.092499486502349,3.3138344416795973
483.38150808011386,0.0,0.0,0.0,0.0,3.05103592437708,3.27121463164688
486.65500000000014,0.0,0.0,0.0,0.0,3.010128296696305,3.2273548956319282
