R_kpc,Sigma_bar,Sigma_eff,kappa_bar,kappa_eff,kappa_bar_mean,kappa_eff_mean
7.415000000000001,10475981078.068573,11116431107.794914,3.464608139564152,3.676417264593908,0.0,0.0
7.4604905016426235,10476621926.212032,11118859053.720634,3.4648200803530393,3.6772202329415964,0.042123524602210805,0.044702274801840726
7.506260084302065,10477271388.89412,11121289562.348263,3.4650348701352978,3.678024048824024,0.08373751126784196,0.08887083300293905
7.552310460120662,10477929592.569275,11123722457.543617,3.4652525507318397,3.678828653990234,0.1248481897821654,0.13251217340581042
7.598643351744631,10478596665.857784,11126157562.243887,3.4654731646798633,3.679633989882154,0.16546171470240295,0.17563271509134543
7.645260492388493,10479272739.592152,11128594698.43317,3.465696755248191,3.680439997626507,0.2055841662811257,0.21823879838425525
7.692163625899926,10479957946.864744,11131033687.11762,3.4659233664530245,3.6812466180265897,0.24522155137864537,0.26033668580671177
7.739354506824989,10480652423.076782,11133474348.300138,3.4661530430741476,3.682053791553905,0.2843798043644837,0.30193256302026694
7.78683490047375,10481356305.988665,11135916500.954628,3.46638583067157,3.6828614583396453,0.3230647880080889,0.34303253975622716
7.834606582986338,10482069735.771723,11138359962.999784,3.4666217756026434,3.6836695581660273,0.3612822943589396,0.38364265073462167
7.882671341399372,10482792855.06144,11140804551.27241,3.466860925039661,3.6844780304574622,0.3990380456161387,0.4237688565718716
7.931030973712815,10483525809.012188,11143250081.500235,3.4671033269879623,3.6852868142715733,0.4363376949876707,0.46341704467733474
7.979687288957237,10484268745.353537,11145696368.27425,3.467349030304552,3.686095848290039,0.4731868275394276,0.5025930301388313
8.028642107261476,10485021814.44817,11148143225.02052,3.4675980847172583,3.686905070809276,0.5095909610341353,0.5413025565972845
8.077897259920734,10485785169.351519,11150590463.971449,3.4678505408444513,3.687714419730934,0.5455555467603302,0.5795512971106268
8.127454589465087,10486558965.873123,11153037896.136528,3.468106450215339,3.6885238325522227,0.5810859703514979,0.6173448550070835
8.177315949728392,10487343362.639812,11155485331.272495,3.4683658652908598,3.689333246356041,0.6161875525954871,0.6546887647279466
8.227483205917654,10488138521.160751,11157932577.85294,3.468628839485196,3.690142597800927,0.6508655502343645,0.6915884926600075
8.277958234682785,10488944605.894459,11160379443.037289,3.468895427187939,3.6909518231107983,0.6851251567547927,0.7280494379577234
8.328742924186818,10489761784.31783,11162825732.6392,3.469165683786914,3.691760858064504,0.7189715031690836,0.7640769333552783
8.37983917417653,10490590226.997257,11165271251.094313,3.4694396656917035,3.6925696379851525,0.7524096587870299,0.7996762459686304
8.431248896053507,10491430107.661957,11167715801.427345,3.4697174303578953,3.693378097729236,0.7854446319786437,0.8348525780876815
8.482974012945657,10492281603.279507,11170159185.21854,3.4699990363120663,3.6941861716755295,0.8180813709279319,0.8696110679586909
8.535016459779134,10493144894.13378,11172601202.569399,3.4702845431775557,3.694993793713761,0.8503247643777965,0.9039567905570189
8.587378183350733,10494020163.9053,11175041652.06771,3.4705740117010406,3.6958008972330436,0.8821796423662173,0.9378947583503627
8.640061142400706,10494907599.754139,11177480330.751867,3.470867503779951,3.6966074151100754,0.9136507769537974,0.9714299220525485
8.693067307686038,10495807392.405443,11179917034.074379,3.471165082490756,3.6974132796970736,0.944742882942808,1.0045671713680269
8.746398662054172,10496719736.237698,11182351555.86467,3.4714668121181536,3.6982184228094686,0.9754606185878426,1.0373113357271644
8.800057200517184,10497644829.373869,11184783688.291016,3.471772758185214,3.699022775713318,1.0058085862981898,1.0696671850124484
8.854044930326396,10498582873.77549,11187213221.821674,3.4720829874844945,3.6998262691124504,1.035791333332029,1.101639430275693
8.908363871047484,10499534075.339832,11189639945.185165,3.472397568110178,3.7006288331353296,1.065413352482594,1.1332327244463931
8.963016054636018,10500498644.0003,11192063645.329664,3.4727165694912725,3.7014303973216256,1.0946790827563697,1.1644516630312816
9.018003525513468,10501476793.830185,11194484107.38148,3.4730400624259277,3.7022308906084813,1.123592910043463,1.1953007848052282
9.073328340643682,10502468743.149881,11196901114.60257,3.47336811911689,3.703030241316465,1.1521591677802454,1.2257845724935625
9.128992569609846,10503474714.637741,11199314448.347147,3.4737008132081675,3.7038283771352143,1.180382137604384,1.2559074534459413
9.184998294691889,10504494935.444742,11201723888.0172,3.474038219822951,3.704625225108731,1.2082660500023534,1.2856738003018329
9.241347610944372,10505529637.313055,11204129211.017036,3.4743804156028273,3.7054207116203433,1.2358150849495417,1.3150879316477284
9.29804262627488,10506579056.698778,11206530192.706726,3.4747274787483695,3.7062147623773134,1.263033372543079,1.3441541126661989
9.355085461522856,10507643434.898937,11208926606.354435,3.475079489061138,3.7070073023950685,1.2899249936274488,1.3728765557768452
9.412478250538943,10508723018.182976,11211318223.08763,3.475436527987167,3.7077982559810665,1.3164939804130287,1.401259421269276
9.47022314026481,10509818057.928938,11213704811.843079,3.4757986786620045,3.7085875467182587,1.3427443170876474,1.429306817928194
9.528322290813458,10510928810.764511,11216086139.31562,3.476166025957355,3.7093750974481474,1.3686799404212555,1.4570228036506663
9.58677787555003,10512055538.713217,11218461969.905693,3.476538656529429,3.7101608302534332,1.3943047403638362,1.4844113860556944
9.645592081173117,10513198509.345905,11220832065.665508,3.4769166588690466,3.7109446664402124,1.4196225606366317,1.5114765230861538
9.70476710779654,10514357995.937836,11223196186.243896,3.477300123353583,3.711726526519737,1.444637199316809,1.538222123603192
9.764305169031672,10515534277.63161,11225554088.82973,3.477689142300859,3.712506330189703,1.4693524094156598,1.5646520479731856
9.824208492070229,10516727639.606205,11227905528.093868,3.478083810025038,3.7132839963150537,1.493771899450436,1.590770108647319
9.884479317767598,10517938373.252365,11230250256.129622,3.478484222894637,3.714059442908284,1.5178993340099325,1.6165800707338935
9.945119900726652,10519166776.354742,11232588022.391632,3.478890479392758,3.714832587109233,1.5417383343139008,1.6420856525634224
10.006132509382095,10520413153.280993,11234918573.633104,3.479302680179632,3.715603345164322,1.5652924787664175,1.6672905262466133
10.067519426085308,10521677815.17824,11237241653.841393,3.4797209281575867,3.716371632405251,1.5885653035032936,1.6921983182253113
10.129282947189758,10522961080.177235,11239557004.171793,3.480145328538573,3.717137363227106,1.6115603029336454,1.716812609816485
10.191425383136858,10524263273.60458,11241864362.879547,3.4805759889143455,3.7179004510658684,1.6342809302756982,1.7411369377493153
10.253949058542418,10525584728.203423,11244163465.249949,3.481013019329454,3.7186608083753008,1.6567305980869633,1.7651747946954885
10.31685631228362,10526925784.363035,11246454043.526485,3.481456532357168,3.719418346603182,1.6789126787888782,1.7889296297927657
10.380149497586473,10528286790.357729,11248735826.83696,3.4819066431784904,3.7201729761668743,1.7008305051859836,1.8124048491618638
10.443830982113864,10529668102.595568,11251008541.117462,3.482363469664414,3.720924606428179,1.722487370979797,1.8356038164167827
10.50790314805414,10531070085.87736,11253271909.034195,3.482827132461572,3.721673145667483,1.743886531277452,1.858529853168608
10.572368392210189,10532493113.666504,11255525649.902958,3.4832977550814825,3.7224185010571307,1.7650312030952033,1.8811862395228525
10.637229126089114,10533937568.37022,11257769479.606272,3.483775463993558,3.7231605786340145,1.785924565856933,1.9035762145704478
10.702487775992463,10535403841.63273,11260003110.508049,3.4842603887220642,3.723899283271357,1.8065697618877525,1.925702976872419
10.768146783106953,10536892334.641077,11262226251.365652,3.484752661947261,3.7246345186496237,1.826969896902791,1.9475696849383053
10.83420860359582,10538403458.444235,11264438607.239267,3.485252419610939,3.725366187226554,1.847128040491315,1.9691794576984272
10.90067570869068,10539937634.286188,11266639879.398514,3.485759801026574,3.7260941902062736,1.8670472265962634,1.9905353749700256
10.967550584783991,10541495293.953789,11268829765.2261,3.48627494899437,3.7268184275074328,1.8867304539893297,2.0116404779173602
11.034835733522046,10543076880.140158,11271007958.118456,3.4867980099214453,3.7275387977303414,1.906180686741687,2.0324977695058197
11.10253367189856,10544682846.824524,11273174147.383188,3.487329133947449,3.7282551981230587,1.9254008546904913,2.053110214950094
11.170646932348834,10546313659.669395,11275328018.133234,3.487868475075916,3.7289675245463854,1.9443938539012806,2.0734807421565034
11.239178062844477,10547969796.43604,11277469251.177547,3.4884161913116745,3.7296756714377124,1.9631625471263732,2.0936122421594883
11.308129626988721,10549651747.419333,11279597522.90818,3.4889724448046535,3.7303795317736754,1.9817097642594121,2.113507569552367
11.377504204112324,10551360015.903028,11281712505.183605,3.4895374020004586,3.7310789970315703,2.0000383027861677,2.133169542912382
11.447304389370062,10553095118.636774,11283813865.20807,3.490111233798122,3.73177395714945,2.0181509282317434,2.152600945220114
11.517532793837798,10554857586.335938,11285901265.406866,3.4906941157154083,3.7324643004848737,2.0360503746042937,2.171804524273287
11.588192044610153,10556647964.205793,11287974363.297235,3.4912862280621733,3.733149913772218,2.0537393448354133,2.190782993095044
11.65928478489881,10558466812.49139,11290032811.354826,3.4918877561222135,3.7338306820785037,2.071220511217342,2.209539030336735
11.730813674131348,10560314707.054726,11292076256.875372,3.492498890344152,3.7345064887576567,2.0884965158370976,2.2280752806752395
11.802781388050748,10562192239.980854,11294104341.831413,3.4931198265418875,3.7351772154031195,2.105569971007729,2.24639435520492
11.875190618815504,10564100020.214725,11296116702.723894,3.49375076610521,3.735842741798774,2.1224434596968225,2.264498831824208
11.948044075100292,10566038674.230661,11298112970.42823,3.4943919162212094,3.7365029458680303,2.1391195359524104,2.282391255616877
12.021344482197318,10568008846.73653,11300092770.034708,3.4950434901071596,3.7371577036210457,2.1556007253264813,2.300074139228066
12.095094582118284,10570011201.414854,11302055720.682896,3.4957057072556172,3.737806889099961,2.1718895252962427,2.317549963235069
12.169297133696915,10572046421.703138,11304001435.389725,3.4963787936924913,3.738450374322043,2.187988405683305,2.3348211765129316
12.24395491269219,10574115211.616077,11305929520.870966,3.497062982248962,3.7390880292206443,2.203899809071017,2.3518901965949066
12.319070711892197,10576218296.612316,11307839577.355753,3.4977585128481357,3.739719721583861,2.219626151220108,2.3687594100277996
12.394647341218555,10578356424.508764,11309731198.393764,3.4984656328074273,3.7403453169907666,2.2351698214828533,2.38543117272222
12.470687627831563,10580530366.445633,11311603970.65469,3.4991845971577145,3.740964678745088,2.2505331832159965,2.40190781029779
12.547194416235943,10582740917.905659,11313457473.719606,3.499915668980416,3.741577667806214,2.26571857419263,2.4181916184233407
12.624170568387273,10584988899.791243,11315291279.863762,3.500659119763722,3.7421841427173534,2.2807283070132924,2.434284863152106
12.701618963799005,10587275159.563478,11317104953.83035,3.5014152297792918,3.7427839595307226,2.2955646695165117,2.450189781251951
12.779542499650205,10589600572.447525,11318898052.594744,3.5021842884808945,3.743376971729567,2.3102299251890797,2.4659085805306598
12.857944090893943,10591966042.70892,11320670125.118687,3.5029665949265105,3.743963030146874,2.324726313576329,2.4814434401563035
12.936826670366308,10594372505.006025,11322420712.09385,3.503762458225611,3.7445419828805573,2.3390560506927,2.496796510972696
13.016193188896132,10596820925.824135,11324149345.674135,3.5045721980134443,3.745113675204928,2.353221329432925,2.5119699158099618
13.096046615415371,10599312304.997229,11325855549.196114,3.50539614495431,3.7456779494782344,2.367224319984151,2.526965749790235
13.176389937070184,10601847677.323957,11327538836.88687,3.506234641275996,3.746234645046044,2.381067170239369,2.541786080628482
13.257226159332646,10604428114.284956,11329198713.558495,3.507088041337726,3.7467835981402056,2.3947520062125105,2.5564329489284754
13.338558306113187,10607054725.869217,11330834674.288445,3.5079567122341784,3.7473246417731367,2.408280932455623,2.570908368473901
13.420389419873738,10609728662.51802,11332446204.084911,3.508841034438379,3.747857605627155,2.4216560324785648,2.585214326514624
13.502722561741496,10612451117.195591,11334032777.536232,3.509741402486509,3.7483823159385325,2.4348793691716506,2.5993527840480835
13.58556081162346,10615223327.596561,11335593858.44339,3.5106582257079535,3.7488985953759575,2.4479529852317765,2.6133256760958306
13.668907268321655,10618046578.501272,11337128899.434488,3.511591929004246,3.74940626291303,2.460878903592534,2.6271349119751894
13.752765049649028,10620922204.290962,11338637341.560093,3.51254295368089,3.7499051336944382,2.47365912785888,2.640782375566024
13.83713729254608,10623851591.636007,11340118613.868084,3.513511758336411,3.75039501889535,2.4862956427469918,2.6542699255725917
13.922027153198243,10626836182.371775,11341572132.956842,3.5144988198134555,3.7508757255736453,2.498790414529965,2.6675993957804702
14.007437807153904,10629877476.577969,11342997302.505104,3.5155046342171916,3.7513470565144296,2.5111453914900532,2.6807725953085035
14.093372449443216,10632977035.87898,11344393512.777042,3.516529718006798,3.751808810066355,2.5233625043782486,2.6937913088557486
14.179834294697635,10636136486.98457,11345760140.100853,3.5175746091664326,3.7522607799691774,2.5354436668820286,2.7066572969433897
14.266826577270134,10639357525.492067,11347096546.318897,3.5186398684626994,3.75270275517191,2.5473907761021715,2.7193722961515365
14.354352551356216,10642641919.973673,11348402078.207455,3.5197260807963904,3.7531345196409225,2.5592057130396464,2.731938019350882
14.44241549111566,10645991516.374704,11349676066.863907,3.5208338566570743,3.7535558521572723,2.5708903430936436,2.7443561559291525
14.531018690794967,10649408242.751637,11350917827.05888,3.5219638336900574,3.7539665261024453,2.582446516571914,2.7566283720122486
14.620165464850613,10652894114.38171,11352126656.550817,3.5231166783862276,3.7543663092316724,2.593876069214713,2.7687563106800415
14.709859148073031,10656451239.279537,11353301835.360132,3.524293087906502,3.754754963433876,2.60518082273373,2.7807415921766885
14.80010309571135,10660081824.160025,11354442624.999748,3.5254937920538825,3.755132244477197,2.616362585367558,2.7925858141154
14.89090068359894,10663788180.891453,11355548267.658802,3.5267195554076096,3.7554979017390284,2.6274231524553686,2.804290551677516
14.982255308279642,10667572733.487528,11356617985.335592,3.5279711796355704,3.7558516779192663,2.638364307030638,2.815857357805784
15.074170387134863,10671438025.693087,11357650978.915813,3.529249506003037,3.756193308735462,2.649187820436983,2.8272877633916935
15.16664935851142,10675386729.224522,11358646427.191584,3.530555418097931,3.7565225225983974,2.6598954529683203,2.8385832774567015
15.25969568185012,10679421652.73346,11359603485.816257,3.5318898447952884,3.7568390402664207,2.67048895453583,2.8497453873271814
15.353312837815205,10683545751.570642,11360521286.189651,3.5332537634863583,3.757142574476769,2.680970065364477,2.8607755588029047
15.447504328424559,10687762138.436619,11361398934.267666,3.534648203600993,3.757432829551888,2.6913405167221067,2.871675236318841
15.542273677180681,10692074095.016893,11362235509.28962,3.536074250455616,3.757709500978537,2.7016020316844807,2.8824458431000335
15.637624429202507,10696485084.71171,11363030062.415976,3.5375330494632036,3.757972274957258,2.71175632594001,2.893088781309293
15.733560151358056,10700998766.585423,11363781615.268354,3.5390258107466126,3.7582208279195304,2.7218051086383483,2.903605432187434
15.830084432397797,10705619010.676907,11364489158.362625,3.540553814202026,3.7584548260095647,2.7317500832874906,2.9139971561857014
15.927200883088938,10710349914.831993,11365151649.425117,3.54211841506576,3.7586739245274403,2.7415929487046045,2.9242652930900643
16.024913136350513,10715195823.24126,11365768011.580639,3.5437210500450727,3.7588777673298495,2.751335400026424,2.9344111621369695
16.123224847389228,10720161346.892519,11366337131.399673,3.545363244082189,3.7590659861842672,2.7609791297857433,2.9444360621201087
16.222139693836226,10725251386.177637,11366857856.790665,3.547046617830815,3.7592382000718887,2.770525829061417,2.954341271487731
16.321661375884688,10730471155.928667,11367328994.721643,3.5487728959360636,3.75939401443413,2.779977188710172,2.9641280484299566
16.421793616428186,10735826213.199677,11367749308.753172,3.5505439162224417,3.759533020356721,2.7893349006896413,2.9737976309554752
16.522540161199988,10741322488.159197,11368117516.36272,3.552361639910574,3.759654793684831,2.7986006594832995,2.9833512369569846
16.62390477891319,10746966318.515503,11368432286.037647,3.554228163002308,3.759758894061656,2.8077761636394065,2.9927900642646
16.725891261401657,10752764487.964394,11368692234.111004,3.556145728996127,3.7598448638819626,2.8168631174377716,3.002115290686414
16.828503423761894,10758724269.229557,11368895921.310993,3.558116743121433,3.759912227150925,2.825863232700109,3.0113280740352515
16.931745104495743,10764853472.360626,11369041848.990643,3.5601437883116347,3.759960488237207,2.834778230762042,3.020429552140596
17.035620165654013,10771160499.068155,11369128454.999722,3.5622296431737723,3.7599891305077264,2.843609844627507,3.0294208428444813
17.14013249298089,10777654404.010998,11369154109.155056,3.5643773022574288,3.7599976148295977,2.8523598213294576,3.038303043980019
17.245285996059348,10784344964.11583,11369117108.259272,3.566589998980027,3.7599853779227392,2.8610299245244804,3.047077233331078
17.351084608457352,10791242757.206875,11369015670.609873,3.5688712316311912,3.7599518305439164,2.869621937353379,3.0557444685713797
17.457532287875065,10798359251.464544,11368847929.931889,3.5712247929584353,3.759896355480154,2.8781376656049673,3.064305787181113
17.564633016292834,10805706907.525166,11368611928.656116,3.5736548039335063,3.7598183053257204,2.886578941226586,3.07276220633883
17.67239080012017,10813299295.393118,11368305610.4524,3.576165752417473,3.75971700001274,2.8949476262323315,3.081114722786135
17.780809670345654,10821151228.779062,11367926811.911934,3.5787625375889554,3.7595917240603707,2.903245617069016,3.0893643126622865
17.88989368268767,10829278920.024956,11367473253.253796,3.581450521180806,3.759441723501278,2.911474849510681,3.097511931305378
17.999646917746148,10837700159.45728,11366942527.908764,3.5842355867956655,3.7592662024368004,2.919637304165824,3.1055585130163283
18.110073481155236,10846434523.861467,11366332090.806152,3.5871242088524595,3.7590643191631825,2.927735012697523,3.113504970781225
18.221177503736833,10855503619.842731,11365639245.155867,3.5901235330704995,3.7588351818001464,2.935770064876546,3.1213521959469275
18.33296314165514,10864931369.196878,11364861127.477337,3.593241470847089,3.7585778433396735,2.943744616611931,3.1291010578439193
18.44543457657215,10874744345.14752,11363994690.57618,3.5964868104576304,3.758291296016058,2.951660899133937,3.136752403349418
18.558596015804042,10884972170.53269,11363036684.106504,3.599869348743585,3.7579744648774893,2.959521229542234,3.1443070563824733
18.672451692478575,10895647991.90674,11361983632.278122,3.6034000479070745,3.7576262004133967,2.967328022979987,3.151765817321305
18.78700586569348,10906809047.286425,11360831808.168491,3.607091223275416,3.7572452700589185,2.9750838067550402,3.1591294623312236
18.902262820675723,10918497350.22503,11359577203.97258,3.610956769537576,3.756830348355959,2.9827912368068352,3.1663987425892524
19.01822686894183,10930760519.483261,11358215496.362251,3.6150124351322632,3.7563800054968706,2.9904531170172763,3.1735743833886962
19.134902348459217,10943652792.403572,11356742005.916956,3.6192761573902867,3.7558926939074078,2.9980724219932324,3.1806570831033545
19.25229362380838,10957236272.083687,11355151649.314068,3.6237684749987875,3.755366732435149,3.005652324118153,3.187647511986599
19.370405086346228,10971582474.895483,11353438882.606686,3.6285130397954575,3.75480028759038,3.0131962258951384,3.194546310774852
19.489241154370323,10986774267.747421,11351597633.43569,3.63353725745843,3.754191351127316,3.020707798905053,3.201354089057653
19.6088062732842,11002908316.66004,11349621219.374144,3.6388730972972216,3.753537713039031,3.028191031111514,3.208071423367016
19.729104915763596,11020098214.175812,11347502248.715036,3.644558126547236,3.7528369287460532,3.035650284804994,3.2146988549262843
19.85014158192382,11038478519.804106,11345232498.784447,3.6506368466225116,3.7520862788521967,3.043090368258448,3.221236886982116
19.97192079948805,11058210046.14378,11342802765.131218,3.6571624413379866,3.751282719268687,3.050516625269743,3.227685981620899
20.09444712395676,11079486871.443161,11340202672.466713,3.664199096097763,3.7504228186883086,3.057935048351567,3.2340465559403504
20.217725138778064,11102545786.934702,11337420434.612732,3.671825122310121,3.7495026791955706,3.0653524236514387,3.2403189774046504
20.341759455519217,11127679245.172619,11334442545.330359,3.680137239651453,3.7485178340178686,3.0727765191560374,3.246503558151457
20.46655471403913,11155253453.233532,11331253373.68959,3.689256559835209,3.7474631137064507,3.0802163330455024,3.2526005479325124
20.592115582661904,11185734214.558727,11327834624.781475,3.6993371330054363,3.7463324677835614,3.0876824274037764,3.258610125241561
20.71844675835147,11219724772.110043,11324164605.831673,3.710578463195231,3.7451187220321054,3.095187385979099,3.264532385989341
20.84555296688733,11258022847.15643,11320217203.142406,3.7232443721489163,3.743813240150699,3.1027464572496193,3.2703673287822768
20.97343896304129,11301709550.61687,11315960415.115557,3.7376924040107378,3.742405438596237,3.1103784832876378,3.2761148353714176
21.10210953075533,11352293599.04125,11311354177.033867,3.754421520319482,3.7408820671972562,3.1181072863545714,3.2817746440123727
21.23156948332063,11411956688.314669,11306347002.223576,3.7741532498050354,3.739226098321914,3.1259638224984863,3.287346312016084
21.361823663557512,11483996187.528822,11300870528.898678,3.797978095753831,3.737414923414652,3.13398969348605,3.29282916102622
21.49287694399668,11573684975.220434,11294830083.69952,3.8276399003665302,3.7354172321771792,3.1422432372333766,3.298222193003023
21.624734227061495,11690109741.756277,11288086916.651285,3.8661438066623695,3.7331871373280516,3.1508109745962605,3.3035239524909703
21.75740044525131,11850650777.948565,11280420605.699368,3.9192378106111057,3.730651741060484,3.1598316352448896,3.308732279141207
21.890880561326004,12094201902.04506,11271434877.401339,3.9997848448847,3.7276799881364133,3.1695555290224617,3.3138437979723445
22.02517956849168,12534688929.266468,11261499197.469963,4.145462364585325,3.7243940679628444,3.1805376154022804,3.3188551258485655
22.160302490587377,13796431182.466051,11253622670.0692,4.562744760180606,3.72178914907832,3.194813427038121,3.3237697293369335
22.29625438227303,10117168858.293737,11250313823.159866,3.3459420472962407,3.720694849857157,3.2040250684757834,3.328602122535867
22.433040329218557,10121078423.594559,11249346839.97968,3.3472350156266,3.720375049948019,3.205758359612221,3.3333671823445434
22.57066544829413,10125055775.934776,11248367764.63406,3.348550402432775,3.720051250927536,3.207486434061298,3.3380703967390004
22.70913488776153,10129102523.768059,11247376452.506378,3.349888739661286,3.71972340496821,3.209209631051104,3.3427124687150505
22.84845382746676,10133220332.262962,11246372756.58456,3.3512505780153545,3.7193914634503265,3.2109282922671465,3.3472940921352734
22.988627479033816,10137410926.168797,11245356527.395596,3.3526364879027017,3.7190553769402888,3.212642762056289,3.351815951830286
23.129661086059663,10141676092.87222,11244327612.937103,3.354047060446424,3.7187150951679904,3.214353387640127,3.356278723698521
23.27155992431034,10146017685.660334,11243285858.60565,3.3554829085641593,3.718370567003107,3.216060519338464,3.3606830748045073
23.414329301918322,10150437627.207476,11242231107.121727,3.3569446681212365,3.7180217404302844,3.2177645108036628,3.3650296634756636
23.557974559581147,10154937913.304625,11241163198.451147,3.3584329991640627,3.7176685625231434,3.2194657192666325,3.3693191393976023
23.702501070761127,10159520616.852299,11240081969.722538,3.3599485872406505,3.7173109794169927,3.221164505795371,3.373552143707956
23.847914241886368,10164187892.13991,11238987255.140718,3.361492144815883,3.716948936280182,3.2228612355669837,3.3777293090887133
23.994219512553084,10168941979.436874,11237878885.89576,3.3630644127898814,3.716582377284026,3.224556278154241,3.3818512598570907
24.141422355728984,10173785209.923542,11236756690.067186,3.3646661621287595,3.7162112455711216,3.226250007827787,3.3859186120549105
24.289528277958045,10178720010.992912,11235620492.523209,3.366298195618001,3.715835483222022,3.2279428038752545,3.3899319735365014
24.438542819566546,10183748911.95747,11234470114.814531,3.367961349749822,3.7154550312201184,3.2296350509386302,3.393891944055116
24.58847155487023,10188874550.199276,11233305375.062244,3.3696564967571225,3.7150698294145617,3.2313271393713694,3.3977991153478575
24.73932009238289,10194099677.805685,11232126087.839472,3.3713845468080454,3.7146798164811234,3.2330194656168567,3.4016540712191072
24.891094075026174,10199427168.73788,11230932064.046288,3.3731464503767508,3.714284929880826,3.234712432610043,3.4054573876224556
25.04379918034063,10204860026.58481,11229723110.777235,3.374943200807789,3.71388510581613,3.2364064502041874,3.4092096327411165
25.197441120698116,10210401392.961323,11228499031.180998,3.376775837093527,3.7134802791845245,3.2381019356248966,3.412911367066807
25.352025643515535,10216054556.61629,11227259624.311611,3.3786454468863787,3.7130703835293195,3.239799313953835,3.416563143477099
25.507558531469694,10221822963.324394,11226004684.970201,3.38055316977021,3.712655350987307,3.24149901864477,3.420165507311207
25.664045602713806,10227710226.644451,11224734003.536978,3.3825002008183214,3.712235112233196,3.2432014920748444,3.4237189964441996
25.821492711095022,10233720139.637392,11223447365.792149,3.3844877944688108,3.711809596420387,3.2449071861343612,3.42722414135961
25.979905746373376,10239856687.648998,11222144552.724964,3.3865172687520686,3.711378731117819,3.2466165628586405,3.430681465220421
26.139290634442226,10246124062.27603,11220825340.329975,3.3885900099096458,3.7109424422425876,3.2483300951059975,3.43409148393839
26.299653337549877,10252526676.650145,11219489499.389164,3.3907074774489376,3.710500653987893,3.2500482672862723,3.437454706241692
26.460999854522523,10259069182.191957,11218136795.238512,3.3928712096840754,3.710053288745836,3.2517715761449333,3.4407716337408214
26.62333622098883,10265756487.008682,11216766987.517992,3.3950828298203772,3.7096002670247405,3.253500531608328,3.4440427609927258
26.786668509605555,10272593776.132727,11215379829.902807,3.3973440526476413,3.709141507360265,3.2552356576963315,3.447268575563124
26.951002830284793,10279586533.827023,11213975069.814444,3.3996566919169484,3.708676926219844,3.256977493509458,3.450449558086932
27.116345330422547,10286740568.215456,11212552448.109362,3.402022668486415,3.7082064378997317,3.2587265942983383,3.4535861823267577
27.282702195128625,10294062038.535103,11211111698.742956,3.4044440193340346,3.707729954413868,3.2604835326245096,3.456678915229373
27.450079647458043,10301557485.351894,11209652548.406288,3.406922907550575,3.7072473853737375,3.2622488996226666,3.459728216980107
27.618483948643863,10309233864.134016,11208174716.13267,3.4094616334429495,3.7067586378582607,3.2640233063758055,3.4627345410550436
27.787921398331335,10317098582.639542,11206677912.870705,3.4120626468990225,3.7062636162725893,3.265807385416349,3.4656983342709413
27.958398334813573,10325159542.648441,11205161841.020042,3.414728561189189,3.7057622221945716,3.2676017923681107,3.468620036832751
28.12992113526873,10333425186.656351,11203626193.925741,3.417462168408898,3.705254354207529,3.2694072077460876,3.471500082378613
28.302496215998445,10341904550.251625,11202070655.326027,3.420266456800752,3.704739907717619,3.271224338933603,3.474338898022172
28.476130032667918,10350607321.021587,11200494898.748188,3.4231446302359347,3.7042187747540454,3.2730539223591464,3.4771369043920495
28.650829080547442,10359543904.983273,11198898586.846039,3.4261001301841323,3.7036908437499463,3.274896725898808,3.4798945156683043
28.82659989475529,10368725501.714005,11197281370.671558,3.4291366605606606,3.703155999301509,3.2767535515341266,3.48261213961564
29.003449050502226,10378164189.575068,11195642888.87223,3.4322582159115673,3.7026141219025166,3.2786252383000853,3.485290177613134
29.18138316333753,10387873022.686714,11193982766.804306,3.4354691134851323,3.7020650876510857,3.280512665563622,3.4879290246802075
29.360408889396297,10397866141.63632,11192300615.550175,3.438774029845178,3.701508767924693,3.2824167566799005,3.4905290694985247
29.540532925648634,10408158900.298807,11190596030.826855,3.442178042813021,3.700945029019193,3.2843384830817572,3.4930906944294504
29.721762010150098,10418768011.638332,11188868591.769627,3.4456866796868892,3.7003737317465393,3.286278868867637,3.495614275526658
29.90410292229363,10429711715.968208,11187117859.572147,3.4493059728887117,3.6997947309850465,3.2882389959652727,3.4981001825434
30.087562483063383,10441009975.903849,11185343375.961658,3.4530425244387977,3.6992078751751127,3.290220009962968,3.500548778933896
30.272147555289745,10452684703.194878,11183544661.482817,3.456903580973576,3.698613005751647,3.2922231267181425,3.5029604218481825
30.457865043906004,10464760023.823269,11181721213.559225,3.4608971214186384,3.6980099565029834,3.294249639874749,3.505335462119674
30.644721896206832,10477262589.280834,11179872504.295784,3.465031959934183,3.697398552844073,3.2963009294483476,3.5076742442445696
30.832725102108,10490221943.892733,11177997977.976503,3.4693178673959553,3.6967786109889658,3.2983784716714006,3.50997710635204
31.021881694407924,10503670960.57287,11176097048.20361,3.473765715507927,3.6961499370046553,3.3004838503338356,3.5122443801640166
31.212198749050778,10517646360.670559,11174169094.611519,3.4783876487255694,3.695512325724329,3.302618769907402,3.5144763909430914
31.403683385391115,10532189337.858725,11172213459.0738,3.4831972905876665,3.6948655594929365,3.3047850708104853,3.516673457426817
31.59634276646023,10547346311.687668,11170229441.302288,3.4882099929310155,3.694209406711732,3.30698474725737,3.5188358917463405
31.790184099234146,10563169844.003878,11168216293.712465,3.4934431389677307,3.693543620140158,3.30921996824885,3.5209639993268347
31.985214634903134,10579719761.651342,11166173215.396702,3.4989165145841263,3.692867934902679,3.3114931024083742,3.5230580787667134
32.181441669143005,10597064542.808165,11164099345.005146,3.5046527668288627,3.6921820661343565,3.3138067475620945,3.5251184216918596
32.37887254238807,10615283043.542974,11161993752.277857,3.5106779749183104,3.691485706180362,3.316163766219586,3.5271453125803025
32.57751464010565,10634466668.058268,11159855427.896881,3.517022367977703,3.690778521239863,3.318567328460133,3.529139028551574
32.77737539307237,10654722124.191269,11157683271.226158,3.5237212363381945,3.6900601473113777,3.321020964204011,3.5310998391135677
32.978462277652206,10676174960.570597,11155476075.368025,3.5308161013425,3.689330185250668,3.3235286275039617,3.5330280058577777
33.18078281607605,10698974162.031322,11153232508.771938,3.5383562351369147,3.688588194688397,3.3260947764113946,3.5349237820911887
33.38434457672313,10723298199.353638,11150951092.358507,3.546400661436078,3.6878336864646033,3.328724473281757,3.536787412389663
33.58915517440423,10749363110.901897,11148630170.72987,3.5550208282762203,3.6870661131074214,3.331423512282899,3.5386191320528444
33.79522227064639,10777433475.665888,11146267875.463146,3.5643042370106492,3.6862848566935207,3.334198583678874,3.5404191664339697
34.002553573979576,10807837585.9559,11143862077.62622,3.5743594602114155,3.6854892131441632,3.337057488706128,3.5421877301084983
34.211156840225115,10840988862.17153,11141410325.342234,3.5853232239446338,3.6846783715765814,3.340009425431769,3.54392502583178
34.42103987278563,10877416790.980953,11138909760.16769,3.5973706396205563,3.6838513866486142,3.343065376446353,3.5456312432156176
34.63221052293717,10917812833.962212,11136357002.718983,3.610730386862946,3.683007140733199,3.3462386464295326,3.547306557022693
34.84467669012281,10963100696.123398,11133747992.415796,3.625707952658247,3.6821442909184405,3.3495456268946477,3.548951124929307
35.058446322248045,11014547866.271605,11131077756.559975,3.642722519897794,3.6812611926375545,3.3530069174015225,3.550565084528469
35.273527415978336,11073950514.165648,11128340066.508545,3.662368116417267,3.6803557859586857,3.3566490295524725,3.5521485492132348
35.48992801703804,11143956536.29644,11125526905.571983,3.685520452440536,3.679425419608643,3.360507092299055,3.553701602347957
35.70765622051148,11228668014.374432,11122627607.148542,3.7135361651720094,3.6784665659373714,3.3646293867276937,3.5552242887059102
35.926720171145796,11334862364.547825,11119627383.785978,3.748656676295947,3.6774743344504124,3.369085495732133,3.5567166013173646
36.14712806365552,11474757065.433725,11116504687.419498,3.794922540634501,3.676441598788896,3.373982377378416,3.5581784602061313
36.36888814302919,11673321208.608992,11113226634.897562,3.8605915163174394,3.6753574838630683,3.3795005283524504,3.5596096768690937
36.59200870483781,11992821271.259407,11109761794.934116,3.966256323212449,3.6742115947429768,3.385993860276022,3.561009935804862
36.81649809554507,12660207482.76435,11106276458.458,4.1869737608807505,3.6730589270324985,3.394394441335624,3.5623791976879216
37.04236471281964,17118114700.167875,11103208037.08482,5.661289294265196,3.6720441411536475,3.413020183132326,3.563718639033071
37.26961700584934,9809543841.0304,11100670566.850044,3.2442045459775937,3.6712049510134794,3.4256161053855148,3.5650305287041597
37.498263475657104,9818266541.522205,11098315235.947044,3.2470893105545513,3.6704259978484166,3.423428118352062,3.5663166331371228
37.72831267541905,9827180394.881638,11095938760.696531,3.2500372930560304,3.669640051841542,3.421302190612106,3.5675775882430147
37.95977321078447,9836292130.911667,11093540903.733963,3.2530507191571223,3.668847034491843,3.4192383498232246,3.5688136142872424
38.19265374019766,9845608863.973724,11091121424.318117,3.2561319417137886,3.6680468661815744,3.4172366511416836,3.5700249278960383
38.426962975221876,9855138124.82465,11088680078.24545,3.2592834512919473,3.667239466147933,3.4152971784985557,3.571211742086961
38.66270968086522,9864887895.90921,11086216617.759455,3.2625078878393916,3.666424752453085,3.4134200459953083,3.5723742662986644
38.89990267590847,9874866650.571596,11083730791.454327,3.2658080536537795,3.6656026419523013,3.41160539943224,3.5735127064199244
39.138550833234994,9885083396.72341,11081222344.172503,3.26918692782448,3.664773050260076,3.409853417984966,3.5746272648179236
39.37866308016276,9895547725.593555,11078691016.89558,3.272647682355097,3.6639358917140488,3.408164316046374,3.5757181403657587
39.620248398778045,9906269866.290003,11076136546.627287,3.276193700208091,3.663091079336301,3.4065383452539044,3.5767855284691605
39.86331582627173,9917260747.028614,11073558666.26849,3.2798285955543314,3.66223852479202,3.404975796725013,3.5778296210924068
40.10787445527721,9928532064.034063,11070957104.482592,3.2835562365599493,3.6613781383449813,3.403477003527133,3.5788506067833894
40.353933434210425,9940096359.298702,11068331585.550343,3.287380771102692,3.660509828809534,3.402042343412487,3.5798486706978236
40.60150196761236,9951967108.60386,11065681829.213255,3.291306655882255,3.659633503498814,3.40067224185302,3.5808239946225484
40.8505893164931,9964158821.473545,11063007550.503399,3.2953386894768903,3.658749068168454,3.399367175416403,3.581776756997895
41.101204798678395,9976687155.055023,11060308459.55843,3.299482050005904,3.657856426955409,3.3981276755309815,3.58270713293906
41.353357789158245,9989569044.318352,11057584261.419724,3.3037423381891395,3.6569554823111976,3.3969543326957514,3.583615294256447
41.60705772043751,10002822851.457668,11054834655.811123,3.3081256267568535,3.656046134928727,3.3958478012013806,3.5845014094749077
41.86231408288878,10016468537.984974,11052059336.895775,3.3126385173644377,3.6551282836618775,3.3948088044403204,3.5853656438518136
42.11913642510749,10030527863.765446,11049257993.007889,3.317288206417216,3.6542018254367847,3.3938381408986364,3.5862081593938884
42.37753435426896,10045024618.19402,11046430306.355438,3.322082561524982,3.653266655153524,3.392936690940108,3.587029114872688
42.63751753648785,10059984889.913233,11043575952.689518,3.3270302107028704,3.652322665576753,3.3921054245150875,3.5878286658386314
42.89909569717983,10075437382.996758,11040694600.935108,3.3321406469393215,3.651369747213606,3.3913454099538205,3.5886069646334615
43.16227862142524,10091413789.473919,11037785912.776585,3.3374243513970967,3.650407788176607,3.3906578240378122,3.5893641604009687
43.427076154335175,10107949230.584904,11034849542.190586,3.342892939344848,3.649436674029186,3.390043963585199,3.590100399095818
43.693498201419885,10125082782.423168,11031885134.91698,3.348559333997161,3.6484562876107134,3.389505258839658,3.590815823490264
43.96155472895916,10142858105.901808,11028892327.856436,3.354437974856527,3.6474665088372658,3.3890432890204316,3.5915105731785095
44.23125576437519,10161324206.639053,11025870748.380978,3.3605450690220757,3.6464672144736165,3.3886598004782873,3.5921847845784076
44.50261139660778,10180536357.910343,11022820013.540714,3.366898896427549,3.645458277870881,3.3883567280149522,3.592838590930174
44.77563177649159,10200557229.998669,11019739729.145355,3.373520183339149,3.6444395686627598,3.388136220070596,3.593472122291656
45.05032711713595,10221458283.160118,11016629488.694592,3.3804325630359986,3.6434109524117932,3.388000668677633,3.594085505529681
45.326707694306954,10243321500.57868,11013488872.124443,3.387663148931575,3.642372290194756,3.38795274533685,3.5946788643068195
45.60478384681167,10266241564.455896,11010317444.327482,3.3952432542483533,3.641323438113265,3.3879954443188858,3.5952523190628223
45.884565976885135,10290328616.315857,11007114753.39434,3.4032093049036782,3.6402642467122135,3.3881321353671017,3.595805986989776
46.16606455057937,10315711797.176441,11003880328.50773,3.411604010312389,3.6391945602832814,3.3883666284310627,3.596339981999775
46.449290098154755,10342543843.042067,11000613677.400269,3.420477883204525,3.6381142160241913,3.388703253975596,3.596854414683647
46.73425321447422,10371007130.004606,10997314283.260933,3.4298912388563036,3.6370230430156125,3.389146963714442,3.597349392258856
47.02096455939936,10401321743.733536,10993981600.937138,3.4399168638254887,3.6359208609651144,3.3897034585078667,3.597825018504159
47.30943485818924,10433756428.386116,10990615052.231068,3.4506436369662667,3.6348074786515756,3.3903793529580106,3.5982813936779805
47.59967490190173,10468643715.884882,10987214020.022251,3.462181532971881,3.6336826919814036,3.391182390456877,3.59871861441648
47.891695547796985,10506401265.744835,10983777840.859879,3.474668679865326,3.6325462815386738,3.392121728976198,3.5991367736061672
48.18550771974371,10547562675.663015,10980305795.557524,3.488281548653054,3.6313980094746228,3.3932083282851253,3.5995359602242183
48.481122408627826,10592823172.15495,10976797097.195202,3.5032500640959605,3.630237615539698,3.39445548635124,3.599916259137717
48.77855067276349,10643109500.28202,10973250875.836023,3.519880718584501,3.629064812029063,3.3958796017338444,3.6002777508504615
49.07780363830685,10699690786.72591,10969666159.360346,3.538593236686591,3.6278792774440816,3.397501290349037,3.6006205111835556
49.3788924996723,10764362175.391438,10966041850.659214,3.559981306968292,3.6266806489497516,3.3993470811705886,3.6009446108754966
49.681828519951104,10839765390.784927,10962376704.897018,3.5849185984596357,3.6254685148550294,3.401452105808006,3.601250115095556
49.98662303133279,10929985944.794914,10958669323.5934,3.614756268406689,3.624242412655601,3.403864602188843,3.601537082905564
50.293287435529166,11041762053.6815,10954918233.982437,3.6517227743378613,3.6230018552794925,3.406653998313055,3.6018055668764215
50.60183320420063,11187216883.350174,10951122363.171762,3.699827480050247,3.621746487900591,3.4099268304809165,3.602055613824497
50.91227187938543,11391066010.592407,10947283788.990458,3.7672443014651917,3.62047699769688,3.413862478482388,3.602287272036686
51.224615073931474,11714715229.334188,10943444646.114273,3.8742813139664674,3.61920731941485,3.418811506884058,3.6025006783447684
51.5388744719306,12380271456.543423,10939548027.294004,4.0943935406823115,3.6179186327342543,3.42569118560108,3.602695937608963
51.85506182915571,16559317827.47127,10935478478.594223,5.476484436459498,3.6165727548212887,3.442248506477124,3.602872806536383
52.17318897350066,9509786515.709772,10931465529.055962,3.1450690414878033,3.6152455953380565,3.452764613292011,3.603031276251846
52.49326780542241,9524311952.211044,10927586800.26081,3.149872882307866,3.6139628252323552,3.44905298410253,3.6031719545557217
52.81531029838655,9539227035.581196,10923671353.529068,3.154805586830852,3.612667911799834,3.4454456705829113,3.6032952527241653
53.13932849931503,9554550434.769987,10919718776.85709,3.1598733292369947,3.611360718782976,3.4419430088319807,3.6034012335947465
53.46533452903665,9570302323.449703,10915728653.241589,3.1650827813471656,3.610041108270785,3.4385454089615384,3.6034899575743826
53.79334058274085,9586504556.043839,10911700560.621492,3.17044117083894,3.6087089406795587,3.435253360601735,3.60356148264867
54.12335893043356,9603180870.798256,10907634071.820366,3.1759563484061317,3.607364074733846,3.4320674391018344,3.603615864390867
54.455401917396344,9620357125.053024,10903528754.49043,3.181636865567706,3.6060063674479323,3.4289883125370437,3.603653155970547
54.78948196464828,9638061569.05423,10899384171.058641,3.187492065222605,3.604635674108008,3.4260167496538556,3.603673408161915
55.12561156941043,9656325166.144129,10895199878.675312,3.193532187542781,3.603251848255177,3.4231536289132807,3.6036766693518185
55.46380330557345,9675181969.083626,10890975429.166641,3.1997684944302676,3.6018547416697557,3.4203999488247527,3.6036629855474622
55.80406982416797,9694669564.727331,10886710368.992233,3.206213416579761,3.6004442043572245,3.417756839805367,3.603632400383844
56.14642385383775,9714829602.472103,10882404239.209257,3.212880728246702,3.5990200845363756,3.415225577851842,3.603584955130946
56.49087820131588,9735708426.088064,10878056575.445534,3.2197857562059276,3.5975822286304098,3.4128076003795367,3.603520688700712
56.83744575190391,9757357834.071463,10873666907.884644,3.2269456312149662,3.596130481262015,3.410504524668568,3.6034396376538544
57.18613946995375,9779836001.030594,10869234761.266773,3.2343795927340575,3.594664685253643,3.4083181694676536,3.6033418362065532
57.53697239935268,9803208602.544477,10864759654.910952,3.2421093609385183,3.5931846816348645,3.406250580450352,3.6032273162371182
57.8899576640114,9827550199.452671,10860241102.766224,3.2501595945299737,3.5916903096592945,3.4043040604078527,3.603096107292715
58.24510846835478,9852945956.160696,10855678613.50176,3.2585584590129586,3.590181406834391,3.4024812053142584,3.602948236596301
58.60243809781591,9879493793.53786,10851071690.650818,3.2673383386995787,3.588657808969067,3.4007849477387957,3.602783729053941
58.961959919333175,9907307113.759892,10846419832.829311,3.2765367378672985,3.587119350245976,3.3992186095400583,3.6026026072627677
59.32368738185007,9936518287.26765,10841722534.058712,3.2861974339631588,3.585565863328302,3.3977859664126004,3.6024048915199285
59.68763401681843,9967283169.12526,10836979284.237728,3.2963719712501476,3.58399717951575,3.3964913277451476,3.6021905998330306
60.0538134387047,9999787026.673988,10832189569.828995,3.307121621196186,3.582413128971651,3.3953396365134094,3.601959747932783
60.4222393454989,10034252434.121117,10827352874.86103,3.318519993366283,3.5808135410543267,3.394336595759022,3.601712349288883
60.79292551922746,10070949958.886229,10822468682.404232,3.330656569602492,3.579198244805229,3.3934888309034026,3.601448415130696
61.16588582646854,10110212891.812737,10817536476.772655,3.343641575587766,3.5775670696771122,3.3928041012110235,3.6011679544750756
61.5411342188706,10152457970.261665,10812555746.868029,3.3576128343710696,3.5759198466399624,3.392291579994608,3.600870974165017
61.91868473367472,10198215215.095373,10807525991.375568,3.3727456340309296,3.5742564098993523,3.3919622331166117,3.600557478924998
62.298551494239305,10248172043.268263,10802446727.063875,3.389267316556392,3.5725765996413776,3.3918293416463814,3.6002274714428237
62.68074871056858,10303240515.857588,10797317502.50476,3.4074795180623454,3.5708802665700663,3.391909242186704,3.5998809524947535
63.065290679844246,10364663600.913788,10792137921.718039,3.4277933119549635,3.5691672797271656,3.3922224072690903,3.599517921144308
63.4521917869601,10434190401.21508,10786907687.07718,3.450787160115495,3.567437540681867,3.3927950789519388,3.5991383750725534
63.84146650506025,10514380401.429934,10781626682.390179,3.4773075332801295,3.565691011007241,3.3936618472965576,3.5987423111579195
64.23312939608061,10609166528.294163,10776295147.912422,3.5086551258544487,3.56392777016036,3.394869942737167,3.598329726568396
64.62719511129346,10724985283.1766,10770914093.694733,3.5469586124577157,3.562148152184429,3.3964868837788487,3.5979006210247797
65.0236783918556,10873301824.08694,10765486453.898127,3.5960097410384773,3.560353127462849,3.398615388806517,3.597455002192607
65.42259406935987,11077161808.117289,10760021370.768333,3.6634301530017623,3.558545719511863,3.4014263797802853,3.596992901961033
65.82395706638981,11392521880.86764,10754568549.79393,3.76772578572601,3.556742366891166,3.405247730718368,3.596514470389519
66.22778239707793,12012246309.952816,10749021215.502857,3.972680556577038,3.554907756901466,3.4109044055080346,3.5960197400164704
66.63408516766751,14952772216.72778,10743172619.20882,4.945168948384069,3.5529735137814815,3.423664172111368,3.5955081120549917
67.04288057707743,9202971796.818905,10737283700.417938,3.0435995214031637,3.551025935237374,3.4305675586841495,3.594979106819793
67.45418391747089,9224042232.759853,10731504716.844364,3.050567919238284,3.5491147143809973,3.425905344125805,3.594433076455952
67.86801057482755,9245787484.417564,10725667405.650753,3.057759491591149,3.5471842034604597,3.421385893774938,3.593870330671087
68.28437602951882,9268249067.530987,10719771094.35651,3.0651879685139622,3.5452341800735137,3.4170102689684003,3.5932908368069354
68.70329585688715,9291472873.296955,10713815103.02706,3.0728685271068827,3.5432644193527363,3.412779693890961,3.592694559883323
69.12478572782872,9315509839.652065,10707798744.34294,3.080818013523834,3.541274693988381,3.408695572542118,3.5920814625965614
69.54886140937931,9340416758.473465,10701721323.703087,3.0890552099293083,3.539264774262536,3.4047595084698394,3.5914515053182066
69.97553876530456,9366257253.116787,10695582139.37234,3.0976011577889357,3.537234428097906,3.400973327853502,3.59080464609435
70.40483375669322,9393102971.26601,10689380482.683916,3.1064795523678415,3.5351834211247763,3.3973391066709078,3.5901408406456095
70.83676244255395,9421035052.46911,10683115638.311884,3.1157172280728718,3.5331115167711222,3.393859202885183,3.5894600423680805
71.27134098041655,9450145949.609976,10676786884.634869,3.125344760848337,3.531018476382897,3.3905362948548174,3.58876220233556
71.708585626936,9480541711.363762,10670393494.217035,3.1353972230278346,3.5289040593830983,3.3873734275301666,3.5880472693034333
72.14851273850068,9512344872.106604,10663934734.444466,3.145915139082894,3.5267680234822336,3.3843740684906636,3.5873151897147655
72.5911387718444,9545698152.52411,10657409868.36868,3.1569457094852766,3.5246101249572868,3.381542176555427,3.5865659077092955
73.03648028466174,9580769257.298504,10650818155.830143,3.1685443973942538,3.522430119023285,3.3788822866515944,3.58579936513628
73.48455393622757,9617757180.235458,10644158854.967768,3.1807770138831497,3.520227760332518,3.376399615981419,3.585015501572469
73.93537648802035,9656900615.845564,10637431224.269459,3.1937224998108773,3.5180028036526956,3.374100198498306,3.5842142543470312
74.38896480434893,9698489369.920147,10630634525.396963,3.2074766995185096,3.5157550048011768,3.3719910576172025,3.5833955585759747
74.84533585298347,9742880129.797005,10623768027.146225,3.222157576359035,3.5134841219547375,3.370080431496891,3.582559347209812
75.30450670579037,9790518722.725468,10616831011.118,3.2379125739661676,3.51118991752495,3.3683780720767147,3.581705551099995
75.76649453937048,9841972289.797468,10609822780.044054,3.2549292567912698,3.508872160911818,3.366895649970372,3.5808340990927245
76.23131663570209,9897977080.969288,10602742670.391335,3.2734511168349734,3.5065306326722174,3.365647315304239,3.5799449181637018
76.6989903827872,9959511738.999174,10595590072.15176,3.293801810052811,3.5041651310647604,3.3646504953133,3.5790379336164277
77.16953327530177,10027913917.257149,10588364461.330433,3.3164237241046246,3.50177548279427,3.3639270642885992,3.5781130693832575
77.64296291525058,10105074250.78239,10581065456.30526,3.34194212830857,3.4993615616509914,3.363505124190108,3.5771702485015746
78.11929701262545,10193776788.34349,10573692922.669266,3.371277761061626,3.4969233231839567,3.3634218388860053,3.5762093939085453
78.59855338606756,10298337684.81239,10566247186.972828,3.4058580576740995,3.494460875389647,3.363728204218192,3.5752304298673785
79.08074996353439,10425910247.354668,10558729531.352057,3.4480487542088936,3.491974642295098,3.364497671900588,3.574233284802093
79.56590478297018,10589472790.135265,10551143579.923168,3.5021420284161,3.4894658224651454,3.3658433094466758,3.5732178978849407
80.05403599298047,10815861407.041471,10543500794.333508,3.5770130919463634,3.486938206486694,3.3679569385690717,3.5721842394046055
80.54516185351144,11173477915.696487,10535899723.986122,3.6952837395826528,3.4844243865400273,3.3712197725355453,3.5711325017147724
81.03930073653274,11924580765.481863,10528199584.986511,3.943687877354923,3.481877802687401,3.3766743475447862,3.5700627884500467
81.53647112672452,20354892502.218296,10520022616.033867,6.731753877522346,3.479173522011522,3.4005683130843756,3.568974158034763
82.0366916221694,8888891823.202446,10511732370.532259,2.9397272420475105,3.476431778605362,3.4179464477922394,3.5678656563345994
82.5399809350479,8917376900.521221,10503597797.850027,2.949147804188592,3.473741519190352,3.412189766122777,3.566737611829718
83.04635789233821,8946941515.452072,10495376545.379917,2.958925390151108,3.4710225931047574,3.4066197842698935,3.5655903993338085
83.55584143652096,8977668781.0729,10487067576.470654,2.969087487026153,3.468274657508092,3.4012387406126936,3.5644239012727486
84.06845062628756,9009652905.459476,10478669844.002254,2.979665251233703,3.4654973660976665,3.396049202874483,3.56323799731254
84.58420463725285,9043001357.532421,10470182290.95036,2.9906942248098076,3.462690369295225,3.3910541130974274,3.5620325643519237
85.10312276267304,9077837594.81493,10461603851.149704,3.002215237528458,3.4598533144994374,3.3862568419120533,3.5608074765177244
85.62522441416706,9114304537.113697,10452933450.322575,3.014275555714582,3.456985846426033,3.3816612546190465,3.5595626051638827
86.1505291224425,9152569043.934639,10444170007.466358,3.0269303630114166,3.4540876075666844,3.377271792458831,3.5582978188753365
86.67905653802684,9192827762.810196,10435312436.73703,3.040244694534665,3.4511582388119204,3.373093573660596,3.557012983478452
87.21082643200174,9235314880.98665,10426359650.025557,3.0542960005043684,3.448197380303185,3.369132520616217,3.555707962060291
87.74585869674338,9280312568.133755,10417310560.5282,3.0691775998495405,3.445204672613609,3.3653955221029226,3.554382615000003
88.28417334666625,9328165301.410666,10408164087.770031,3.0850034177825894,3.4421797584093827,3.3618906433511704,3.5530368000171264
88.82579051897157,9379299920.073532,10398919164.812248,3.101914618243209,3.4391222848333536,3.358627402711345,3.5516703722439122
89.37073047440116,9434254355.052895,10389574748.84135,3.120089105321392,3.4360319070070684,3.3556171430867656,3.550283184332548
89.91901359799503,9493719882.11671,10380129837.176195,3.139755497189938,3.4329082933246164,3.352873541639116,3.5488750866146073
90.47066039985376,9558605177.497149,10370583492.313873,3.161214310530458,3.4297511337357807,3.350413327156222,3.547445927341124
91.02569151590616,9630136925.41924,10360934882.792358,3.184871233375323,3.4265601532601,3.348257319964924,3.545995553052369
91.58412770868104,9710024602.43534,10351183353.36287,3.2112916224518444,3.4233351351942183,3.3464319931443316,3.544523809166524
92.14598986808356,9800744369.666025,10341328553.459543,3.2412943917986503,3.4200759635992717,3.344971917518482,3.5430305409609186
92.71129901217728,9906059582.33971,10331370692.525623,3.276124155267109,3.416782707742163,3.34392379556281,3.541515595313712
93.28007628797009,10032053396.518015,10321311106.353271,3.3177927293971963,3.4134558093950154,3.343353571830483,3.5399788240781884
93.85234297220498,10189400698.455147,10311153727.0709,3.369830504090309,3.4100965689882132,3.3433601080541657,3.538420091515473
94.42812047215655,10399135925.708906,10300910011.720314,3.439193971824892,3.40670877558552,3.3441048767513615,3.5368392945219385
95.00743032643152,10710795366.875937,10290629215.280624,3.5422657346118465,3.4033087187544973,3.3458894392697,3.5352364535364864
95.59029420577417,11285114646.686718,10280176101.572044,3.7322041505666705,3.399851673293204,3.3494351090171097,3.5336114147569884
96.17673391387753,13388279208.99778,10269312903.287424,4.4277610637688465,3.3962590049867107,3.3583299359859775,3.5319632757273953
96.76677138819875,8540164412.040063,10258333406.284054,2.824396389672099,3.392627874460346,3.36155538282908,3.530291260852375
97.36042870077945,8576002541.45731,10247412995.056864,2.836248747361603,3.389016284734939,3.3550969472047236,3.5285955464674537
97.95772805907198,8613396604.72677,10236370660.607916,2.84861568225861,3.3853643726584934,3.348864269348745,3.5268762932655595
98.5586918067698,8652488727.329235,10225204878.665844,2.861544197989216,3.3816716341251936,3.3428611472940384,3.5251332941209865
99.16334242464309,8693443732.184963,10213914110.728508,2.8750888046586667,3.377937560322835,3.337091950132114,3.523366338268681
99.77170253138034,8736454474.306057,10202496805.87642,2.889313283123352,3.3741616383325552,3.3315617130906787,3.5215752112949357
100.38379488443373,8781748855.997787,10190951403.306644,2.9042930050526157,3.3703433519668486,3.3262762562940003,3.519759695136931
100.99964238087105,8829599197.678171,10179276335.899261,2.920118032038761,3.3664821829490603,3.321242335036644,3.5179195680945408
101.61926805823207,8880334975.420853,10167470035.291584,2.9368973281471136,3.362577612591527,3.3164678326979953,3.5160546048594057
102.24269509538985,8934360476.106325,10155530939.211506,2.954764598813607,3.358629124220861,3.311962012443652,3.514164576568577
102.86994681341855,8992179813.494528,10143457502.2946,2.973886564140439,3.3546362067553646,3.3077358516989612,3.5122492508940413
103.50104667646546,9054433272.921446,10131248212.448452,2.9944749787852554,3.3505983601170373,3.303802495986626,3.5103083921858347
104.13601829262848,9121951654.936596,10118901616.39516,3.0168046044457686,3.346515103678965,3.3001778896788556,3.5083417616977153
104.77488541483977,9195840289.814915,10106416361.09498,3.0412409950723833,3.342385989964919,3.2968816774212524,3.506349117944824
105.41767194175414,9277614126.633505,10093791264.15448,3.068285173420337,3.3382106279346826,3.293938535401428,3.50433021728201
106.06440191864255,9369425393.35948,10081025440.691315,3.098648922613091,3.3339887249406694,3.2913802162793573,3.502284814872063
106.71509953829239,9474469886.23379,10068118549.478035,3.133389153844572,3.329720168132409,3.2892488448583035,3.500212666392816
107.36978914191208,9597765897.505135,10055071319.051418,3.174165512740521,3.3254051984510054,3.2876025587619813,3.4981135312777707
108.02849522004128,9747792354.530838,10041886832.583927,3.2237821434205234,3.3210448355608055,3.286525945133763,3.495987179562814
108.69124241346772,9940392698.299864,10028574363.572483,3.287478776101732,3.3166421463853446,3.2861515061578173,3.493833408959851
109.35805551414866,10209917659.01609,10015165976.637547,3.376615856987459,3.312207735310428,3.286711158196437,3.4916521028872545
110.0289594661379,10651772620.273731,10001534828.172707,3.5227457787458003,3.3076996527193128,3.288695237585706,3.4894429546582906
110.70397936651959,11718657445.3813,9987493417.48647,3.8755850805257004,3.3030558885322674,3.293692237327824,3.487205028978067
111.38314046634672,8158785852.025029,9973304039.65194,2.698267175287631,3.2983631887674902,3.293588089690193,3.484937555056318
112.06646817158537,8201879625.6731415,9959107317.521107,2.712519113872968,3.293668060102874,3.2864371608719556,3.4826405807599317
112.75398804406576,8247075096.860184,9944744984.067507,2.7274661241987,3.2889181605931617,3.2795506834056223,3.480314116064059
113.44572580243819,8294592925.809738,9930214847.952457,2.743181182838668,3.284112765520564,3.272934337691257,3.4779578491935137
114.14170732313463,8344694547.550533,9915514695.54929,2.759750751377878,3.2792511427962285,3.2665947045317614,3.4755714633076678
114.84195864133765,8397693342.695424,9900642294.292206,2.7772784708036498,3.2743325540677675,3.2605394406614376,3.473154636479164
115.54650595195338,8453969948.169569,9885595397.581606,2.7958902250574775,3.269356256341547,3.2547775054049164,3.4707070416895136
116.25537561059214,8513993685.494536,9870371752.044678,2.815741227780125,3.2643215043839,3.2493194584788125,3.4682283468491972
116.96859413455411,8578353269.622982,9854969108.459099,2.837026178313034,3.2592275543338065,3.2441778590472916,3.4657182148541117
117.68618820382086,8647802024.901932,9839385238.576643,2.8599942154857785,3.254073669266784,3.2393678126558623,3.4631763036971615
118.40818466205413,8723326574.394354,9823617961.842922,2.884971634493928,3.248859128031618,3.2349077406573152,3.4606022666660703
119.13461051759963,8806255069.119808,9807665189.530914,2.9123976803875293,3.2435832398461666,3.2308204962067237,3.4579957526813656
119.86549294449696,8898435264.096684,9791525001.36254,2.9428834412383282,3.2382453696375886,3.227135042711445,3.4553564068732006
120.60085928349699,9002543240.79789,9775195787.29367,2.9773139485850497,3.2328449849333696,3.223889091347147,3.4526838715906703
121.34073704308409,9122654297.63655,9758676532.686018,3.017036981881288,3.2273817501731403,3.221133476510061,3.4499777882580873
122.08515390050489,9265388804.241627,9741967460.784462,3.0642420245112225,3.2218557391882707,3.2189399329850477,3.4472378010758553
122.83413770280436,9442474789.398474,9725071741.376438,3.122807760837492,3.216268000288343,3.217416242794403,3.444463565409675
123.5877164678671,9677411344.095234,9708001506.05967,3.2005057915629944,3.2106225456257182,3.216739771217042,3.4416547716325643
124.34591838546511,10027251602.750332,9690823135.389824,3.3162046839771016,3.204941328525031,3.2172478772012916,3.4388112720578277
125.108771818313,10689744337.446537,9673371617.592278,3.535303754882808,3.199169776423271,3.2197869418421377,3.435932721081597
125.87630530312867,13825059316.855394,9655338387.480312,4.572212634042415,3.1932058408870234,3.2299455263776364,3.433017824330898
126.64854755170036,7789342795.800013,9637093857.248175,2.5760852612345144,3.1871720243428987,3.234093196757189,3.430065431682376
127.42552745196147,7841976823.677732,9618861713.316143,2.5934923451194747,3.1811423041861047,3.226199366269433,3.4270756004810456
128.20727406907088,7897614637.833864,9600407008.204361,2.6118928388160927,3.175038978772756,3.218619198178744,3.424048361915586
128.99381664649974,7956637377.804394,9581726620.210302,2.6314127924889164,3.168861015695873,3.211361725354893,3.420983269601846
129.78518460712624,8019512078.757419,9562817402.152626,2.6522066636377057,3.162607374122143,3.2044375765622637,3.4178798699795054
130.58140755433584,8086820637.998456,9543676192.240417,2.674466896877057,3.1562770083865863,3.1978593608425987,3.414737702318799
131.38251527312832,8159302165.612285,9524299831.092987,2.6984379301070263,3.149868873621332,3.1916421906841466,3.4115562987832626
132.18853773123269,8237916823.076162,9504685189.062613,2.724437307168579,3.1433819347917704,3.1858044124472147,3.4083351845809187
132.9995050802279,8323945538.922212,9484829211.627266,2.7528886557282335,3.136815181708804,3.180368656942608,3.4050738782599317
133.81544765667022,8419152456.5003605,9464728998.296734,2.7843754118731656,3.130167655124614,3.175363404681393,3.4017718922507703
134.6363959832292,8526063309.676841,9444381948.104292,2.8197328843010627,3.1234384948495504,3.1708254190473633,3.3984287338533083
135.4623807698282,8648473028.971605,9423786049.440723,2.860216129418626,3.116627035605812,3.16680373144981,3.395043907088012
136.29343291479424,8792446815.365822,9402940521.061396,2.907831025675888,3.1097330190207946,3.163366614138725,3.391616916398159
137.12958350601338,8968507629.264057,9381847458.636463,2.9660577181779497,3.1027571381728665,3.16061488588819,3.388147274912166
137.97086382209324,9197140937.340868,9360517217.157118,3.0416711441888755,3.095702817656488,3.1587105409262124,3.3846345267596036
138.8173053335339,9525886130.84844,9338998720.7682,3.15039349341623,3.088586237625974,3.157950528803137,3.3810783410255025
139.66893970390484,10105395118.050589,9317127275.360344,3.342048245276598,3.0813529305763145,3.15902727038018,3.377478156758592
140.52579879102873,12025969970.757973,9294640092.571493,3.9772192347758466,3.0739159873491815,3.1651253831807993,3.373832559805409
141.38791464817422,7352686487.553923,9271890915.565416,2.4316746338701174,3.0663923976026664,3.1655747177302103,3.3701403398533323
142.25531952525455,7413241425.556503,9249071460.742931,2.4517013148588562,3.058845565632541,3.1567741739241657,3.3664013969109283
143.1280458700334,7477656900.958945,9225960058.5849,2.4730047497094985,3.051202181071539,3.148331892611853,3.3626155694426068
144.00612632933962,7546487465.621183,9202552320.177202,2.4957683393726016,3.0434607924214703,3.1402601589770516,3.358782244740279
144.88959375028816,7620430090.812648,9178843828.01709,2.5202225856326876,3.0356199387293343,3.1325736258040022,3.3549007998403093
145.77848118150814,7700379429.758291,9154830162.580473,2.546663367493561,3.027678158373636,3.1252899687786004,3.3509706015868326
146.6728218743802,7787512825.813402,9130506946.798693,2.5754800550143506,3.0196340037737053,3.1184308160083796,3.3469910068372166
147.57264928427978,7883426369.039162,9105869923.343452,2.607200505832086,3.0114860669493106,3.112023110988262,3.342961362910051
148.4779970718283,7990363220.847124,9080915095.952047,2.6425665765067325,3.0032330262596245,3.1061011921218986,3.3388810084675615
149.38889910415318,8111619529.495291,9055639006.099,2.6826683665715727,2.9948737379038497,3.1007101231410332,3.3347492752284817
150.30538945615427,8252319919.814941,9030039326.7447,2.7292006878795823,2.9864074322852927,3.0959113604262685,3.330565491411963
151.22750241177798,8421043046.587718,9004116310.972904,2.7850006663248896,2.977834193103615,3.0917931837553216,3.3263289892509165
152.1552724653009,8633682666.06485,8977877082.386036,2.855324672348211,2.96915637627095,3.088492044397103,3.3220391239693505
153.0887343226195,8924426041.84732,8951353750.54569,2.9514790906078154,2.960384601035998,3.0862435309902243,3.3176953376590967
154.027922902548,9387438277.361242,8924386070.665834,3.104606129299936,2.9514658713704294,3.085538778759954,3.3132968204068174
154.97287333812574,10463310561.355991,8896755475.68572,3.4604177563429763,2.9423279029495513,3.0879401660674,3.3088420102167104
155.92362097793014,6862987547.335714,8868793469.765644,2.2697217893992736,2.933080330565897,3.0852084033837444,3.304329594516309
156.88020138740012,6930323802.283599,8840659669.10198,2.2919911821407903,2.923775942361124,3.0754296166772894,3.299759262992363
157.84265035016605,7002357102.860597,8812146782.48075,2.31581397808123,2.9143461831496267,3.066049939266358,3.295130611001828
158.8110038693879,7079828279.971146,8783248578.332169,2.341435184228761,2.9047889920315972,3.057084898833996,3.2904428107870234
159.78529816910287,7163688078.6780205,8753958772.024239,2.3691692302352294,2.895102290558534,3.0485532363475905,3.2856950194908854
160.7655696955802,7255187874.997573,8724271071.047668,2.399429970182617,2.885283997676763,3.040477893959747,3.280886379218314
161.75185511868386,7356025423.419168,8694179255.37025,2.4327788840868756,2.8753320563021734,3.0328874666292087,3.276016017349372
162.74419133324537,7468590698.841827,8663677326.93892,2.4700063825479104,2.865244482763421,3.0258184239675834,3.2710830473112034
163.74261546044337,7596405960.795496,8632759806.52061,2.5122773444392283,2.8550194649729,3.0193186852263536,3.2660865702388118
164.74716484919188,7744974306.981091,8601422379.349669,2.5614117498605764,2.8446555759547403,3.013453743993292,3.2610256785125973
165.75787707753838,7923581251.437769,8569663495.575562,2.62048049663817,2.8341523031436053,3.0083180521612145,3.255899463774331
166.77478995406898,8149653024.796599,8537489229.263165,2.6952467739221597,2.823511655349405,3.0040586651502164,3.2507070378519205
167.79794151932228,8461503352.844009,8504935117.4354515,2.7983816666665446,2.812745385348145,3.000933039610344,3.2454476072084297
168.82737004721346,8969216535.582928,8471820285.317454,2.9662921671125404,2.801793674377943,2.9994942855944293,3.2401200944342854
169.86311404646545,10253484858.001713,8437896772.281075,3.3910243664243076,2.7905745170968643,3.0016804325156072,3.234722572667428
170.9052122620489,6359136926.361257,8403538609.601901,2.103088712311433,2.779211612831226,2.9985608074444055,3.229253395751236
171.95370367663276,6434942168.265189,8368923136.695904,2.128158961690923,2.7677636111317905,2.9878266464726564,3.2237120448199263
173.00862751204178,6516725657.242055,8333811734.326733,2.1552063321929937,2.7561515960342824,2.9775398461675997,3.218097881560548
174.07002323072336,6605564072.287807,8298195319.536928,2.1845869022398268,2.7443725636302263,2.9677211763436584,3.2124097788465606
175.13793053722483,6702885060.943776,8262064709.286445,2.2167728222921053,2.7324234769119133,2.9583961912032386,3.2066465865319387
176.21238937967797,6810643905.244775,8225410703.67448,2.252410741671022,2.7203012932954596,2.9495969386155854,3.20080713149645
177.29343995129312,6931627162.60309,8188224246.864228,2.2924222284302065,2.7080030178417105,2.9413646150133066,3.1948902181816976
178.3811226918638,7070009319.4359865,8150496757.99416,2.338187865401182,2.6955258126949584,2.933753919119365,3.1888946301104726
179.47547828927807,7232460084.070426,8112220879.724043,2.3919134532231356,2.682867244641487,2.9268407013578925,3.182819133560387
180.57654768104186,7430596301.621512,8073392439.389833,2.457440905683608,2.6700259337011576,2.9207366840318465,3.176662486647913
181.68437205580986,7687280706.327715,8034017043.099587,2.542331368086796,2.6570037339215737,2.915621618696822,3.1704234655301136
182.79899285492561,8056858221.243572,7994151598.6509,2.6645577502113276,2.6438194658043455,2.9118284848431806,3.1641009872379504
183.92045177397299,8721497011.484116,7953576742.472126,2.884366562901738,2.6304005816033307,2.9101624900167584,3.1576936536661955
185.04879076433537,11388072684.193707,7911950212.68162,3.766254350936642,2.616633888740939,2.9152261964565533,3.1511989538492764
186.18405203476422,5824608043.53652,7869737554.103893,1.9263097448366129,2.602673351831684,2.914353778562308,3.1446146601664444
187.3262780529594,5910299494.843662,7827176036.334521,1.9546495535358976,2.5885974404877166,2.902514076820426,3.137939983628399
188.47551154715703,6003826112.144912,7783958158.164726,1.9855806021081572,2.574304458153563,2.8911786722165465,3.1311740002939903
189.63179550772747,6106845398.373064,7740070455.835722,2.019651058606533,2.559789952105613,2.880376279981762,3.1243151539887606
190.79517318878442,6221656106.515939,7695499432.108141,2.0576211647929283,2.545049458547586,2.8701432239075984,3.117361853254885
191.96568810980264,6351587859.125832,7650231864.838983,2.1005920907926403,2.5300786046628527,2.8605267078993712,3.110312472267789
193.14338405724507,6501737259.880498,7604255481.799771,2.150249381325014,2.5148733317897616,2.8515903130763576,3.1031653537209176
194.32830508620225,6680491456.401987,7557560604.587613,2.209366827188498,2.4994304390945965,2.843423975773547,3.0959188163429854
195.52049552203948,6903091169.761331,7510144904.14026,2.282984827547813,2.483749156311741,2.836164082955084,3.0885711752085183
196.71999996205452,7201548862.350993,7462032132.21748,2.381690518533303,2.4678373386043164,2.8300404652434845,3.0811208091060904
197.9268632771469,7661030008.235028,7413000434.233586,2.5336497580682784,2.451621614399995,2.8255160626012343,3.0735657167549735
199.1411306134961,8650250665.842724,7362779012.748439,2.8608040280724105,2.435012425784507,2.8239624221701423,3.0659029304676158
200.36284739424954,5149263965.837206,7311805108.592636,1.7029604879825835,2.418154376697985,2.817350361437239,3.058129857611279
201.592059321223,5236972096.641041,7260259257.693113,1.7319672513228768,2.401107173838759,2.8039786310126096,3.0502451774862798
202.82881237660976,5333177969.150661,7207847641.980995,1.7637843810491318,2.383773645928513,2.7911392687933563,3.042247354788853
204.0731528247,5439747955.918135,7154549310.577106,1.7990291224090413,2.3661468641091297,2.7788637340362556,3.0341342417412323
205.32512721361277,5559296252.102306,7100342933.503582,1.838566039948708,2.348219774147276,2.7671921159388524,3.0259036316734464
206.58478237703588,5695658674.005837,7045207137.065707,1.8836637117884092,2.329985307351615,2.75617699103879,3.0175532588913563
207.85216543597895,5854809976.014538,6989121282.159669,1.936298103952015,2.3114366379741305,2.745890033167762,3.0090808007879923
209.12732380053583,6046825938.603853,6932067458.230796,1.9998014705537273,2.2925678426504112,2.7364343382775576,3.0004838855101092
210.41030517165723,6290689829.654906,6874036620.121714,2.0804519428660573,2.2733759299731955,2.7279702245330864,2.9917601159033556
211.70115754293647,6628652879.941626,6815056448.32259,2.192222814364345,2.2538700544122015,2.7207793110523535,2.982907161648272
212.99992920240422,7185932815.821718,6754848804.661108,2.3765259920312074,2.233958230332045,2.7154769859963945,2.9739222153519287
214.3066687343341,8697915804.475508,6693064821.9039345,2.876567804853787,2.213525080638474,2.714405081864642,2.96480124277459
215.62142502106153,4472304951.343039,6630243310.153457,1.4790771405147363,2.192748800180495,2.707855404641302,2.955540646046557
216.94424724481155,4567153493.764081,6566606723.236248,1.510445375112419,2.1717029587109065,2.693107354917051,2.9461383995553847
218.27518488953808,4672717461.603556,6501780777.724481,1.545357406691686,2.1502637735118033,2.6789415890538346,2.936592193405808
219.6142877427762,4791742698.305687,6435729102.4945345,1.5847213384149934,2.128419215954077,2.665399649902057,2.926898922275543
220.9616058975041,4928268885.993114,6368407927.590703,1.629873170744642,2.106154810472749,2.652536224946982,2.9170553574337177
222.31718975401614,5088612791.50566,6299773020.378994,1.6829019797915836,2.0834559284862464,2.6404261715969515,2.90705813247897
223.6810900218095,5283491288.797674,6229787919.491402,1.7473520415960504,2.0603105115199076,2.6291777089689607,2.896903759757172
225.05335772148072,5533295739.514519,6158428552.550955,1.8299671710816123,2.0367105983763456,2.618960340547812,2.8865886723945597
226.4340441866333,5884210228.318145,6085708290.846681,1.9460213320370259,2.0126606111976444,2.6100755121649146,2.8761093255994745
227.82320106579948,6478125058.44068,6011309323.749418,2.1424403728233963,1.988055443905011,2.603199701527287,2.8654616035904534
229.22088032437165,8260086514.864675,5934843309.179682,2.731769250024309,1.9627666643144333,2.601191298107671,2.8546400205283695
230.62713424654547,3678444783.4801617,5856877245.749866,1.2165323364761467,1.9369817897565538,2.5935396572614544,2.84363952231822
232.04201543727714,3775880224.7912025,5777618967.1588125,1.2487561082195846,1.910769554827142,2.5769946755794675,2.832456671841785
233.4655768242506,3886064316.4804068,5696629088.420147,1.2851961034880068,1.8839846464725702,2.561068326250726,2.8210876042745263
234.89787165985666,4012726135.2041197,5613843248.835101,1.3270855995506594,1.856605779373673,2.5458118682317896,2.809527491345454
236.33895352318675,4161603257.979764,5529194860.072365,1.3763221233205634,1.82861093149042,2.531294981572835,2.797771300208858
237.78887632203526,4342218533.138312,5442617153.182443,1.436055063632374,1.7999780210488783,2.5176172022914707,2.7858137911025054
239.24769429491786,4572135443.452806,5354049616.3409195,1.512093001555597,1.7706870356265503,2.504931360581023,2.773649532119194
240.71546201309965,4889264637.467735,5263464137.211828,1.616973716658999,1.740728677934019,2.4935000799139524,2.761272979419565
242.1922343826359,5400222331.436497,5170404857.742566,1.785957239281348,1.709952186958281,2.4838737728468696,2.7486776809522286
243.6780666464273,6645419738.896615,5074376543.363311,2.197767936637618,1.6781937791158403,2.4778996236124082,2.7358553507717502
245.17301438628593,2719269692.142804,4976119674.29415,0.899314712279437,1.6456983454368148,2.4665764743215335,2.7227983043159303
246.6771335250136,2809557877.0797863,4875842521.943697,0.9291747490729374,1.6125347652760011,2.447703992218045,2.7095008545671195
248.19048032849528,2913362823.2616,4772910442.773138,0.963505038407026,1.5784931498264312,2.4294512508807578,2.6959565212805594
249.71311140780318,3035033328.3052497,4667195161.7149105,1.0037438111747243,1.543531076059668,2.411873833949485,2.6821573723241827
251.2450837213137,3181451850.483633,4558562502.4969635,1.0521672285083215,1.5076041693056148,2.3950492443980926,2.6680950443301437
252.78645457683965,3364472061.0476184,4446876348.328263,1.1126955271468328,1.4706674131272772,2.3790917409723122,2.653760732196915
254.33728163377316,3607130023.5336018,4332010853.561571,1.1929471757221652,1.4326791879521783,2.364184405026875,2.639145211282953
255.89762290524192,3963422537.315473,4213901816.73756,1.3107799528258472,1.3936182611246934,2.3506631507521036,2.624238987403245
257.46753676028084,4611261652.218888,4091679081.006516,1.5250327902351548,1.3531968550627762,2.339326804236056,2.6090307983946146
259.04708192601476,7134661545.247808,3964460928.076881,2.3595695981591294,1.3111233685935173,2.3345153350695,2.593505996942784
260.6363174898545,1595488873.3858397,3833782140.0897036,0.5276588126804591,1.2679053836473069,2.3236498258754392,2.577651441602515
262.2353029017087,1671772683.9661632,3700125037.7677016,0.552887333912409,1.2237024129503855,2.3019682440285267,2.5614581994527277
263.844097976207,1763243480.5063953,3562459352.7989535,0.5831384830758182,1.1781737269851247,2.280887614386198,2.5449163352736366
265.46276289493693,1876167568.2327433,3421029579.667152,0.6204846476568727,1.131400184772934,2.26047433150505,2.528014462738804
267.0913582086965,2021407312.3359826,3276630993.285648,0.6685182204419308,1.083644799001356,2.2408284467946498,2.510743427714018
268.72994483975845,2220089906.2278233,3131462249.963025,0.7342263700517523,1.0356347075380574,2.222113170792585,2.493100215045386
270.37858408414877,2521280666.7465243,2992058790.9461937,0.8338359390914664,0.9895313063201776,2.204631017897547,2.475099432099168
272.0373376139413,3081483866.0211306,2779742061.9879246,1.0191058961057944,0.9193140863927363,2.1890947662181355,2.456609946831145
273.7062674795625,5078712738.718796,2425081711.7991138,1.6796278421989441,0.8020210971358896,2.178897748229256,2.437204517316039
275.3854361121147,0.0,2115007875.4978118,0.0,0.6994737243304553,2.1625861259700594,2.416698895941023
277.0749063257107,0.0,1906624683.563479,0.0,0.6305574006425975,2.136293699388776,2.395400888210811
278.77474131982245,0.0,1682558538.8142757,0.0,0.5564544232590249,2.11032093253676,2.3734923177699865
280.4850046816472,0.0,1438536273.1113784,0.0,0.47575157340765656,2.0846639390347015,2.3509089319977914
282.2057603884851,0.0,1167956323.4738226,0.0,0.3862655874239963,2.05931887975336,2.3275653823620175
283.93707281013167,0.0,859594178.2109606,0.0,0.28428430371895314,2.034281962239119,2.3033414916769437
285.67900671128746,0.0,491048693.750999,0.0,0.16239923388690558,2.0095494401464795,2.278050873468901
287.43162725397985,0.0,0.0,0.0,0.0,1.9851176126775008,2.251338837129978
289.1949999999999,0.0,0.0,0.0,0.0,1.960982824028048,2.2239673672153315
