R_kpc,Sigma_bar,Sigma_eff,kappa_bar,kappa_eff,kappa_bar_mean,kappa_eff_mean
10.72,13006627378.013193,13482532391.991207,5.4336636929991,5.632478321927416,0.0,0.0
10.794401006338012,13007183643.569284,13484581143.117495,5.4338960791410225,5.633334210566904,0.07464711838487499,0.07738265242635652
10.86931838485364,13007748355.178156,13486632308.480898,5.43413199371572,5.6341911077808815,0.1482719810133606,0.15371401747640942
10.944755719372424,13008321652.701433,13488685700.37568,5.434371495151948,5.635048935153183,0.22088868010452095,0.22900855063407774
11.02071661859304,13008903678.700346,13490741129.452505,5.434614643006251,5.635907613581009,0.29251111509453515,0.30328050771757936
11.09720471625996,13009494578.500864,13492798405.21658,5.434861497990172,5.6367670634830365,0.36315299530077233,0.37654394761438104
11.174223671337256,13010094500.260963,13494857335.993595,5.435112121998361,5.637627204785184,0.4328278425496152,0.44881273497986884
11.251777168183665,13010703595.039913,13496917728.894962,5.435366578137511,5.63848795690609,0.5015489937686117,0.5201005428987849
11.329868916728808,13011322016.8698,13498979389.782335,5.435624930756246,5.639349238742297,0.5693296035433738,0.5904208555098527
11.408502652650672,13011949922.829304,13501042123.231422,5.435887245475936,5.640210968653126,0.6361826466398013,0.6597869705941752
11.48768213755431,13012587473.119896,13503105732.495039,5.436153589222533,5.641073064445245,0.7021209204920756,0.7282120021278541
11.567411159151815,13013234831.144413,13505170019.465391,5.436424030259395,5.641935443356914,0.7671570476569414,0.795708882799349
11.64769353144346,13013892163.588326,13507234784.635513,5.4366986382212374,5.642798022041872,0.8313034782346723,0.8622903664919784
11.72853309490019,13014559640.503527,13509299827.059967,5.436977484149135,5.64366071655292,0.8945724922573188,0.9279690307321588
11.809933716647315,13015237435.39505,13511364944.314579,5.437260640526752,5.644523442325101,0.9569762020445932,0.9927572791037402
11.891899290649532,13015925725.31057,13513429932.455395,5.437548181317729,5.645386114158554,1.0185265545279292,1.056667343628976
11.974433737897163,13016624690.933006,13515494585.976635,5.437840182004372,5.646248646200945,1.0792353335430942,1.1197112871164967
12.057541006593748,13017334516.67623,13517558697.767754,5.438136719627632,5.647110951929535,1.1391141620918852,1.1819010054768302
12.1412250723449,13018055390.784054,13519622059.069536,5.438437872828463,5.647972944132833,1.1981745045732928,1.2432482300058365
12.225489938348515,13018787505.43269,13521684459.429129,5.438743721890622,5.648834534891809,1.2564276689846154,1.3037645296365465
12.310339635586235,13019531056.836727,13523745686.654076,5.439054348784941,5.649695635560699,1.3138848090928934,1.363461313159759
12.395778223016297,13020286245.35888,13525805526.765247,5.439369837215179,5.650556156747335,1.3705569265771644,1.4223498314139051
12.481809787767716,13021053275.623594,13527863763.948683,5.439690272665484,5.651416008293026,1.4264548731419362,1.4804411794445542
12.568438445335772,13021832356.634787,13529920180.506227,5.44001574244957,5.6522750992519395,1.4815893526022514,1.5377462986339392
12.6556683397789,13022623701.897743,13531974556.805012,5.440346335761656,5.653133337869995,1.5359709229408316,1.5942759788009784
12.743503643916922,13023427529.54556,13534026671.22566,5.440682143729274,5.653990631563224,1.589609998337657,1.6500408602721313
12.831948559530685,13024244062.470154,13536076300.109264,5.441023259468008,5.6548468868956245,1.6425168511724222,1.705051435923532
12.921007317563024,13025073528.458185,13538123217.702936,5.44136977813828,5.655702009556407,1.6947016140002094,1.7593180531947146
13.010684178321187,13025916160.332048,13540167196.104069,5.44172179700424,5.656555904336716,1.746174281500861,1.8128509160744033
13.100983431680614,13026772196.09619,13542208005.203108,5.442079415494901,5.657408475105718,1.7969447124023643,1.8656600870586726
13.19190939729019,13027641879.089003,13544245412.624865,5.442442735267593,5.658259624786084,1.8470226313786993,1.9177554890818975
13.283466424778833,13028525458.140589,13546279183.668272,5.442811860273866,5.659109255328827,1.8964176309224583,1.969146907420796
13.375658893963603,13029423187.73663,13548309081.244553,5.443186896827952,5.6599572676874645,1.9451391731927155,2.019843991572009
13.468491215059199,13030335328.188671,13550334865.813717,5.443567953677905,5.660803561791493,1.993196591838424,2.0698562571034937
13.561967828888964,13031262145.811186,13552356295.319336,5.443955142079566,5.661648036519138,2.0405990937978076,2.119193087480149
13.656093207097273,13032203913.10568,13554373125.121532,5.444348575873479,5.662490589669364,2.087355761074016,2.16786373586393
13.750871852363478,13033160908.952238,13556385107.928104,5.444748371564911,5.663331117933093,2.133475552487508,2.2158773268888936
13.846308298617284,13034133418.808859,13558391993.723701,5.445154648407126,5.664169516863623,2.1789673054054632,2.2632428584114317
13.942407111255669,13035121734.919024,13560393529.69702,5.445567528488098,5.665005680846212,2.2238397374486154,2.3099692032360624
14.039172887361236,13036126156.527853,13562389460.16586,5.445987136820816,5.665839503066769,2.268101448175833,2.3560651108170667
14.136610255922143,13037146990.107325,13564379526.50004,5.446413601437365,5.666670875479649,2.3117609207468384,2.4015392089363337
14.234723878053567,13038184549.591103,13566363467.042036,5.446847053487038,5.6674996887745035,2.3548265235634256,2.446400005357712
14.333518447220628,13039239156.619295,13568341017.025246,5.447287627338578,5.66832583234213,2.3973065118894574,2.4906558894581416
14.432998689462947,13040311140.793915,13570311908.489815,5.447735460686902,5.669149194239309,2.4392090294500903,2.5343151338359298
14.533169363620706,13041400839.945415,13572275870.195864,5.448190694664452,5.669969661152557,2.480542110010506,2.577385895896434
14.634035261562323,13042508600.411026,13574232627.534096,5.448653473957468,5.670787118360774,2.521313678934528,2.61987621941546
14.735601208413646,13043634777.325464,13576181902.433552,5.449123946927442,5.671601449696717,2.561531554723441,2.661794036080646
14.837872062788794,13044779734.92477,13578123413.266527,5.449602265738042,5.672412537507269,2.601203450535403,2.70314716701115
14.940852717022569,13045943846.86394,13580056874.750385,5.450088586487812,5.6732202626124275,2.640336975685746,2.7439433242559015
15.044548097404519,13047127496.5492,13581981997.846273,5.45058306934898,5.674024504262985,2.6789396371285523,2.7841901122707022
15.148963164414548,13048331077.485699,13583898489.65443,5.451085878712712,5.6748251400968,2.7170188409198,2.823895029374428
15.25410291296024,13049554993.641552,13585806053.306152,5.451597183341195,5.675622046093658,2.754581893662474,2.8630654691846327
15.359972372615822,13050799659.82919,13587704387.852024,5.45211715652695,5.676415096528586,2.7916360039339714,2.9017087220328035
15.466576607862713,13052065502.104956,13589593188.146458,5.452645976259768,5.677204163923608,2.828188283696102,2.9398319763594922
15.573920718331829,13053352958.18821,13591472144.728209,5.453183825401792,5.677989118997837,2.8642457496881026,2.9774423200896414
15.682009839047527,13054662477.900875,13593340943.696775,5.453730891871153,5.678769830615837,2.899815324802967,3.014546741988299
15.790849140673242,13055994523.628923,13595199266.584425,5.454287368834747,5.67954616573416,2.9349038394474514,3.0511521329969917
15.900443829758858,13057349570.806925,13597046790.223717,5.45485345491067,5.680317989346002,2.969518032886121,3.0872652875510007
16.010799148989744,13058728108.427267,13598883186.610182,5.4554293543809464,5.681085164423836,3.003664554569767,3.1228929048777445
16.121920377437554,13060130639.575466,13600708122.76004,5.4560152774151645,5.681847551859974,3.0373499654485894,3.1580415902765453
16.2338128308128,13061557681.993347,13602521260.562656,5.456611440305747,5.682605010404926,3.070580739270491,3.192717856379981
16.346481861719088,13063009768.671743,13604322256.627441,5.457218065715562,5.683357396603442,3.1033632638648383,3.2269281243970305
16.459932859909195,13064487448.474783,13606110762.124987,5.45783538293872,5.684104564728145,3.1357038424120867,3.2606787253382525
16.574171252542893,13065991286.797684,13607886422.622063,5.458463628175383,5.684846366710599,3.167608694699655,3.293975901223218
16.689202504446598,13067521866.26045,13609648877.910236,5.459103044821557,5.685582652069713,3.199083958364417,3.3268258062703775
16.805032118374744,13069079787.439697,13611397761.82769,5.459753883774823,5.686313267837303,3.2301356901222,3.359234508069575
16.921665635273033,13070665669.641378,13613132702.073957,5.4604164037571525,5.687038058480694,3.2607698669847345,3.3912079887374147
17.039108634543517,13072280151.717068,13614853320.017134,5.4610908716559186,5.687756865822186,3.290992387464435,3.4227521460556822
17.157366734311495,13073923892.926943,13616559230.493204,5.461777562884413,5.688469528955213,3.320809072767454,3.4538727945929875
17.276445591694245,13075597573.852703,13618250041.597004,5.462476761763235,5.689175884157021,3.3502256679754314,3.484575666809818
17.396350903071657,13077301897.363977,13619925354.464378,5.463188761924014,5.68987576479766,3.379247843216415,3.514866414147196
17.51708840435876,13079037589.642096,13621584763.045038,5.463913866737101,5.690569001245089,3.407881194825406,3.5447506080991076
17.638663871280045,13080805401.265411,13623227853.865564,5.464652389764979,5.691255420766178,3.4361312464950005,3.574233741268842
17.761083119645825,13082606108.360714,13624854205.781996,5.465404655243269,5.691934847423337,3.4640034504166644,3.603321228409463
17.884352005630408,13084440513.825668,13626463389.721428,5.466170998591431,5.692607101966573,3.4915031884131196,3.6320184074485096
18.008476426052237,13086309448.627703,13628054968.41187,5.466951766955378,5.693272001720634,3.518635773062429,3.660330540497118
18.13346231865603,13088213773.18513,13629628496.099789,5.467747319784459,5.693929360467009,3.545406448814326,3.6882628148436845
18.25931566239674,13090154378.83701,13631183518.254461,5.46855802944551,5.6945789883204165,3.5718203930993724,3.7158203439322293
18.386042477725624,13092132189.408604,13632719571.258392,5.469384281876841,5.695220691599476,3.5978827174316144,3.743008168325566
18.513648826878256,13094148162.880198,13634236182.082924,5.4702264772854035,5.695854272691189,3.6235984685053646,3.769831256653446
18.642140814164478,13096203293.167492,13635732867.948046,5.4710850308905705,5.696479529908821,3.648972629286806,3.7962945065457454
18.77152458626044,13098298612.022825,13637209135.965424,5.4719603737183915,5.697096257342769,3.6740101201011752,3.822402745550844
18.901806332502645,13100435191.067205,13638664482.763557,5.472852953450498,5.697704244703974,3.698715799716299,3.848160732039286
19.032992285184022,13102614143.964188,13640098394.093882,5.473763235332264,5.698303277159361,3.7230944664233085,3.8735731560928253
19.165088719852054,13104836628.747654,13641510344.41647,5.474691703145263,5.698893135158764,3.7471508591154357,3.898644640378923
19.29810195560898,13107103850.316902,13642899796.464031,5.47563886024962,5.699473594252776,3.7708896583658187,3.9233797410108115
19.43203835541409,13109417063.113688,13644266200.782677,5.476605230702372,5.700044424900907,3.7943154875053557,3.947782948393155
19.566904326388123,13111777573.997414,13645608995.247753,5.477591360458616,5.70060539226931,3.8174329137016834,3.971858688053402
19.702706320119734,13114186745.336409,13646927604.553085,5.4785978186629185,5.701156256017414,3.8402464490404467,3.9956113214588487
19.839450832974126,13116645998.335123,13648221439.671577,5.479625199039296,5.701696770072576,3.8627605516101444,4.019045146819468
19.977144406403863,13119156816.619167,13649489897.285183,5.480674121388897,5.702226682391953,3.8849796265919125,4.042164399876542
20.11579362726172,13121720750.10262,13650732359.181856,5.481745233205619,5.7027457347105655,3.9069080273557075,4.064973254677055
20.25540512811583,13124339419.16467,13651948191.617031,5.4828392114209485,5.703253662274551,3.9285500565645295,4.087475824333932
20.39598558756694,13127014519.165752,13653136744.63689,5.4839567642906175,5.7037501935584505,3.9499099672884217,4.1096761617720174
20.537541730567916,13129747825.33682,13654297351.360416,5.485098633437164,5.7042350499652805,3.9709919641301603,4.131578260459841
20.68008032874545,13132541198.079317,13655429327.21696,5.486265596064046,5.704707945508014,3.9918002043647136,4.153186055127049
20.823608200723953,13135396588.717812,13656531969.135689,5.487458467358871,5.7051685864709665,4.012338799094776,4.174503422467492
20.968132212451774,13138316045.752428,13657604554.682938,5.4886781031054195,5.705616671049415,4.032611814424878,4.195534181827823
21.113659277529653,13141301721.663874,13658646341.143223,5.489925402526522,5.706051888965682,4.052623272656847,4.216282095881566
21.260196357541417,13144355880.330519,13659656564.538904,5.491201311382622,5.706473921059582,4.072377153509649,4.236750871288424
21.407750462387014,13147480905.124495,13660634438.583345,5.4925068253540195,5.706882438851104,4.091877395367007,4.256944159338747
21.556328650617846,13150679307.762424,13661579153.561577,5.493842993738353,5.707277104072784,4.1111278965565115,4.2768655565829174
21.705938029774458,13153953737.996237,13662489875.132046,5.495210923499053,5.70765756816913,4.130132516664379,4.2965186054454465
21.856585756726485,13157306994.241205,13663365743.04206,5.496611783705321,5.708023471759984,4.14889507789045,4.315906794823488
22.008279038015058,13160742035.251156,13664205869.749008,5.4980468104095745,5.708374444064516,4.167419366448591,4.335033560669511
22.161025130197515,13164261992.966421,13665009338.938265,5.49951731201483,5.708710102282072,4.185709134018245,4.353902286557744
22.31483134019459,13167870186.677643,13665775203.927834,5.5010246751917835,5.709030050925683,4.203768099253561,4.372516304234016
22.46970502563988,13171570138.66917,13666502485.948372,5.502570371414018,5.7093338811035395,4.221599949357326,4.390878894148509
22.62565359523183,13175365591.529896,13667190172.286098,5.504155964189796,5.709621169743159,4.239208341727877,4.40899328597095
22.782684509088224,13179260527.347414,13667837214.274414,5.505783117080636,5.709891478752373,4.25659690568814,4.42686265908762
22.940805279102925,13183259189.034554,13668442525.118176,5.507453602610707,5.710144354110383,4.273769244307224,4.444490143079526
23.100023469305313,13187366104.075987,13669004977.53268,5.509169312187241,5.710379324881431,4.29072893632634,4.461878818180985
23.260346696222104,13191586111.028662,13669523401.176939,5.510932267171383,5.710595902142509,4.3074795382024975,4.479031715717773
23.42178262924168,13195924389.16407,13669996579.85799,5.512744631261582,5.7107935778154415,4.324024586285225,4.495951818523853
23.58433899098102,13200386491.705006,13670423248.480007,5.514608724378611,5.710971823392332,4.340367599143898,4.512642061335613
23.748023557655067,13204978383.186533,13670802089.707914,5.516527038273537,5.711130088541756,4.35651208006567,4.5291053311623415
23.912844159448742,13209706481.563223,13671131730.311176,5.5185022541184825,5.711267799581338,4.372461519747219,4.545344467631556
24.078808680891562,13214577705.795687,13671410737.14814,5.520537262386432,5.7113843578001635,4.388219399206906,4.56136226330757
24.245925061234733,13219599529.78346,13671637612.74527,5.522635185382298,5.711479137611957,4.4037891929483335,4.577161463981457
24.414201294830978,13224780043.673677,13671810790.418613,5.524799402855302,5.7115514845170186,4.419174372411182,4.592744768930362
24.583645431517002,13230128023.772911,13671928628.876373,5.527033581205426,5.711600712847389,4.434378409751288,4.6081148311437445
24.754265576998506,13235653012.53147,13671989406.23133,5.529341706897744,5.7116261032654725,4.449404781998996,4.623274257513843
24.926069893237973,13241365410.367245,13671991313.339989,5.5317281248228625,5.711626899981391,4.464256975653535,4.63822560898722
25.099066598845113,13247276581.463947,13671932446.37083,5.534197582495307,5.711602307648287,4.478938491781481,4.652971400673779
25.27326396946999,13253398976.135735,13671810798.486544,5.5367552811727165,5.711551487887486,4.493452851700064,4.667514101909082
25.44867033819898,13259746272.921701,13671624250.50425,5.5394069352174,5.711473555386697,4.507803603341478,4.681856136265134
25.6252940959533,13266333544.291843,13671370560.371513,5.542158841321851,5.711367573503504,4.521994328413214,4.695999881504006
25.803143691890455,13273177450.75552,13671047351.264795,5.545017959599724,5.711232549293355,4.536028650492814,4.7099476694677245
25.982227633808453,13280296469.321264,13670652098.077496,5.547992009027468,5.711067427864798,4.54991024422434,4.723701785896745
26.16255448855273,13287711163.742805,13670182112.016636,5.551089580342621,5.710871085944568,4.5636428458199445,4.737264470167924
26.344132882425992,13295444505.907347,13669634522.966259,5.5543202703073415,5.710642324509705,4.577230265115407,4.7506379149412545
26.52697150160088,13303522260.225384,13669006259.19955,5.55769484229155,5.710379860312064,4.590676399485916,4.763824265702605
26.711079092535464,13311973446.172495,13668294023.924572,5.56122541950492,5.710082316080031,4.603985250001736,4.776825620187201
26.896464462391698,13320830898.498562,13667494268.024742,5.564925719030528,5.709748209130561,4.617160940297734,4.78964402766544
27.08313647945667,13330131950.467623,13666603158.195,5.5688113372559265,5.709375938057698,4.630207738752964,4.802281488068843
27.27110407356685,13339919273.407047,13665616539.466568,5.57290010060418,5.708963767076881,4.643130084736813,4.814739950928976
27.460376236535325,13350241916.68131,13664529890.838871,5.5772124999945065,5.7085098074896825,4.655932619889893,4.827021314096023
27.650962022581837,13361156607.222282,13663338272.37274,5.581772233735557,5.708011995581404,4.668620225691021,4.839127422195755
27.842870548765987,13372729388.832096,13662036261.608583,5.586606892362478,5.707468066059055,4.6811980689445525,4.851060064773327
28.03611099542337,13385037711.503368,13660617876.504665,5.591748831473739,5.706875519857964,4.693671657346622,4.862820974058844
28.230692606604688,13398173124.437569,13659076481.16692,5.597236296769606,5.706231584759352,4.706046908017048,4.874411822271842
28.426624690517976,13412244790.3468,13657404669.34593,5.60311489219091,5.7055331667199,4.71833023290995,4.885834218357724
28.623916619973897,13427384134.409876,13655594118.828098,5.6094395220723205,5.704776789042032,4.730528646486895,4.897089704016637
28.82257783283409,13443751087.803703,13653635407.161835,5.616276999447231,5.703958515391475,4.7426499031828895,4.908179748839898
29.02261783246268,13461542615.115614,13651517775.176355,5.623709608469394,5.7030738510046035,4.7547026753921005,4.91910574430536
29.224046188180846,13481004583.218548,13649228818.705837,5.631840062767945,5.70211761390276,4.766696787569141,4.929868996291356
29.4268725357246,13502448637.568256,13646754079.520916,5.640798555708834,5.7010837639993275,4.778643529648867,4.940470715634053
29.631106577705783,13526276789.864985,13644076491.382143,5.650753032164802,5.699965171682379,4.790556085218655,4.950912006049709
29.836758084076134,13553018258.452248,13641175612.117939,5.661924579002972,5.698753297006679,4.8024501301991815,4.961193848427583
30.043836892594705,13583386496.614838,13638026529.522636,5.674611249292562,5.697437732620382,4.814344692859036,4.9713170799922795
30.25235290929845,13618370931.08318,13634598251.104996,5.68922638708855,5.696005531064511,4.826263429248349,4.981282365987045
30.462316108976086,13659391491.587769,13630851239.56903,5.706363183877012,5.694440175192577,4.838236588404871,4.991090160044952
30.673736535645343,13708573967.122837,13626733454.260937,5.726909711726228,5.6927199244408735,4.850304185327161,5.0007406466585484
30.886624303033315,13769276435.996782,13622173591.20956,5.752268845313258,5.690814990779963,4.862521433590907,5.01023365365504
31.10098959506033,13847191475.54382,13617068567.380657,5.7848187223275715,5.688682310122262,4.874968782459769,5.019568510504788
31.31684266632717,13952955021.404972,13611257575.922503,5.829002623540891,5.686254703611455,4.887772480042652,5.0287437980798835
31.534193842605518,14109512997.903364,13604458080.987898,5.894406464830812,5.68341413874532,4.901153526027992,5.037756843359786
31.753053521331974,14379717739.484398,13596580596.882713,6.007287510111387,5.680123231876805,4.915576479797395,5.046603944437845
31.973432172105465,15049499198.577692,13589660696.925243,6.287096186930351,5.677232366469093,4.932502569715139,5.055287055684964
32.195340337188,12746861967.902523,13586570888.834839,5.325143794904581,5.675941564668502,4.9444811294534965,5.06382219675837
32.41878863200904,12750289478.649881,13585856563.249939,5.326575675757628,5.67564314718618,4.949720391486566,5.072229192989691
32.64378774567329,12753783505.51759,13585132329.47118,5.328035344462024,5.675340590445334,4.954907540756415,5.0805165691701895
32.87034844147202,12757345812.753746,13584398057.20252,5.329523538052095,5.67503384001334,4.960043679986046,5.088685911354006
33.09848155739801,12760978234.536385,13583653612.238262,5.331041022776179,5.67472283982427,4.965129907076135,5.0967387830476705
33.32819800666392,12764682678.976416,13582898857.712826,5.332588595768895,5.674407532701001,4.970167315584132,5.1046767255010055
33.55950877822438,12768461132.423899,13582133654.010078,5.33416708685014,5.674087860317337,4.975156995220637,5.1125012579973586
33.79242493730173,12772315664.106052,13581357858.667664,5.335777360462671,5.673763763158037,4.980100032364612,5.1202138781393085
34.02695762591525,12776248431.128872,13580571326.275894,5.337420317761581,5.673435180476584,4.9849975105991895,5.1278160621298845
34.263118063414204,12780261683.877375,13579773908.370834,5.339096898870319,5.673102050250512,4.989850511269969,5.13530926504931
34.50091754701461,12784357771.854,13578965453.32119,5.34080808531974,5.672764309134156,4.994660114067901,5.14269492112734
34.74036745233946,12788539149.999071,13578145806.208275,5.342554902688551,5.672421892408507,4.999427397639049,5.1499744440111614
34.981479233963185,12792808385.542465,13577314808.698803,5.344338423465676,5.672074733928068,5.004153440223797,5.157149227028925
35.224264425959376,12797168165.441782,13576472298.909615,5.346159770157627,5.671722766064343,5.008839320328261,5.164220643448886
35.4687346424526,12801621304.468906,13575618111.263844,5.348020118666762,5.671365919645749,5.013486117431052,5.171190046734201
35.71490157817409,12806170754.014835,13574752076.337736,5.349920701969597,5.6710041238936215,5.0180949127288,5.178058770793352
35.96277700902103,12810819611.69144,13573874020.697226,5.351862814128048,5.670637306353947,5.02266678992426,5.18482813022624
36.21237279261995,12815571131.819191,13572983766.72342,5.353847814670799,5.670265392824449,5.027202836061255,5.191499420565921
36.46370086889405,12820428736.901566,13572081132.42605,5.355877133386859,5.669888307276664,5.031704142411162,5.198073918515986
36.71677326063414,12825396030.20063,13571165931.243488,5.357952275579157,5.669505971772391,5.036171805416271,5.2045528821835605
36.97160207407404,12830476809.543932,13570237971.828444,5.360074827832519,5.669118306374162,5.040606927695873,5.210937551307932
37.22819949946953,12835675082.511156,13569297057.817612,5.362246464358068,5.668725229049018,5.045010619121756,5.2172291474847485
37.48657781168153,12840995083.170334,13568342987.5838,5.364468953984962,5.668326655564949,5.049383997970537,5.223428874385771
37.74674937076336,12846441290.558086,13567375553.968876,5.366744167880718,5.667922499379336,5.05372819216124,5.2295379179741195
38.00872662255193,12852018449.12751,13566394543.995323,5.369074088093547,5.667512671518443,5.058044340587593,5.23555744671498
38.27252209926313,12857731591.421284,13565399738.55429,5.3714608170243,5.667097080447104,5.062333594555783,5.241488611781686
38.53814842009139,12863586063.267708,13564390912.067642,5.373906587952386,5.666675631927536,5.066597119339845,5.2473325472571055
38.80561829181326,12869587551.8446,13563367832.120905,5.376413776759788,5.666248228865999,5.070836095868543,5.253090370330244
39.074944509395294,12875742117.012157,13562330259.064083,5.37898491502071,5.665814771146036,5.075051722559557,5.258763181487932
39.34613995660623,12882056226.38241,13561277945.576506,5.381622704652229,5.665375155446676,5.079245217319034,5.264352064701507
39.61921760663305,12888536794.672485,13560210636.191307,5.384330034354571,5.664929275043786,5.083417819727294,5.269858087608294
39.89419052270191,12895191227.984081,13559128066.77498,5.387109998109343,5.664477019592646,5.0875707934345185,5.2752823016877555
40.17107185870278,12902027473.766111,13558029963.95601,5.3899659160519935,5.664018274889258,5.09170542879404,5.280625742432068
40.44987485981881,12909054077.35585,13556916044.496391,5.3929013580925025,5.663552922607782,5.095823045765112,5.2858894295109335
40.73061286315996,12916280246.161375,13555786014.598415,5.395920170728316,5.6630808400109505,5.099924997122321,5.291074366930318
41.01329929840092,12923715922.752884,13554639569.13802,5.399026507579056,5.662601899629781,5.1040126720148775,5.2961815431848125
41.29794768842358,12931371868.380009,13553476390.814568,5.402224864276812,5.662115968908393,5.108087499926533,5.301211931403293
41.58457164996401,12939259758.740501,13552296149.20531,5.405520118474578,5.6616229098089965,5.11215095509567,5.306166489487383
41.873184894263666,12947392294.205774,13551098499.710297,5.408917575894199,5.661122578371118,5.116204561465919,5.311046160242311
42.16380122772549,12955783327.181982,13549883082.37167,5.412423023532889,5.660614824218346,5.1202498982506945,5.315851871499521
42.45643455257425,12964448009.877243,13548649520.547514,5.416042791394632,5.6600994900043196,5.124288606210983,5.3205845362304265
42.75109886752156,12973402966.489727,13547397419.417233,5.419783824423678,5.659576410788329,5.128322394765238,5.3252450526504935
43.04780826843569,12982666494.774666,13546126364.290623,5.423653766711409,5.659045413328915,5.132353050074405,5.329834304312762
43.34657694901567,12992258803.1502,13544835918.68716,5.427661060549956,5.658506315281471,5.136382444274994,5.334353160189698
43.647419201470385,13002202291.046118,13543525622.145027,5.431815063551007,5.657958924282934,5.140412546070594,5.338802474742142
43.95034941720233,13012521882.197733,13542194987.710709,5.436126187883048,5.657403036903041,5.144445432939282,5.343183087973801
44.2553820874959,13023245423.193878,13540843499.04857,5.440606066769225,5.65683843743682,5.148483305273989,5.347495825469494
44.56253180421071,13034404163.019,13539470607.09606,5.4452677548214155,5.656264896507264,5.1525285028491234,5.351741498414981
44.871813260479655,13046033333.88626,13538075726.171911,5.45012597068973,5.655682169439491,5.1565835241047635,5.355920903595741
45.18324125141163,13058172859.771595,13536658229.421118,5.455197393060519,5.655089994357829,5.160651048867035,5.360034823371523
45.49683067479952,13070868227.346424,13535217443.450474,5.46050102449823,5.654488089944752,5.1647339652903215,5.364084025622787
45.812596531832654,13084171565.371655,13533752641.967394,5.466058642374297,5.653876152783431,5.168835402027885,5.3680692636642
46.130553927814496,13098142994.393377,13532263038.181742,5.471895362717572,5.653253854183508,5.1729587669335615,5.371991276119274
46.45071807288533,13112852330.777292,13530747775.65751,5.4780403520937195,5.652620836359288,5.177107793998039,5.375850786748647
46.773104282749685,13128381260.800846,13529205917.202229,5.4845277358564575,5.651976707788159,5.181286600773351,5.3796485042225655
47.097727979409115,13144826146.458372,13527636431.244822,5.491397770303963,5.651321037519796,5.185499759304684,5.383385121825509
47.424604691899994,13162301692.394505,13526038174.959476,5.4986983745812115,5.650653348125967,5.189752384669932,5.3870613170773085
47.75375005703614,13180945805.238499,13524409873.116037,5.506487160721102,5.649973106865047,5.194050246781054,5.3906777512503306
48.085179820157165,13200926132.951141,13522750091.234842,5.514834165529584,5.649279714467153,5.198399913374938,5.394235068755502
48.41890983588141,13222449017.374386,13521057201.021767,5.523825590613145,5.64857249069425,5.202808935518154,5.397733896360473
48.7549560688645,13245771989.026054,13519329335.143827,5.533569022218693,5.647850655447152,5.2072860921420085,5.401174842189474
49.09333459456311,13271221590.063377,13517564326.97043,5.544200876975413,5.6471133035917545,5.211841718268528,5.4045584944340614
49.4340616000038,13299219437.833532,13515759628.591034,5.555897290233778,5.646359370710005,5.216488154742333,5.407885419673202
49.77715338455746,13330321447.300741,13513912196.555923,5.568890501672046,5.645587585366832,5.2212403792541835,5.4111561606529985
50.12262636071909,13365278860.924809,13512018328.070766,5.583494351208885,5.644796400678594,5.2261169165880235,5.414371233298504
50.470497054892746,13405137033.201763,13510073418.14013,5.600145547347302,5.643983892857071,5.231141195328508,5.417531122598893
50.82078210818224,13451403084.981752,13508071584.567207,5.619473706636335,5.643147604548928,5.236343651165267,5.4206362767748795
51.173498277187264,13506347447.538107,13506005058.977135,5.642427327070032,5.642284290428896,5.241765149004936,5.423687098700416
51.5286624348047,13573587255.493671,13503863132.126448,5.670517506990923,5.641389476591044,5.247462900211546,5.426683932663881
51.88629157103615,13659327169.545532,13501630163.844875,5.706336312626272,5.640456629179753,5.253521539702751,5.429627042564895
52.246402793800385,13775361278.006495,13499281343.849749,5.754810855947137,5.639475383422649,5.260076242925027,5.432516572513401
52.60901332975184,13947834113.751047,13496771775.043427,5.826863307238082,5.6384269830563065,5.267369336319408,5.435352464413676
52.974140525104765,14252011901.983711,13494133736.944447,5.953936971770869,5.637324913209714,5.2759313048442955,5.438134625527563
53.341801846462886,15080009559.554495,13491701222.245588,6.299842230611144,5.636308703056402,5.287629648918141,5.4408640184098145
53.71201488165499,12531869549.347456,13489779862.61686,5.235328313533332,5.635506033636237,5.294197802802154,5.4435434275245065
54.084797340576415,12539541574.703506,13488123236.968649,5.238533387717236,5.634813959789884,5.293411168259285,5.446175763511505
54.46016705603593,12547399194.066517,13486451449.177803,5.241815995868091,5.634115551789293,5.292679904634822,5.44876238641627
54.83814198460918,12555449635.656841,13484764319.527792,5.245179157655588,5.633410734555877,5.29200433720918,5.451303836693414
55.2187402074974,12563700590.29949,13483061663.254604,5.248626086007679,5.6326994309024085,5.291384829609259,5.453800646327061
55.60197993139243,12572160254.725538,13481343292.47236,5.252160205200212,5.631981562337467,5.290821786061266,5.456253338923795
55.98787948934779,12580837380.21397,13479609016.06205,5.255785171177618,5.631257049018952,5.290315653876427,5.458662429809502
56.37645734165552,12589741327.390608,13477858639.551138,5.2595048944457625,5.630525809703793,5.289866926199489,5.461028426124236
56.76773207672929,12598882128.150053,13476091964.983055,5.263323565940534,5.629787761693426,5.2894761450544205,5.46335182691504
57.16172241199377,12608270555.84799,13474308790.775303,5.267245686351461,5.629042820774512,5.289143904727496,5.465633123226728
57.558447194779816,12617918205.132074,13472508911.564491,5.2712760994719545,5.628290901154203,5.288870855534466,5.467872798190555
57.957925403226135,12627837583.05076,13470692118.036644,5.2754200302610395,5.627531915389251,5.288657708026625,5.470071327110757
58.36017614718731,12638042213.412853,13468858196.740868,5.279683128440719,5.626765774308165,5.288505237700105,5.472229177548847
58.76521866914757,12648546756.78375,13467006929.883436,5.284071518625747,5.625992386925185,5.288414290284447,5.474346809405655
59.173072345141776,12659367149.018873,13465138095.10011,5.288591858197508,5.625211660345169,5.288385787700552,5.476424675000998
59.583756685681934,12670520761.878973,13463251465.202667,5.293251404402864,5.624423499657704,5.288420734795402,5.4784632191508456
59.997291336690665,12682026590.084303,13461346807.895855,5.298058092498109,5.623627807818855,5.288520226982188,5.480462879241922
60.4136960804411,12693905470.195215,13459423885.459942,5.30302062718879,5.622824485518554,5.288685458940624,5.482424085303532
60.832990836503,12706180338.023438,13457482454.3927,5.308148590166135,5.622013431031026,5.288917734564856,5.484347260076478
61.255195662695776,12718876532.972979,13455522265.003897,5.313452567248863,5.621194540045393,5.289218478387121,5.486232819078831
61.68033075604808,12732022159.908611,13453543060.953625,5.318944299557778,5.620367705472798,5.289589248756766,5.4880811706683055
62.10841645376366,12745648522.02588,13451544578.72336,5.324636864352048,5.619532817225439,5.290031753119414,5.489892716100949
62.53947323419466,12759790641.992996,13449526547.007128,5.33054489274204,5.618689761962216,5.29054786582469,5.491667849585751
62.973521717820894,12774487893.6933,13447488686.005642,5.336684833606788,5.617838422793857,5.291139648998605,5.493406958334712
63.410582668236394,12789784773.705532,13445430706.603079,5.343075275888477,5.616978678939001,5.291809377157181,5.4951104226078735
63.85067699314278,12805731850.924456,13443352309.400097,5.349737345307056,5.616110405320232,5.292559566422436,5.496778615752552
64.29382574534922,12822386945.481228,13441253183.5694,5.356695196867376,5.615233472085983,5.293393009447178,5.498411904236
64.74005012377967,12839816605.91117,13439133005.4905,5.3639766319625,5.614347744040179,5.294312817484669,5.500010647670396
65.18937147448699,12858097978.662806,13436991437.106976,5.371613879381971,5.613453079955983,5.295322471487594,5.50157519882888
65.64181129167396,12877321200.123535,13434828123.931128,5.379644594607212,5.612549331742202,5.296425884738786,5.503105903650896
66.09739121872154,12897592493.956585,13432642692.59565,5.388113153758599,5.6116363434204795,5.297627480380403,5.504603101234733
66.55613304922439,12919038234.658798,13430434747.816017,5.397072351192062,5.610713949856294,5.29893228843592,5.506067123814402
67.01805872803301,12941810356.502949,13428203868.574934,5.406585659145073,5.6097819751649745,5.300346068694161,5.507498296717166
67.48319035230406,12966093669.962898,13425949603.264957,5.416730284254891,5.608840230682472,5.301875468439783,5.508896938296757
67.95155017255695,12992115937.600674,13423671463.40997,5.427601376872791,5.60788851234244,5.303528227951893,5.510263359835532
68.42316059373846,13020162033.274916,13421368915.411541,5.439317946231356,5.60692659722818,5.305313452763151,5.5115978654062685
68.89804417629456,13050594300.331371,13419041369.487907,5.452031365305684,5.6059542389517825,5.3072419812885485,5.512900751680396
69.37622363724952,13083882599.63988,13416688164.520954,5.4659379237160595,5.604971161323777,5.309326892141584,5.514172307663599
69.85772185129261,13120650023.1059,13414308546.761723,5.481297925057388,5.6039770494571295,5.311584222035761,5.515412814330411
70.34256185187259,13161744948.447954,13411901638.997585,5.498465788586338,5.602971536886477,5.314034012023524,5.516622544114145
70.83076683229916,13208359493.95087,13409466394.288696,5.5179395350160245,5.601954186241018,5.31670188649345,5.517801760182467
71.3223601468529,13262234407.516628,13407001523.480503,5.5404463812028055,5.600924458962058,5.319621539174553,5.51895071538187
71.81736531190215,13326036417.038372,13404505375.33821,5.567100382474859,5.599881665227837,5.322838857447078,5.520069650644254
72.31580600702806,13404110855.06408,13401975724.138319,5.599716849981934,5.598824875217536,5.326419236203425,5.521158792460988
72.81770607615746,13504148923.469961,13399409356.743748,5.641508869113171,5.5977527466072905,5.33046174422777,5.522218348595275
73.32308952870332,13641460617.061869,13396801156.861248,5.698872361001606,5.5966631420085164,5.335130167300807,5.523248500035819
73.83198054071333,13852613642.049582,13394141636.66077,5.787083892876669,5.595552097774362,5.340735116151542,5.524249383334784
74.34440345602653,14259380379.094822,13391453441.090538,5.957015235288974,5.594429074084582,5.348038139792269,5.5252211712418955
74.86038278743769,15931388785.70327,13388808461.100925,6.655515400576664,5.593324104185731,5.361218476637326,5.526164305894912
75.37994321786994,12336878487.675192,13386216559.32825,5.1538686221410055,5.592241308304163,5.368648830892046,5.527079457335579
75.90310960155576,12349888850.435926,13383622327.969696,5.1593038463318095,5.591157539212104,5.365735728156428,5.527967155060476
76.42990696522551,12363283009.736414,13381003308.006996,5.164899405808844,5.590063414404114,5.362938416544747,5.528827698178842
76.96036050930512,12377081477.236574,13378359212.8331,5.1706638695468765,5.588958814146901,5.360257567049171,5.529661316641907
77.4944956091212,12391306643.863935,13375689748.64948,5.17660659160568,5.587843615702852,5.357693964572459,5.530468235576361
78.03233781611512,12405983032.158785,13372994617.789192,5.18273781655004,5.586717694718279,5.355248517874907,5.531248675318939
78.57391285906536,12421137593.357325,13370273518.647306,5.189068803559558,5.585580925194358,5.352922270961684,5.532002851459812
79.11924664531813,12436800059.106838,13367526145.607454,5.195611973361581,5.584433179456442,5.350716416175994,5.53273097488499
79.66836526202677,12453003360.346874,13364752188.96394,5.202381083223492,5.583274328121522,5.348632309324316,5.5334332518176925
80.22129497739985,12469784129.36188,13361951334.838789,5.2093914366908,5.582104240063572,5.346671487237284,5.534109883858703
80.77806224195737,12487183305.618732,13359123265.092354,5.216660136682526,5.580922782376205,5.344835688269482,5.53476106802566
81.33869368979653,12505246872.180536,13356267657.22683,5.224206393136283,5.579729820332365,5.343126876370528,5.535386996791293
81.9032161398656,12524026757.859224,13353384184.280766,5.23205189989259,5.578525217340258,5.34154726952902,5.535987858120535
82.47165659724669,12543581951.744547,13350472514.712593,5.240221300301788,5.577308834894696,5.340099373614747,5.5365638355065
83.044042254448,12563979892.671997,13347532312.271105,5.248742767689774,5.576080532522984,5.338786022943976,5.537115108005256
83.62040049270428,12585298218.590683,13344563235.84908,5.25764873617594,5.574840167723776,5.337610429297993,5.5376418502693285
84.20075888328677,12607626992.756804,13341564939.316074,5.266976830690335,5.5735875958972185,5.336576241680926,5.538144232579847
84.78514518882228,12631071570.021063,13338537071.324665,5.276771064397211,5.572322670264004,5.3356876198759515,5.538622420877203
85.37358736462106,12655756334.837786,13335479275.082167,5.287083400290034,5.571045241770009,5.334949325950827,5.5390765767900945
85.96611356001411,12681829645.391285,13332391188.077314,5.297975816655427,5.569755158972107,5.334366839431874,5.539506857662715
86.56275211970004,12709470475.998243,13329272441.747278,5.309523082010876,5.568452267899066,5.333946504160339,5.5399134165798385
87.16353158510051,12738897497.8255,13326122661.063356,5.32181654867589,5.56713641187846,5.333695718273311,5.540296402389399
87.76848069572613,12770381737.666142,13322941464.005495,5.334969441116935,5.56580743131715,5.333623183992117,5.540655959722088
88.37762839055078,12804264618.0885,13319728460.87956,5.349124392420946,5.564465163416065,5.333739242123779,5.540992229007194
88.99100380939623,12840984320.876366,13316483253.408634,5.364464457916589,5.563109441790578,5.334056329466727,5.541305346483655
89.60863629432617,12881115444.493,13313205433.489695,5.381229682522283,5.5617400959511,5.3345896195129825,5.541595444204801
90.23055539104956,12925430702.359905,13309894581.438892,5.399742875890484,5.56035695057002,5.33535794540955,5.541862650034395
90.85679085033419,12975000804.2936,13306550263.426933,5.420451338992203,5.558959824410309,5.336385174275397,5.542107087630347
91.48737262943006,13031364051.391653,13303172027.57364,5.443997714272696,5.557548528693984,5.337702336597725,5.5423288764100676
92.12233089350185,13096831622.867949,13299759397.701973,5.471347522632771,5.556122864492773,5.339351090403857,5.5425281314871375
92.76169601707268,13175078960.796246,13296311862.734531,5.5040362210030755,5.554682618298391,5.3413897136984625,5.542704963560461
93.40549858547674,13272405935.749678,13292828857.296024,5.54469565059878,5.553227553919002,5.343904334273763,5.5428594787187695
94.05376939632214,13400793939.76839,13289309722.787767,5.598331171612658,5.551757396217658,5.347032411534187,5.54299177808024
94.70653946096482,13586866413.293262,13285753627.75959,5.6760650233079675,5.550271797846775,5.351020439101949,5.5431019570965
95.36384000599153,13907728140.084724,13282160356.941164,5.810108589304711,5.548770668874771,5.356409675373843,5.543190106910422
96.02570247471377,14772837517.450697,13278532798.691017,6.171517683118898,5.547255215945644,5.365133443282825,5.543256325114075
96.6921585286721,12138368526.479181,13274874123.917034,5.070938871214737,5.54572676374154,5.368625429760922,5.543300725348825
97.36324004915042,12157256517.227713,13271181449.239088,5.078829540070022,5.544184107698243,5.3645903167633575,5.543323420459865
98.03897913870132,12176798764.235613,13267451132.9852,5.086993531776739,5.542625726466655,5.3607209193196255,5.543324503010885
98.71940812268184,12197039676.244242,13263682732.565037,5.0954493985820255,5.541051435149727,5.357018843568485,5.5433040526058495
99.40455955079938,12218028941.058683,13259875797.85974,5.104217898120789,5.539461045705284,5.353485943648377,5.543262145193433
100.09446619866941,12239822448.91531,13256029873.98628,5.113322379162802,5.537854368100867,5.350124351246013,5.543198853081994
100.7891610693827,12262483430.428883,13252144501.396473,5.1227892570027995,5.536231210355093,5.346936510656174,5.5431142449625215
101.48867739508471,12286083871.87185,13248219216.01029,5.132648604709198,5.534591378593356,5.343925220689135,5.543008385931942
102.19304863856489,12310706292.912104,13244253549.391438,5.142934895793875,5.532934677121164,5.341093685168413,5.5428813375169925
102.90230849485772,12336446003.841785,13240247028.977266,5.153687947194681,5.531260908520201,5.3384455743179595,5.542733157698923
103.6164908928541,12363414005.555374,13236199178.377684,5.164954130773644,5.529569873773191,5.335985100111124,5.542563900939383
104.33562999692522,12391740763.677645,13232109517.764688,5.176787950001028,5.527861372426632,5.33371710974464,5.542373618207932
105.05976020855591,12421581190.61796,13227977564.379606,5.189254121264093,5.5261352028027035,5.3316472029665345,5.542162357011742
105.78891616799119,12453121326.394068,13223802833.19894,5.202430364855771,5.5243911622774275,5.32978188127591,5.5419301614282555
106.52313275589293,12486587455.706701,13219584837.814226,5.216411213734295,5.522629047648242,5.32812874042964,5.541677072141842
107.26244509500818,12522258796.212557,13215323091.607906,5.231313314190785,5.520848655625234,5.326696722910758,5.541403126485849
108.00688855185005,12560485552.407742,13211017109.347847,5.247282968060474,5.519049783497265,5.325496455196974,5.541108358492024
108.75649873838871,12601715260.395407,13206666409.386127,5.264507138543303,5.517232230050544,5.324540707880953,5.540792798950159
109.51131151375571,12646532362.524784,13202270516.758564,5.283229982950877,5.5153957968634835,5.323845038757885,5.54045647548211
110.27136298595892,12695719696.199732,13197828967.668858,5.303778540342226,5.513540290180005,5.323428717299485,5.5400994126366045
111.03668951361004,12750357910.70669,13193341316.189678,5.326604264012808,5.511665523708993,5.323316098525989,5.53972163201483
111.80732770766363,12811994062.669239,13188807144.685844,5.352353454126551,5.50977132297869,5.323538747757169,5.539323152443503
112.58331443316861,12882944713.542086,13184226080.871876,5.381993880075413,5.507857532462683,5.324138891040707,5.538903990224465
113.36468681103203,12966882248.314335,13179597827.634388,5.417059721658821,5.505924028038542,5.325175373186723,5.538464159515495
114.1514822197945,13070082178.28558,13174922220.079952,5.460172643733664,5.503970740820197,5.3267348021232035,5.538003672955462
114.94373829741848,13204442556.233131,13170199350.011532,5.516303190585908,5.501997709159361,5.328954801166206,5.537522542802415
115.74149294308828,13396306523.22475,13165429910.11999,5.5964565032885885,5.500005222435368,5.332080980175502,5.537020783403088
116.54478431902393,13721558371.950436,13160612113.542763,5.73233409170087,5.497992534166448,5.336649410050384,5.536498405742778
117.35365085230578,14577594936.722532,13155735800.041431,6.089952916834948,5.4959553997996515,5.344550076809942,5.535955386290351
118.16813123671346,11943310025.972668,13150792642.507725,4.989451006497036,5.493890340592598,5.347204855052898,5.535391648806336
118.98826443457662,11968865668.97599,13145789038.640743,5.000127161468088,5.4918000292554625,5.342363760566993,5.5348071127082585
119.81408967863881,11995449823.83059,13140731579.017378,5.011232988739398,5.4896872190752655,5.3377387974396,5.5342017357926645
120.64564647393397,12023148832.697817,13135619613.986677,5.022804558712128,5.487551638653076,5.333333147828718,5.5335754934116235
121.48297459967651,12052061922.263525,13130452484.847076,5.034883324441298,5.4853930128089665,5.329150482798224,5.532928357501378
122.32611411116442,12082304048.881363,13125229527.002203,5.047517310226129,5.483211063900387,5.325195037738666,5.532260296586415
123.17510534169504,12114009585.50765,13119950070.437012,5.060762651868232,5.4810055120210786,5.321471705504235,5.53157127579387
124.0299889044948,12147337167.275732,13114613440.343248,5.074685620964341,5.478776075262363,5.317986152765932,5.530861256870905
124.89080569466141,12182476159.840527,13109218957.942856,5.089365327129419,5.476522470057136,5.314744967247945,5.530130198206007
125.75759689112117,12219655444.937572,13103765941.580437,5.10489738826196,5.474244411636251,5.311755846735689,5.529378054855486
126.63040395859773,12259155587.0737,13098253708.184467,5.121399013314754,5.471941614638957,5.30902784564376,5.528604778576947
127.50926864959659,12301326055.218626,13092681575.248802,5.139016196848681,5.469613793940697,5.306571702577296,5.527810317872189
128.39423300640192,12346610213.482006,13087048863.56174,5.157934159166853,5.467260665793207,5.3044002845997085,5.526994618043022
129.28533936308793,12395582635.192299,13081354901.042187,5.178392934687345,5.46488194942711,5.302529204304174,5.526157621265201
130.1826303475437,12449006693.046602,13075599028.266743,5.2007114308707845,5.4624773693609265,5.300977700938706,5.525299266688186
131.08614888351252,12507926972.293116,13069780606.681232,5.2253260348583135,5.460046658831525,5.2997699402095515,5.524419490573018
131.99593819264564,12573824625.07011,13063899031.274048,5.252855514479872,5.457589565088554,5.298937007826531,5.5235182264882585
132.91204179656935,12648893764.054945,13057953751.098835,5.284216484784605,5.455105857968031,5.298520115771778,5.522595405598569
133.83450351896724,12736569263.256954,13051944304.646183,5.320843902710396,5.45259534466925,5.2985760746677,5.521650957109868
134.76336748767605,12842630951.910412,13045870386.151262,5.365152356401372,5.450057897455541,5.29918737972648,5.5206848090004605
135.6986781367976,12977815883.290895,13039731985.888086,5.421627369649189,5.447493512263766,5.300482837566577,5.51969688933568
136.64048020882325,13165192908.063614,13033529754.771963,5.499906212182251,5.444902461021056,5.30268661435295,5.518687129015534
137.5888187567752,13467789275.090296,13027263014.2131,5.6263192203634285,5.442284460238955,5.306267247619412,5.517655459796693
138.54373914636116,14172033982.954407,13020920075.734995,5.920525303838736,5.439634626926003,5.312691826390973,5.516601778776543
139.50528705814483,11739369989.333523,13014485931.635176,4.904252780974848,5.436946691447063,5.314037287009959,5.5155259078279935
140.47350848973065,11771972592.808079,13007967489.86017,4.917872882300761,5.434223539673864,5.308501707301797,5.5144276482460635
141.44844975796445,11806067744.495802,13001375761.668934,4.932116512294041,5.431469771682679,5.303233578447776,5.513306855515716
142.43015750114947,11841804732.477524,12994709835.87756,4.947046037715956,5.428685006816266,5.298238221970018,5.512163415971249
143.41867868127693,11879359698.087326,12987968790.392872,4.962735043573906,5.425868859859914,5.293521820377891,5.510997212247716
144.4140605862728,11918942838.176544,12981151695.632668,4.979271341947553,5.423020942470286,5.289091580190436,5.5098081232790035
145.41635083225955,11960808222.087729,12974257615.648216,4.996761073139224,5.420140863644359,5.284955941582204,5.50859602430891
146.42559736583422,12005267446.021381,12967285609.653015,5.015334409937937,5.4172282303580745,5.28112485253859,5.507360786909708
147.4418484663624,12052709063.986378,12960234734.127083,5.035153675115726,5.414282648445435,5.277610134241196,5.5061022790108884
148.46515274828712,12103626969.08907,12953104045.756535,5.056425198027789,5.411303723826541,5.2744259787205925,5.504820364941969
149.49555916345503,12158663109.871092,12945892605.622326,5.0794171598391635,5.4082910642574875,5.271589643830724,5.503514905495187
150.53311700345725,12218674066.751984,12938599485.319004,5.104487406576381,5.405244281886539,5.269122452530485,5.502185758016958
151.57787590198856,12284839183.18709,12931223776.182095,5.13212862212502,5.402162997108973,5.2670512801766,5.500832776542091
152.6298858372204,12358845099.941969,12923764603.769577,5.163045419481564,5.39904684461688,5.265410861951736,5.499455811994303
153.68919713419282,12443220378.191486,12916221151.791958,5.198294133286197,5.395895483396218,5.264247559815163,5.498054712494241
154.75586046722117,12541990454.128677,12908592704.422583,5.239556434417534,5.392708614402416,5.263625920494892,5.496629323853582
155.82992686232072,12662093845.463642,12900878728.39621,5.289730966057154,5.38948601485797,5.263641094178053,5.49517949041969
156.91144769964686,12816891971.363262,12893079055.74131,5.354399610126017,5.386227614590899,5.2644452386981,5.493705056669644
158.0004747159535,13036806817.7344,12885194409.354902,5.446271490633511,5.382933715599498,5.266314228194936,5.492205870818244
159.0970600070682,13414557107.500801,12877220458.906235,5.604080888478897,5.379602508839786,5.269874119697943,5.490681772763711
160.20125603038386,14531729591.452206,12869141988.626389,6.070792157160728,5.3762276377545435,5.277682152979324,5.489132548407761
161.31311560736845,11545267670.930723,12860951566.462841,4.823164371998427,5.372805997520917,5.27997824008657,5.48755792168221
162.43269192609114,11586216227.12048,12852658500.628391,4.840271088181066,5.369341476748647,5.273820621341726,5.485957625861185
163.56003854376786,11629326091.752304,12844268714.988503,4.8582807150775835,5.36583655019862,5.267988822164806,5.484331441558131
164.6952093893219,11674858403.564537,12835780971.673117,4.877302346309264,5.362290700736809,5.2624915223389035,5.4826791657758225
165.838258765965,11723131710.907942,12827194019.138678,4.897469059003459,5.35870340551693,5.257338946400236,5.481000591162172
166.98924135379434,11774540968.958588,12818506597.11969,4.918945850091211,5.355074138049013,5.252543226594203,5.479295506005855
168.14821221240854,11829585157.533882,12809717439.179108,4.941941173958009,5.3514023692648545,5.248118894693535,5.477563694253456
169.31522678354116,11888908642.723087,12800825276.375927,4.966724221726383,5.347687569050192,5.244083565134224,5.475804935544287
170.4903408937131,11953365300.33315,12791828842.65525,4.993651709540782,5.343929208496468,5.240458911684052,5.474019005270698
171.67361075690357,12024122060.447527,12782726883.001211,5.02321113546219,5.340126763306802,5.237272112211688,5.472205674676455
172.86509297723873,12102834469.771866,12773518166.24023,5.056094122596667,5.336279719144698,5.234558075225186,5.47036471101396
174.06484455169968,12191962661.05193,12764201506.1609,5.093328418844734,5.332387580457105,5.23236304767603,5.468495877796724
175.27292287284845,12295384214.644144,12754775798.70582,5.1365339266597365,5.328449886011727,5.230750841444469,5.466598935215862
176.48938573157474,12419704153.872126,12745240093.66238,5.188469968222736,5.324466238846647,5.229814498879387,5.464673640863649
177.71429131985883,12577450867.480762,12735593752.628105,5.254370417702369,5.3204363722621055,5.229700746610994,5.462719751106995
178.94769823355688,12796535019.567665,12725836893.539864,5.345895266405149,5.316360335527548,5.230670488852675,5.460737024173764
180.18966547520301,13158784138.287912,12715965969.988949,5.497228877110294,5.312236647091171,5.233296476432023,5.45872521173876
181.44025245683227,14119395855.274345,12705967324.648367,5.898535138753659,5.308059601452258,5.239688300686694,5.456684019421416
182.69951900282223,11328419963.567726,12695831462.951492,4.732573823029506,5.303825232149677,5.240702824331229,5.454613090491767
183.96752535275502,11377507167.796106,12685565768.756968,4.7530805502274776,5.299536623872752,5.233863693403604,5.452512067231228
185.24433216429958,11429490431.54226,12675176529.875889,4.774797138598307,5.295196403424719,5.227408568063762,5.450380636055655
186.5300005161126,11484773546.108303,12664662113.131857,4.79789227646327,5.290803888527915,5.221349956281763,5.4482185009667505
187.8245919107609,11543863835.1419,12654020868.400562,4.8225779039360335,5.2863583898245,5.2157028096867535,5.446025360610866
189.12816827766275,11607412550.263052,12643251134.529167,4.849126088646411,5.281859213349345,5.210485200489784,5.443800908272348
190.44079197605097,11676277186.282158,12632351243.890633,4.8778950586179155,5.277305662432649,5.205719284055511,5.44154483189702
191.7625257979563,11751621568.654106,12621319529.331615,4.909371014918313,5.272697040602505,5.201432714642761,5.439256814148376
193.09343297121058,11835084557.48062,12610154335.13432,4.944238609638712,5.268032656164332,5.19766081367922,5.436936532514423
194.4335771624718,11929081652.32622,12598854035.124405,4.98350694467023,5.263311829765655,5.194450059127878,5.434583659496556
195.78302248026904,12037385398.385164,12587417064.509254,5.0287520428554116,5.258533907696903,5.191864060631482,5.432197862939283
197.1418334780704,12166353896.527767,12575841980.975052,5.082630071765711,5.253698287415388,5.189994649722761,5.4297788066224015
198.51007515736964,12327888899.199024,12564127598.25199,5.150113121264543,5.248804473343664,5.188984848388425,5.42732615140434
199.88781297079703,12548022716.867363,12552273356.056995,5.242076479474352,5.243852231417225,5.189084706555014,5.424839557796967
201.2751128252495,12900728930.872831,12540276150.2934,5.389423435271392,5.238840264865059,5.19082828356071,5.422318680435653
202.67204108504393,13763150179.905872,12528123772.581184,5.749709533484931,5.233763473500213,5.19603979685725,5.419763134670471
204.07866457509124,11101163091.71064,12515805501.96926,4.63763472946542,5.228617378525762,5.195980854962996,5.41717247535428
205.4950505840934,11158747824.41175,12503326772.730242,4.661691393983849,5.223404250169717,5.188476329240326,5.414546248445293
206.9212668677628,11220099315.204262,12490693531.801823,4.687321663718044,5.218126572831648,5.181416224792053,5.411884038802842
208.35738165206286,11285815825.434044,12477903666.810505,4.7147754690196235,5.212783464043957,5.174817776558077,5.40918544791268
209.80346363647217,11356672266.240093,12464955043.56751,4.7443765376620455,5.207374032225474,5.168701924808379,5.406450070549378
211.25958199727,11433700556.651585,12451845513.469036,4.776555965332145,5.201897379772988,5.163094509426855,5.403677494764651
212.72580639084703,11518321633.88194,12438572920.984238,4.811907364403232,5.196352606189443,5.158028057696139,5.400867301918513
214.2022069570357,11612574276.832722,12425135115.813591,4.8512824575066595,5.190738813163223,5.153544583902537,5.398019066766501
215.6888543224672,11719538926.311136,12411529973.60978,4.895968133155962,5.185055113224535,5.1497002251893695,5.395132357640058
217.18581960394883,11844191665.343729,12397755433.773846,4.948043205550152,5.179300645535179,5.146573484665739,5.392206736792575
218.6931744118668,11995327564.942022,12383809575.543272,5.011181913724742,5.173474607675181,5.144281341475096,5.389241761067825
220.21099085361107,12190621684.631207,12369690796.45511,5.092768210984642,5.16757633019777,5.143015212397277,5.386236983290689
221.73934153702504,12473520710.708132,12355398470.664906,5.210952435234618,5.161605551649441,5.143139530327821,5.383191956044681
223.27829957387968,13000038996.582552,12340924709.085825,5.430911323154492,5.155558976276157,5.145587195926997,5.380106213553917
224.8279385833699,15977974057.142174,12326253151.409195,6.674976917439519,5.149429769376448,5.158081656577993,5.376979226773005
226.38833269563713,10901534059.488997,12311383602.933655,4.554237474133502,5.143217849611651,5.164302848040287,5.373810426579877
227.95955655531424,10970701451.53664,12296323989.198647,4.583132923813565,5.136926527964286,5.156121175390993,5.3705992739352
229.54168532509814,11045135802.70316,12281072679.69817,4.614228704425313,5.1305551232722815,5.148464019445013,5.36734525517364
231.1347946893434,11125852134.46188,12265626969.407375,4.647948852513113,5.124102505481328,5.141357324568887,5.364047851234843
232.73896085768442,11214234787.266895,12249984126.249062,4.684871691745777,5.117567533235695,5.13483356739414,5.360706534586967
234.35426056868008,11312248294.081324,12234141405.95015,4.725817927685569,5.110949060084687,5.128934393813008,5.357320769230583
235.98077109348526,11422822983.077353,12218096069.070114,4.772011737618038,5.1042459415964645,5.123714933081659,5.353890010794039
237.6185702395465,11550619806.343008,12201845412.158371,4.8254002862769365,5.097457048374384,5.119251357605407,5.350413706765926
239.26773635432454,11703718057.09883,12185386830.3554,4.889358788540161,5.09058129220932,5.115655385654728,5.3468912969937055
240.92834832904268,11897931249.926203,12168717963.324823,4.970493516544396,5.083617687044419,5.113105838363062,5.343322214774689
242.60048560246005,12170578513.539158,12151837181.031347,5.084394952653313,5.076565551914252,5.111931758802606,5.339705889748134
244.28422816467224,12645200179.461979,12134737593.0868,5.282673448614156,5.069422008282288,5.1129201145885705,5.336041734886968
245.97965656093692,14417078767.66257,12117404891.78592,6.022895496443648,5.062181078945033,5.120354139993116,5.332329110326542
247.68685189552747,10648204380.290983,12099835474.621729,4.4484061744266885,5.054841258915008,5.121900640381389,5.3285673337049575
249.40589583561328,10726553064.040827,12082034442.667282,4.481137211144588,5.04740467922239,5.11287404101947,5.324755736420865
251.13687061516566,10811411687.950283,12064000851.100815,4.51658784799101,5.039870945157344,5.104439836494007,5.320893670924336
252.87985903889222,10904176109.986895,12045731290.01108,4.555341220204506,5.032238632191407,5.096631268799488,5.3169804860407845
254.63494448619696,11006814442.71045,12027222315.048061,4.598219528763779,5.024506301408933,5.089490781919534,5.313015519872427
256.40221091517066,11122241273.567823,12008470465.350418,4.646440375090775,5.0166725069964855,5.083074257149516,5.308998099799571
258.1817428666052,11255054966.92728,11989472290.28899,4.701924777201064,5.008735807415238,5.077458383372939,5.304927542610165
259.97362546803953,11413151495.98328,11970224403.610855,4.76797136598648,5.000694788020254,5.07275468140839,5.300803154859923
261.77794443783074,11611807591.86185,11950723610.197668,4.850962166306711,4.9925481140151975,5.069139707792106,5.296624233747359
263.59478608925536,11886503884.305801,11930967324.236065,4.965719607069357,4.984294705147689,5.066933443274889,5.292390069543347
265.4242373346374,12351413892.188322,11910948579.53708,5.159940949537696,4.975931651214571,5.06688168908961,5.288099934815626
267.26638568950625,13907934672.320673,11890653775.369736,5.810194870450414,4.967453270358744,5.072642011436716,5.2837530530421155
269.12131927678433,10387080144.008095,11870077847.805313,4.3393186115392535,4.958857447067491,5.072636124058672,5.279348604894408
270.98912683100116,10475327157.320734,11849223901.211369,4.376184785860743,4.95014547822499,5.062816201075558,5.274885776757771
272.86989770253916,10571605802.332176,11828090290.653042,4.416406263927699,4.941316676641354,5.05366075979678,5.270363770335329
274.76372186190645,10677840895.504955,11806672747.920376,4.460787159291173,4.932369259224256,5.045212308065435,5.2657817813029775
276.6706899040431,10796851871.41142,11784966959.509083,4.510505322198223,4.923301423959156,5.037526392362602,5.261138991760261
278.59089305265235,10933028896.795122,11762968591.68925,4.567394793783982,4.914111360382035,5.030678499765385,5.25643457022912
280.52442316456666,11093788266.57536,11740673335.28217,4.634553813989397,4.904797268285413,5.024776989229263,5.251667671853263
282.4713727341406,11293172245.41707,11718077010.343239,4.71784869553796,4.8953574014508,5.0199903726036625,5.246837439024293
284.4318348976761,11562773812.27271,11695175897.964895,4.830477757847803,4.8857902062630725,5.016615972128411,5.241943003253957
286.4059034378772,11998508252.366331,11671963081.5168,5.012510681380949,4.876092793222742,5.015313551168785,5.236983477434355
288.3936727883365,13213804030.627378,11648425688.002113,5.520214050953519,4.866259784491763,5.018774420028298,5.231957929798509
290.3952380380535,10103408792.278479,11624556206.409771,4.220811739631569,4.85628804226147,5.016706796446551,5.226865382940608
292.41069493598224,10201089914.671774,11600355406.34089,4.261619118271252,4.846177888041315,5.006054372949033,5.221704853619627
294.44013989561245,10308368683.986805,11575821293.575428,4.306436020986716,4.835928488723626,4.996136519669274,5.216475368560419
296.4836699995804,10427766221.114338,11550948552.97547,4.356315674156459,4.825537623850243,4.987005486045529,5.211175946851012
298.54138300431526,10563106188.725643,11525731806.238752,4.412855455519332,4.815003046575393,4.978731023133603,5.205805590369166
300.6133773447127,10720630835.751383,11500165645.168514,4.478663134206519,4.804322497564544,4.971410832097362,5.2003632837520914
302.6997521388464,10911618172.394455,11474244701.424517,4.558450224801144,4.793493734133671,4.965191596600787,5.194847994662572
304.8006071927079,11159716422.896132,11447963846.145473,4.662096036806675,4.782514613643751,4.96031832945696,5.189258674825693
306.9160430049818,11528234781.894457,11421316924.55432,4.8160486925795105,4.771382564868,4.9572825970852,5.183594257978535
309.0461607718524,12299546087.246159,11394292496.565968,5.138272595370326,4.760092808583247,4.9575633278060005,5.177853641964844
311.1910623918452,9781285108.712444,11366878348.71793,4.086240977113479,4.7486402424792775,4.952794653896623,5.172035671887388
313.35085047070214,9886298364.28384,11339071971.280231,4.130111436187789,4.737023818088397,4.941192662754857,5.166139166562267
315.52562832628894,10002087019.760132,11310872051.993763,4.178483438785961,4.725242987199722,4.93038375726989,5.160162950076839
317.7154999935381,10131618017.790424,11282272009.975824,4.23259645829976,4.713295000576085,4.9204274259039575,5.154105839970879
319.9205702294248,10279481614.344734,11253265170.68129,4.294368125370932,4.7011770698517985,4.911404041520614,5.147966631990708
322.1409445179787,10453386404.482273,11223844803.480186,4.36701879158486,4.688886383231102,4.90342819557826,5.141744099959253
324.37672907533073,10667861236.825207,11194004209.31845,4.456618045541645,4.676420142109423,4.896676783759884,5.135436996007761
326.62803085479294,10955535098.662579,11163737018.609314,4.576797010700046,4.663775685520828,4.891459771524038,5.129044051912766
328.8949575519756,11415918108.852222,11133033901.830212,4.769127149377643,4.650949115953183,4.888462705446192,5.1225639717948965
331.17761760993886,12705834144.594322,11101880570.250248,5.3080039639988845,4.6379344641297475,4.890537559177401,5.115995409754826
333.47612022437977,9512639332.283962,11070267848.466509,3.974011206917666,4.62472789692359,4.887077928160136,5.109336971102641
335.79057534885624,9632159919.041168,11038192817.623627,4.023942265442984,4.611328194950316,4.874878732279272,5.102587245665506
338.1210937000477,9765728606.917831,11005649647.80627,4.0797420749357824,4.597732922697757,4.863573507881447,5.095744817509336
340.4677867630506,9917932127.342625,10972630102.211946,4.14332679362134,4.583938639149779,4.853243803740676,5.088808249762995
342.8307667967118,10096413380.1299,10939125828.135876,4.217889328163585,4.569941854870775,4.8440051718272255,5.081776077689463
345.2101468389981,10315442032.149227,10905128436.436829,4.30939099109396,4.555739065203405,4.836034520980222,5.074646808632301
347.60604071240414,10606672188.943026,10870629768.323807,4.431055638145502,4.541326861721707,4.829638281363396,5.067418922958272
350.01856302939785,11064774441.53446,10835619012.272734,4.622432964891631,4.526700727790881,4.825481789917547,5.060090867448273
352.44782919790254,12279246995.852604,10800080780.578403,5.12979242347792,4.5118542350254085,4.826189388842408,5.052661034996113
354.89395542681797,9184205305.620474,10764003953.772722,3.836804228170536,4.49678273814344,4.821448174218734,5.045127764552927
357.35705873157826,9314268339.975815,10727383140.772047,3.8911395117946808,4.481483984959641,4.808296035178533,5.037489370568188
359.8372569397521,9460861653.068562,10690210430.894745,3.9523805037781212,4.465954670698503,4.79611860956029,5.029744152452129
362.3346686966761,9629910725.11437,10652475535.50041,4.023002639587382,4.450190497165714,4.785014437095984,5.021890380730121
364.84941347113323,9831761895.23234,10614167990.065975,4.107328217816328,4.434187092690019,4.7751274399747645,5.01392629013304
367.3816115610664,10087154699.439978,10575277246.100243,4.2140214110127525,4.417940050521536,4.7666888678700685,5.00585007934426
369.93138409933374,10447956931.853672,10535793531.009481,4.364750568821438,4.401445288050208,4.760135450615361,4.9976599134889
372.4988530595022,11114065741.47801,10495701793.108541,4.643024955351568,4.3846965172666446,4.756621831541385,4.989353911612747
375.08414126168316,24084228323.154198,10454981270.373472,10.061455072868684,4.367685064603711,4.792408112173247,4.980930115776625
377.6873723784085,8907585093.11048,10413623711.17557,3.721243048336471,4.350407482851458,4.821091927177895,4.972386511807677
380.3086709405457,9057666932.415026,10371623365.78255,3.783941411063936,4.332861369995081,4.8064147914504876,4.963721073050619
382.94816234325566,9230526051.575987,10328966085.568071,3.8561552365615794,4.315040815288077,4.792866195485027,4.954931743509499
385.60597285198963,9436422791.911282,10285638837.51471,3.9421708968824065,4.296940374042017,4.780590899559891,4.94601641744566
388.28222960853236,9695723533.32625,10241628384.803244,4.050496674445313,4.278554516427998,4.769819659524153,4.936972942664444
390.9770606370808,10058676332.363096,10196921969.109161,4.202124255453185,4.25987791251362,4.760982987155246,4.927799121948392
393.6905948503713,10714130453.19517,10151501997.511639,4.475947526873444,4.240903212659936,4.755192949612926,4.918492701123107
396.42296205584483,17302374062.55041,10105345801.841864,7.228259795102292,4.2216209469865325,4.770327251384793,4.909051341400843
399.1742929618572,8541423727.144317,10058441488.83707,3.568275052698142,4.202026146950203,4.778866706382112,4.899472637055444
401.9447191839307,8703363337.428064,10010779295.204718,3.6359271315410155,4.182114733826568,4.762702374100503,4.88975415328692
404.73437325105124,8891986462.512486,9962342015.502022,3.7147265463811605,4.161879519849954,4.747766312060965,4.879893411282457
407.54338861200836,9120582461.656883,9913113166.47932,3.8102250753092264,4.1413136189589235,4.734233050392371,4.869887869619027
410.3718996417783,9417367402.417011,9863076062.322666,3.9342102953335374,4.120410060468547,4.722393970312454,4.859734926605411
413.22004164795294,9861014617.384903,9812211875.31987,4.119548868847699,4.099160978892011,4.712843671979581,4.849431914363417
416.0879508772109,10856149295.200518,9760497868.25611,4.535277482525954,4.077556875504159,4.707558655771474,4.83897608235498
418.9757645218362,8060447646.72381,9707913364.04575,3.3673419291891378,4.0555891122217895,4.6971418649064045,4.828364593270147
421.8836207262821,8220605885.676904,9654441972.445555,3.434249820285118,4.033250841837934,4.67933476717279,4.817594542453944
424.8116585937781,8405977706.328034,9600065460.312843,3.5116909664257285,4.010534447253823,4.662764051398401,4.806662965783667
427.76001819298466,8628170928.83133,9544763027.276913,3.6045146639806784,3.987431238882542,4.647590858381856,4.795566827823689
430.7288405646942,8910678218.74445,9488513395.790102,3.722535236077899,3.963932327791176,4.634074954665248,4.784303014089886
433.71826772857673,9313811488.639675,9431293705.753231,3.890948657052238,3.940028163918258,4.62271338238163,4.772868326214189
436.7284426899744,10089112978.129642,9373077244.156973,4.214839503782504,3.915707587606124,4.614893124412625,4.761259467477251
439.75950944674344,7605217831.44848,9313836968.652748,3.177164595177583,3.8909593016119617,4.602245114710099,4.749473032193482
442.8116129961413,7770387178.677651,9253550316.539593,3.2461659326613206,3.8657738801157278,4.58314351930243,4.737505519165097
445.88489934176386,7962340998.822492,9192194003.425097,3.3263567825211884,3.8401415958027245,4.565329371375715,4.725353343726126
448.97951550052807,8193694547.589859,9129741234.017487,3.4230073085683,3.8140512546408782,4.548975026465752,4.713012826715902
452.0956095097062,8490411469.498449,9066164444.276428,3.5469641129585425,3.7874913414448264,4.534361307686381,4.700480183523868
455.2333304340081,8921383031.062677,9001433686.286827,3.7270072908499343,3.7604493451389294,4.522037794226221,4.687751516475667
458.39282837271077,9800796390.185106,8935515006.801252,4.094392032622389,3.7329110813752817,4.5136482001703175,4.674822798036327
461.5742544668394,7173126079.688545,8868375252.532242,2.9966534453347573,3.704862699998177,4.500322401265109,4.661689863444048
464.7777609063961,7350615649.500879,8799984211.435932,3.070801693250708,3.676291579589237,4.480176664453883,4.648348423352074
468.00350093764297,7559962063.046465,8730309431.806578,3.1582584930407225,3.647184163086346,4.461418030935179,4.634794067501971
471.2516288704294,7818135788.590535,8659315359.711039,3.266113447150234,3.617525597437284,4.444259138318407,4.621022251047468
474.52230008557717,8163235657.9433155,8586965322.576999,3.4102827676099525,3.587300562265836,4.4290679351233315,4.607028284311188
477.8156710423115,8714877813.652193,8513218206.16009,3.640737432442594,3.556491881637734,4.416660690106211,4.592807318785892
481.1318992857465,10424647033.028858,8438028131.51927,4.355012598535152,3.5250803891135187,4.410924545261183,4.578354322895372
484.4711434544201,6765336415.088828,8361353889.364643,2.826294763524482,3.493048869052593,4.399619676830842,4.563664084330266
487.83356328788403,6965621716.414511,8283154435.229524,2.9099661825961483,3.4603801746710943,4.378582673089191,4.5487312263588064
491.21931963434616,7209305699.43295,8203382628.968455,3.011767885113666,3.4270546126473485,4.359109076111505,4.533550193004767
494.62857445836346,7526095005.552984,8121989539.153198,3.144110151941775,3.3930517413313153,4.341512013626381,4.518115228920779
498.0614908485912,7998246635.477276,8038921712.195688,3.3413567628077705,3.358349229890236,4.326422114959976,4.502420363983574
501.5182330255821,9053756572.95551,7954120369.176614,3.78230781477458,3.3229225227748143,4.315928957389901,4.486459387978974
504.99896634964625,6191588362.793143,7867528117.77293,2.586605113772693,3.28674764370181,4.300356834742535,4.470225842664473
508.5038573287569,6390980254.586758,7779087064.170157,2.6699033010451934,3.249800406884346,4.277388130694111,4.453713027697671
512.0330736265197,6633938250.706663,7688733462.654799,2.771401714436521,3.2120541818394406,4.256004725115616,4.436913985677849
515.5867840701909,6949796526.092893,7596399702.83629,2.903355032788725,3.1734807235721547,4.2365193333452185,4.419821477815181
519.1651586587548,7418720741.656717,7502011902.220837,3.0992533552996333,3.13404916684645,4.219555090989187,4.402427958684765
522.768368571054,8445432712.850298,7405489101.124293,3.5281737355722846,3.0937256898510648,4.207121187550653,4.384725542125031
526.3965861739797,5618681332.2657,7306750550.981017,2.3472668102472785,3.0524765589718466,4.189654610409003,4.366705986288643
530.0499850307181,5824260915.767937,7205712737.638595,2.4331499747627987,3.0102668852399153,4.164936572024513,4.348360691169131
533.7287399090511,6078503862.580507,7102283296.773466,2.5393628022042805,2.96705808242866,4.141878052424342,4.329680670129142
537.4330267897185,6417094714.363086,6996363627.794782,2.680812907957496,2.9228089590412356,4.120838286207621,4.310656511946924
541.1630228748338,6946072559.180311,6887844833.371617,2.901799304065303,2.877474022002757,4.102578949686475,4.291278339167061
544.9189065963646,8370255840.163773,6776607728.553101,3.496767758311761,2.831003480470334,4.090183968180974,4.271535755438266
548.7008576246646,5036935888.961719,6662533095.350644,2.1042361611804816,2.783347529799203,4.072433750556495,4.251417823128231
552.5090568770715,5257081956.543934,6545491881.61002,2.1962046369284765,2.7344522570121907,4.046029330532398,4.230913042348136
556.34368652656,5538340882.05269,6425338952.598563,2.3137036908686466,2.68425703045556,4.021427041323106,4.2100092842461185
560.2049300104572,5935645687.254555,6301921067.891948,2.4796822056932344,2.6326978322324517,3.9991110313712617,4.188693730318199
564.0929720392162,6655319453.103319,6175064635.716726,2.7803339502728277,2.5797021424428674,3.980309979606596,4.16695280010292
568.007998605253,23983173654.906647,6044574486.7849,10.019238357812098,2.5251884269393776,4.0137197341208175,4.144772041321
571.9501969918451,4435628400.634173,5910257619.404367,1.8530332495650532,2.469076057111923,4.039935146336938,4.122136086390514
575.9197557820889,4683637477.710484,5771897768.545291,1.9566418083772925,2.411274685831571,4.010606483199648,4.099028604213995
579.9168648679222,5021817866.627926,5629243438.742519,2.097920438689351,2.3516792480619957,3.983363701942978,4.075432145447097
583.941715459206,5569873224.503971,5482017224.648721,2.326876678711934,2.2901738546245323,3.959040323774816,4.051327982509856
587.9945000928725,7243250312.06994,5329906994.693972,3.025948625739043,2.2266281090736113,3.9414366990710668,4.026695953062663
592.0754126421377,3576563002.5961437,5172580466.85232,1.4941490955435597,2.160903196885854,3.918302073994041,4.001514322391405
596.1846483257725,3800286600.3649497,5009657164.999336,1.5876121244390018,2.0928401699155748,3.8856442209715345,3.975759608613893
600.3224037174436,4104533080.041374,4840695355.731324,1.7147144855887608,2.022254489105268,3.854950827560545,3.94940629247935
604.4888767551142,4585569340.515682,4665187816.829785,1.9156727499866273,1.9489342567144332,3.826934225539494,3.922426481614752
608.6842667505169,5807035980.295451,4482548999.518794,2.425954065802624,1.8726348532093702,3.8041952156655596,3.8947895303175217
612.9087743986839,2635279446.469465,4292126153.166245,1.1009173887301142,1.793083584731235,3.77612859677391,3.8664616598936465
617.1626017875511,2834560147.3462276,4093139089.377488,1.1841691247566202,1.709954518874147,3.739951423469702,3.837405442577687
621.4459524076235,3112802014.9282,3884646529.645962,1.3004077690886737,1.6228544260408047,3.705642281243688,3.8075790233922775
625.7590311617106,3567834540.1906824,3665504539.7965045,1.490502682996335,1.5313054149674616,3.67391036322289,3.7769351367796613
630.1020443747268,4784552939.195923,3434327200.177906,1.998800368255975,1.4347285022580902,3.6474190444476005,3.7454199046338235
634.4751998035622,1527509852.0654972,3189487962.4989724,0.6381342820581801,1.3324441792177837,3.6153925086653174,3.7129715422843654
638.8787066470222,1685549918.5269969,2928906801.7181063,0.7041572829648295,1.2235834921800315,3.57494718321123,3.6795184732532893
643.312775555834,1923572782.666403,2650011751.7378154,0.803593989913492,1.1070719736139816,3.536194783214091,3.6449767504953634
647.7776186427237,2363191938.195871,2343656214.48864,0.987249796659013,0.9790885301339273,3.499921255164316,3.6092298883170804
652.273449492561,4011099056.2667575,2000142110.4604027,1.6756813797789363,0.8355816808298098,3.4701482240598014,3.5721089206350776
656.8004831725812,0.0,1622599725.3118634,0.0,0.6778591374579811,3.4339468236472155,3.533428483449259
661.3589362426677,0.0,1197066039.7663093,0.0,0.5000876929399656,3.386772624196514,3.4929745048638203
665.949026765717,0.0,684727538.8365576,0.0,0.2860525683746593,3.340246485187077,3.4503841639741832
670.5709743180663,0.0,0.0,0.0,0.0,3.2943595038216054,3.404942198429701
675.2249999999999,0.0,0.0,0.0,0.0,3.249102899605889,3.3581664530160733
