R_kpc,Sigma_bar,Sigma_eff,kappa_bar,kappa_eff,kappa_bar_mean,kappa_eff_mean
1.0,40445504725.87253,40448549729.722885,19.440690073217773,19.442153696345432,0.0,0.0
1.0120606264911474,40445551300.650696,40448594065.05688,19.440712460027722,19.442175006735628,0.460585010722148,0.4606196737461341
1.0242667116936537,40445605797.04506,40448639484.59094,19.44073865447183,19.442196838261555,0.910258513916571,0.9103269540682757
1.0366200099307066,40445638362.935074,40448686014.87095,19.44075430771634,19.44221920368285,1.3492789419427027,1.3493803875969859
1.0491222966837304,40445686788.26279,40448733683.38657,19.44077758401847,19.442242116212803,1.7778986519405633,1.7780323958380908
1.0617753688475675,40445736551.43354,40448782518.21353,19.44080150337332,19.442265589346395,2.1963641529599136,2.196529420296542
1.0745810449887383,40445787880.88386,40448832548.2309,19.44082617558206,19.442289636964755,2.6049160329296277,2.6051120641612746
1.0875411656068144,40445839705.03094,40448883803.064735,19.44085108557363,19.442314273308053,3.0037891749747643,3.0040152306341716
1.1006575933989453,40445891280.14931,40448936312.8459,19.440875875866112,19.44233951285911,3.393212887093766,3.393468257980093
1.113932213527575,40445949104.69797,40448990108.42183,19.440903670033517,19.442365370445163,3.7734110775821645,3.7736950513771372
1.127366933891388,40446001496.84495,40449045221.52791,19.440928853042074,19.442391861320267,4.144602319813153,4.144914211645357
1.1409636853995222,40446055348.07927,40449101684.71295,19.440954737381105,19.442419001129462,4.506999982123711,4.507339160926169
1.1547244222490889,40446114516.331856,40449159531.41548,19.440983177418346,19.44244680594543,4.860812438875509,4.861178265384214
1.1686511222060412,40446176988.85768,40449218795.84964,19.441013205700127,19.442475292213672,5.2062431379745675,5.2066349550019755
1.1827457868894284,40446231879.37102,40449279512.97301,19.441039589582957,19.44250447673703,5.543490633533308,5.5439078405354305
1.19701044205908,40446295053.748436,40449341718.7727,19.441069955219394,19.442534376813214,5.872748804828152,5.87319082770024
1.2114471379067577,40446360078.7307,40449405450.24317,19.44110121037459,19.44256501022412,6.194206990735705,6.194673228654195
1.2260579493508208,40446428223.903595,40449470745.26368,19.44113396529248,19.442596395176924,6.508050015217177,6.508539870837569
1.2408449763344431,40446492334.2363,40449537642.58279,19.44116478080874,19.442628550296664,6.814458289624694,6.814971203234096
1.2558103441274293,40446564321.258575,40449606181.83619,19.44119938236456,19.442661494634788,7.113607978776291,7.114143400114454
1.2709562036316695,40446629646.239296,40449676403.758575,19.441230781718154,19.44269524777098,7.405671057968401,7.406228462323186
1.2862847316902777,40446702982.50711,40449748350.21031,19.441266031807462,19.44272982982601,7.690815429858259,7.691394316167287
1.3017981314004599,40446780055.090096,40449822064.107704,19.441303077808225,19.44276526142819,7.96920507774906,7.969804909961725
1.3174986324301545,40446852420.98604,40449897589.385185,19.4413378614749,19.442801563695205,8.24100002732899,8.241620308286993
1.3333884913384921,40446933373.18026,40449974971.02561,19.441376772264352,19.442838758248694,8.506356541348403,8.506996784013499
1.34946999190012,40447007385.025734,40450054255.20145,19.441412347079385,19.442876867282084,8.76542716671155,8.766086908146715
1.3657454454334392,40447090128.2868,40450135489.35558,19.441452118769835,19.44291591359946,9.018360838104586,9.019039637544996
1.3822171911327976,40447177505.77378,40450218722.15274,19.441494117964933,19.442955920592187,9.265303026914042,9.266000400559374
1.3988875964046932,40447258430.288574,40450304003.45846,19.441533015449885,19.44299691222883,9.506395671352077,9.507111180644012
1.415759057208029,40447348483.1478,40450391384.3548,19.441576300599575,19.44303891306268,9.741777373359797,9.742510597985738
1.4328339983984741,40447433152.039696,40450480917.17484,19.441616997871062,19.443081948248363,9.971583456209926,9.972333989199926
1.4501148740769754,40447526187.5452,40450572655.72996,19.44166171667085,19.44312604365105,10.195946033752069,10.19671348513972
1.467604167942475,40447622083.050934,40450666655.327484,19.441707810169227,19.44317122585498,10.414994136105271,10.415778086863211
1.4853043936488803,40447718173.87655,40450762972.59164,19.4417539975508,19.443217522077358,10.628853690004648,10.629653739799922
1.5032180951663396,40447822463.71705,40450861665.47145,19.44180412590204,19.443264960172197,10.837647669519455,10.83846340615912
1.5213478471468749,40447916881.064514,40450962793.500015,19.441849508903243,19.44331356875489,11.041496077028134,11.042327135624236
1.5396962552944244,40448023279.21246,40451066417.8601,19.441900650641557,19.44336337723378,11.24051609473373,11.241362134374237
1.5582659567393489,40448129210.40637,40451172601.23562,19.441951567931966,19.44341441573876,11.434822180966579,11.43568283246926
1.5770596204174525,40448236720.9913,40451281407.91392,19.442003244378466,19.44346671517043,11.624526023604489,11.625400949639511
1.5960799474535783,40448347497.44762,40451392903.87814,19.442056490611126,19.443520307244498,11.809736685681555,11.81062555951664
1.615329671549826,40448462315.5216,40451507156.83592,19.442111679503096,19.443575224505565,11.990560660321963,11.991463152344005
1.6348115593784562,40448579327.3031,40451624236.26665,19.442167922830865,19.44363150034987,12.167101911442847,12.168017696201698
1.65452841097953,40448701200.32105,40451744213.42744,19.44222650277903,19.443689169028122,12.339461944690994,12.340390696781293
1.6744830601633456,40448835985.10648,40451867161.39794,19.44229128894644,19.443748265667065,12.507739922073954,12.508681255744758
1.6946783749177292,40448947065.415215,40451993155.30603,19.442344681229955,19.44380882637795,12.672032492099232,12.672986127702256
1.7151172578202367,40449079111.84262,40452122272.33181,19.442408151167786,19.443870888258456,12.832434062133146,12.833399775841349
1.7358026464553273,40449210561.72594,40452254591.554085,19.442471334368467,19.443934489318906,12.98903693217607,12.990014426237398
1.7567375138365704,40449346613.79811,40452390194.08563,19.442536729674742,19.443999668547274,13.141931123215082,13.142920120877163
1.7779248688339402,40449484838.86469,40452529163.238144,19.442603169460767,19.444066465988474,13.291204538988056,13.292204769427839
1.7993677566062685,40449626704.58057,40452671584.559525,19.442671359175126,19.444134922762284,13.436942995294082,13.437954199780831
1.8210692590389104,40449772171.96522,40452817545.873886,19.442741280081293,19.444205081082583,13.579230282885662,13.580252207398402
1.8430324951866892,40449922689.18018,40452967137.34711,19.442813628258097,19.44427698428884,13.718148215436893,13.719180603491868
1.8652606217221832,40450076377.811874,40453120451.53129,19.44288750082012,19.4443506768675,13.853776665746128,13.854819262058978
1.88775683338942,40450236014.9692,40453277583.43915,19.442964232623094,19.44442620448774,13.986193619558161,13.987246165807578
1.9105243634630407,40450393336.138374,40453438630.64127,19.443039851214394,19.44450361404821,14.115475183374347,14.116537450992201
1.9335664842130058,40450557544.37317,40453603693.356606,19.44311878016884,19.44458295372052,14.24169566653692,14.242767451189545
1.9568865073748998,40450730732.697334,40453772874.52113,19.44320202552719,19.44466427298228,14.364927681942786,14.366008740037653
1.9804877846259143,40450900899.57739,40453946279.84012,19.443283818586725,19.44474762264218,14.485242065260312,14.486332172963253
2.0043737080665673,40451084146.47707,40454124017.882576,19.44337189873822,19.444833054885418,14.602707998237824,14.603806927921358
2.0285477107082346,40451261469.637344,40454306200.12738,19.443457131562607,19.444920623295854,14.717393005860693,14.718500545170434
2.0530132669665586,40451445366.50087,40454492941.07968,19.443545524128197,19.445010382911967,14.829362977355402,14.830478966106165
2.0777738931608125,40451639517.40257,40454684358.470375,19.44363884543876,19.445102390322734,14.938682332728323,14.939806571176982
2.102833148019282,40451834444.1491,40454880573.265915,19.44373253966985,19.44519670367236,15.045413932299095,15.046546216902493
2.1281946331907466,40452043178.99719,40455081709.70961,19.443832870955532,19.445293382680095,15.149619168118615,15.15075927201516
2.153861993762124,40452243917.9975,40455287895.476616,19.443929358926617,19.44539248871477,15.251357926616157,15.252505652746837
2.1798389187823672,40452469292.618034,40455499261.697266,19.444037688348587,19.445494084805993,15.35068873891294,15.351843857280354
2.206129141792668,40452666949.87576,40455715943.111565,19.444132695037567,19.4455982357184,15.447668634230405,15.448830999385827
2.232736441363065,40452891369.20106,40455938078.42254,19.444240565283696,19.44570500812152,15.542353306419653,15.543522841263021
2.2596646416355184,40453123194.552444,40456165810.28393,19.44435199533848,19.44581447058384,15.634797327313555,15.635973825607554
2.2869176128735367,40453358416.91365,40456399285.12859,19.44446505821292,19.445926693490335,15.725053843326252,15.726237106916273
2.314499272018431,40453593518.256744,40456638653.36725,19.444578062918335,19.446041749137994,15.813174698896786,15.814364582051201
2.3424135832522777,40453832618.44147,40456884069.69054,19.44469298972217,19.446159711881005,15.899210513864082,15.900406920082167
2.3706645585676736,40454086081.11182,40457135693.402016,19.44481482005295,19.446280658290824,15.9832107914731,15.984413591426062
2.399256258344359,40454346445.91293,40457393688.51219,19.44493996798815,19.446404667201367,16.06522387807102,16.066432896298103
2.4281927919327986,40454615036.56237,40457658223.71279,19.445069069790875,19.446531819696634,16.14529693995195,16.14651199248953
2.4574783182447963,40454888296.79348,40457929472.29174,19.445200416092483,19.446662199069866,16.22347601307764,16.22469692248642
2.4871170463512398,40455163314.47291,40458207612.385605,19.445332607135878,19.446795890944856,16.29980600592709,16.301032639947103
2.5171132360870474,40455446358.20698,40458492827.439415,19.445468656013215,19.446932983496993,16.374330782441813,16.375563035556265
2.547471198663417,40455741037.69239,40458785306.28651,19.44561029777503,19.447073567491625,16.44709322350328,16.448330962269615
2.578195297287452,40456045192.86681,40459085243.25247,19.44575649415755,19.447217736334032,16.518135202125265,16.51937825996149
2.6092899477892684,40456355702.13876,40459392838.34853,19.445905744724744,19.447365586162363,16.587497569168917,16.588745779490214
2.6407596192566607,40456663671.12663,40459708297.5131,19.446053774269334,19.447517215963764,16.655220139050677,16.656473406195808
2.6726088346774195,40456988566.77459,40460031832.780106,19.446209939846717,19.447672727655267,16.721341844079202,16.722600082843297
2.7048421715894047,40457316849.244576,40460363662.49732,19.446367733346854,19.447832226188744,16.785900726808865,16.787163832024653
2.7374642627384485,40457660662.14835,40460704011.58114,19.446532991764343,19.44799581967336,16.84893392142446,16.850201778032723
2.770479796744201,40458007899.063644,40461053111.679,19.446699895980224,19.44816361945366,16.91047768171956,16.91175016821926
2.803893518774003,40458364833.537674,40461411201.46039,19.446871461461555,19.44833574024942,16.97056736998602,16.97184439384954
2.837710231224885,40458736988.33918,40461778526.90774,19.44705034280336,19.448512300295494,17.02923757786106,17.030519010466246
2.8719347944137956,40459115218.38306,40462155341.49412,19.44723214429426,19.448693421427212,17.086522056318397,17.087807757773497
2.9065721272761507,40459498660.01405,40462541906.45701,19.44741645080644,19.448879229211975,17.14245370000471,17.143743579052394
2.941627208072808,40459895777.75327,40462938491.05221,19.447607330928797,19.449069853071297,17.197064667830524,17.198358640119597
2.977105075105571,40460295674.60628,40463345373.02038,19.44779954687055,19.44926542650506,17.25038634229315,17.25168434784083
3.013010827441318,40460717181.98195,40463762838.99573,19.448002150208286,19.449466087287956,17.302449408574713,17.303751368210747
3.0493496256448713,40461144096.50661,40464191184.614136,19.448207352566815,19.449671977521447,17.35328383863847,17.3545896440074
3.086126692520694,40461587169.95755,40464630714.76304,19.448420321936286,19.44988324375389,17.402918864237375,17.404228412030445
3.123347313863546,40462035946.04541,40465081744.03476,19.4486360323569,19.450100037198425,17.451383025530507,17.452696219935014
3.161016839218183,40462500565.07649,40465544597.21294,19.448859357906837,19.450322513966793,17.498704185413253,17.5000209426721
3.1991406826482205,40462972953.28551,40466019609.6956,19.449086417819377,19.450550835272683,17.54490955780417,17.546229798544555
3.237724323514275,40463462658.52024,40466507127.85262,19.44932180139934,19.450785167603556,17.590025720870074,17.59134936488721
3.2767733072614837,40463965948.495964,40467007509.41323,19.449563714672554,19.4510256829069,17.634078655753367,17.635405593379733
3.3162932462165258,40464477436.61141,40467521123.99251,19.449809568494775,19.45127255884331,17.677093676078275,17.678423825001865
3.356289820394258,40465001888.43827,40468048353.5952,19.45006165350381,19.45152597902864,17.719095492554366,17.720428804640246
3.396768778314074,40465544864.58567,40468589593.10255,19.450322642483187,19.451786133268005,17.760108289273585,17.761444695354815
3.4377359378261105,40466102539.895905,40469145250.82198,19.450590696818054,19.452053217820012,17.80015568692457,17.801495092313083
3.4791971869474256,40466668310.35262,40469715749.12416,19.45086264219681,19.45232743570294,17.839260687102147,17.840603036401102
3.521158484708249,40467256011.616646,40470301525.03317,19.451145128920786,19.452608996978455,17.877445788325982,17.87879102751889
3.56362586200845,40467853632.02872,40470903030.80263,19.451432383420173,19.452898119028493,17.914732965589074,17.916081037567533
3.606605422484327,40468479949.75886,40471520734.704254,19.45173343168157,19.453195026934328,17.951143712836117,17.952494523136362
3.6501033433858567,40469110084.601776,40472155121.71883,19.452036314690908,19.45349995380866,17.98669897854741,17.98805243789801
3.6941258764645224,40469763504.8493,40472806694.238014,19.45235039015135,19.453813141132976,18.021419185595015,18.02277524471767
3.7386793488718437,40470438127.51444,40473475972.90729,19.452674656846458,19.454134839162712,18.05532437125111,18.05668292748434
3.7837701640687524,40471123991.9349,40474163497.50735,19.453004327046415,19.454465307350908,18.08843402922492,18.089795002671497
3.8294048027459335,40471824085.950645,40474869827.89211,19.453340836897745,19.45480481479908,18.12076715212424,18.122130530634344
3.875589823755259,40472553255.08939,40475595544.93925,19.453691322108238,19.455153640714094,18.152342384533984,18.153708126650063
3.922331865052462,40473294319.15567,40476341251.58569,19.45404752477982,19.45551207490591,18.183177914929086,18.18454597170787
3.9696376446511854,40474058722.10716,40477107573.94543,19.454414945608704,19.45588041832486,18.213291469182362,18.214661823055675
4.017513961588521,40474858530.70033,40477895162.511604,19.454799384647927,19.456258983639447,18.242700487097746,18.244073024510097
4.06596769690221,40475664211.070946,40478704693.42785,19.455186646038023,19.456648095847445,18.271421894423312,18.272796516536314
4.115005814619619,40476487690.21588,40479536869.799286,19.45558246265465,19.45704809290603,18.299472117069314,18.300848846103765
4.164635362758645,40477346222.21412,40480392423.12723,19.455995127909016,19.457459326421407,18.32686735812252,18.328246176324026
4.214863474340702,40478223292.770195,40481272114.88075,19.456416703977077,19.457882162404196,18.35362343984932,18.355004295877492
4.265697368415905,40479129514.3186,40482176738.16528,19.45685229187194,19.45831698207147,18.37975577697954,18.381138628235085
4.317144351100639,40480064296.58037,40483107119.49496,19.457301607867873,19.45876418269865,18.405279475723233,18.4066642406812
4.369211816627631,40481015618.719635,40484064120.73682,19.45775887398421,19.459224178554035,18.430209212200808,18.43159585314396
4.421907248408684,40482002401.69786,40485048641.184265,19.45823318484222,19.459697401895397,18.454559355173743,18.455947846839177
4.4752382201102385,40483018126.45997,40486061619.67183,19.45872140696811,19.460184303986523,18.47834400272869,18.47973427273337
4.529212396741896,40484048355.44284,40487104037.07939,19.45921660074789,19.460685356300857,18.501576799348395,18.502968859832603
4.583837535758073,40485126982.42602,40488176919.19342,19.45973505769451,19.46120105189683,18.524271178684575,18.525665023305493
4.639121488172954,40486236871.20743,40489281339.2911,19.46026854105592,19.461731906659924,18.54644034979585,18.547835872444743
4.695072199688863,40487367000.74385,40490418421.0167,19.46081175341559,19.462278460685276,18.568097048679007,18.569494218471238
4.75169771183828,40488540136.79965,40491589341.96378,19.461375637452374,19.46284127999948,18.589253777618573,18.59065258218991
4.8090061631396015,40489762167.03696,40492795337.3355,19.461963023152332,19.463420958319983,18.60992290527109,18.611323201505627
4.867005790266854,40490988219.330215,40494037703.87255,19.462552342108996,19.464018118943095,18.63011628355168,18.631518038804074
4.925704929233514,40492268742.71478,40495317804.19487,19.463167843347502,19.464633416830893,18.64984551859004,18.651248788204985
4.9851120165906035,40493585292.398506,40496637071.53521,19.463800661123933,19.465267540886487,18.66912212142325,18.670526882695157
5.0452355906392325,40494949530.71543,40497997015.038956,19.46445640110011,19.46592121650143,18.6879572927803,18.689363501149643
5.106084292657776,40496350396.652565,40499399225.5326,19.46512974664747,19.466595208328435,18.70636197067316,18.707769575249632
5.1676668681438365,40497796847.81635,40500845381.78577,19.46582500336319,19.46729032329129,18.724346822679387,18.725755796304963
5.229992168071196,40499407340.29653,40502337257.54204,19.46659910880172,19.468007413964337,18.741922992859667,18.743332621990678
5.293069150161929,40500838254.89211,40503876729.34213,19.467286897651494,19.468747382332758,18.759100063426622,18.760510283008617
5.356906880173848,40502417279.35721,40505465785.1784,19.468045877554253,19.469511183952527,18.77588732177294,18.77729878968503
5.4215145332034815,40504060555.03392,40507106534.13971,19.468835740688668,19.47029983258631,18.79229520954699,18.79370793851609
5.486901395004776,40505746995.347694,40508801217.17575,19.469646351501645,19.47111440537751,18.808333325611283,18.809747318674603
5.5530768633236836,40507501515.11377,40510552219.1919,19.470489685643,19.47195604866381,18.824011064781747,18.825426318492724
5.620050449248863,40509313477.47597,40512362082.58267,19.471360630360998,19.472825984482224,18.83933767937808,18.840754131937132
5.687831778578659,40511177942.20159,40514233522.56571,19.472256811064614,19.473725517939588,18.854322114016128,18.855739765095144
5.756430593204574,40513123275.174065,40516169444.60694,19.473191862207216,19.474656045588198,18.868973235917643,18.870392042693826
5.825856752511429,40515116696.914,40518172964.17692,19.47415002787962,19.47561906492198,18.88329967500662,18.884719614676385
5.896120234794399,40517192428.61986,40520247429.27255,19.47514775697318,19.476616185201856,18.8973098672444,18.89873096286363
5.967231138693149,40519338986.854706,40522396446.22434,19.476179529815443,19.47764913986035,18.911012176635797,18.912434407732857
6.039199684643272,40521571212.571884,40524623909.47898,19.477252479915464,19.478719800817025,18.924414789043187,18.925838115352825
6.11203621634521,40523882180.07691,40526934036.05458,19.47836327834261,19.47983019503983,18.937525740716914,18.938950104520316
6.1857512022509145,40526271375.292404,40529331405.60518,19.47951167799848,19.480982523802695,18.95035283537177,18.95177825415217
6.2603552370684294,40528768025.36133,40531821007.300934,19.480711727312745,19.48217918521911,18.962903856342756,18.96433031099741
6.335859043284609,40531344846.55656,40534408294.98288,19.48195031198538,19.483422800753047,18.975186411700605,18.97661389774796
6.412273472706223,40534032395.06578,40537099252.54681,19.483242119269743,19.484716246646602,18.987207949874367,18.988636521643862
6.489609508019627,40536841848.93196,40539900471.88379,19.484592522046455,19.486062691383204,18.998975979795343,19.00040558369114
6.567878264369249,40539753690.3455,40542819246.4232,19.485992138810953,19.487465640650345,19.01049778396141,19.01192838863821
6.647090990955133,40542798662.25277,40545863684.63726,19.487455746584725,19.488928991897108,19.021780537965174,19.02321215589553
6.727259072649714,40545970480.91539,40549042848.86105,19.48898032500219,19.49045710105993,19.032831385400986,19.034264031634077
6.808394031634124,40549305856.78061,40552366926.53558,19.49058351944649,19.49205486487294,19.043657475332505,19.04509110236383
6.89050752905422,40552778447.14855,40555847443.87826,19.49225266793535,19.493727823571614,19.05426584433007,19.05570041038358
6.973611366696582,40556429066.84018,40559497535.86856,19.49400738867579,19.49548229066513,19.064663446949904,19.06609897162059
7.057717488684729,40560253319.15549,40563332291.83847,19.495845568333273,19.497325519049166,19.074857278800135,19.07629379655516
7.142837983195795,40564291104.02692,40567369204.345726,19.49778638536102,19.499265916763033,19.084854373413883,19.086291915176563
7.228985084197899,40568534984.0244,40571628762.477554,19.499826264855617,19.501313332169296,19.094661780909632,19.09610040728674
7.3161711732084855,40573046701.60985,40576135250.88153,19.501994884183553,19.50347943801898,19.104286695944133,19.105726440020852
7.404408781073854,40577828080.413445,40580917849.535,19.50429311989784,19.505778260070947,19.113736502613285,19.11517731530072
7.493710589770156,40582911593.428894,40586012187.60416,19.506736580591095,19.508226923975673,19.12301860639793,19.12446053128901
7.58408943422613,40588352224.83637,40591462605.3061,19.50935169516841,19.510846742470488,19.132140736069914,19.133583864137883
7.67555830416779,40594208212.541916,40597325566.3997,19.51216645648311,19.513664855640407,19.141111082078105,19.142555480149383
7.768130345985381,40600531402.985794,40603675037.68256,19.5152057852423,19.516716816647588,19.14993826741532,19.151384095406236
7.861818864622859,40607448055.45037,40610611444.74094,19.518530369712675,19.520050896436118,19.158631727434877,19.160079213366146
7.956637325490131,40615086517.95701,40618277666.5723,19.522201902142147,19.523735771768155,19.16720212372769,19.168651499132114
8.052599356398389,40623646973.13314,40626890429.48279,19.526316603073507,19.52787561513398,19.17566173836255,19.17711341520622
8.149718749518765,40633469783.675026,40636810838.75702,19.53103807253438,19.532643996772606,19.184025645015605,19.185480423870473
8.24800946336461,40645179387.52553,40648740712.95836,19.536666455240457,19.538378255462973,19.192314063407665,19.193773684880835
8.3474856247977,40660271680.50504,40660690506.03094,19.543920774164096,19.544122088433724,19.200558836914492,19.202006432641735
8.448161531058608,40685542008.80106,40667051490.09537,19.556067306239317,19.54717958321826,19.20883844480023,19.210148200729705
8.550051651821585,40690828156.63758,40667783641.0011,19.558608166156073,19.54753150165621,19.217095197195217,19.218137271196976
8.653170631274223,40680476462.155334,40667245115.94942,19.55363248132964,19.547272652157424,19.22512695594571,19.225938125402088
8.757533290222188,40700937209.78362,40666717543.08789,19.56346722207534,19.547019066979995,19.233027039454598,19.233548093535113
8.863154628219347,40703877397.58171,40666204332.68908,19.564880463920808,19.546772385318505,19.240872600285865,19.240971842284072
8.970049825723585,40691551675.32763,40665674047.70374,19.558955935400412,19.54651749652134,19.248478324482956,19.248213767003993
9.078234246278617,40697076283.18364,40665136657.18563,19.561611414416753,19.546259192351773,19.255865739877997,19.25527803809279
9.187723438722127,40697239238.647705,40664599866.49391,19.56168974120966,19.54600117649704,19.26311033556231,19.26216882770316
9.298533139420517,40683389815.6658,40664053719.41762,19.555032824904398,19.545738663366926,19.27010488628343,19.26889019572311
9.410679274530622,40684148113.268364,40663494891.54228,19.555397311113055,19.545470055035732,19.276859682676516,19.275446030462543
9.524177962288718,40703597429.54667,40662930370.357124,19.56474589342066,19.545198710136596,19.28357014376912,19.28184014931943
9.639045515327101,40679377024.297134,40662362294.20405,19.553104021348712,19.544925656493064,19.290092965504257,19.288076331046753
9.755298443018628,40691745850.160675,40661787224.76489,19.559049268213908,19.544649241430054,19.296395017089566,19.294158257279815
9.872953453849549,40682537858.062035,40661205190.22786,19.554623319723476,19.54436947849662,19.302565022822083,19.300089503130796
9.992027457820912,40693802137.014046,40660614940.7442,19.560037650870743,19.544085766935705,19.30860125707397,19.305873552011434
10.112537568878977,40690117222.47231,40660015424.21541,19.558266445837262,19.543797601041646,19.31453712800348,19.31151379170493
10.234501107374921,40710449762.33434,40659408245.140366,19.56803956175059,19.543505752038975,19.320427977040953,19.317013532967803
10.357935602554209,40703724070.464836,40658795086.75395,19.56480676512587,19.543211028997764,19.32625581375473,19.322376026841507
10.48285879507597,40693789974.20853,40658174722.97114,19.5600318046504,19.542912842583327,19.331850610033225,19.327604449848206
10.60928863956282,40696791499.49782,40657546888.214745,19.561474529207594,19.542611065142324,19.337273823752017,19.332701894791953
10.737243307181362,40692365575.224884,40656909940.080345,19.559347147619434,19.5423049072304,19.342560187955854,19.33767137029191
10.866741188253847,40703766541.21823,40656264400.70174,19.564827179279668,19.54199461981837,19.347761564044358,19.342515807382853
10.997800894901342,40676812656.227776,40655611835.38784,19.551871422442904,19.541680955293575,19.352749844512115,19.347238079579384
11.130441263718758,40699706567.684135,40654951664.291245,19.562875696964962,19.54136363494435,19.35759852794519,19.351840997855252
11.264681358482123,40686854367.71735,40654281120.573135,19.55669810966554,19.54104132885143,19.3623882937991,19.356327287456942
11.400540472888565,40684174409.821526,40653601744.66698,19.555409950914274,19.540714777445427,19.366976490263706,19.360699602228944
11.538038133329287,40717905191.3758,40652916702.90037,19.57162311661881,19.540385502665394,19.37163402690975,19.364960559996696
11.677194101695985,40682304311.94017,40652223813.20089,19.55451106255661,19.540052455668114,19.376168203739816,19.36911272198638
11.818028378221166,40685464728.2498,40651519297.12602,19.556030160275732,19.539713820293034,19.380411568211297,19.373158554751114
11.960561204352672,40674601512.306725,40650804633.756516,19.55080860559916,19.539370307480734,19.384510062238753,19.377100453494105
12.104813065662881,40657223526.549,40650082680.0867,19.542455636894665,19.539023290484973,19.388350430879267,19.38094078140806
12.250804694792999,40686789076.71487,40649352148.40815,19.556666726644053,19.538672150350916,19.392170811188894,19.384681854491305
12.39855707443289,40669318857.778305,40648610295.56487,19.548269424789154,19.53831556854278,19.3959679440341,19.38832591087106
12.548091440336803,40679502275.93675,40647858231.43217,19.553164225278014,19.537954078537446,19.39963456956527,19.391875126481057
12.699429284375467,40714389565.049225,40647098082.527054,19.56993328230245,19.537588702474668,19.403471797101354,19.39533164416565
12.852592357625056,40697788657.50806,40646328258.313835,19.561953826967937,19.537218675841512,19.407320477247637,19.398697558926333
13.007602673493352,40702948517.36568,40645548591.32363,19.564433984824614,19.53684391814175,19.41101357387063,19.401974906168924
13.164482510883603,40694643453.6597,40644759137.18706,19.560442041328283,19.536464456115,19.4146008064109,19.40516567244768
13.32325441739661,40691421587.12509,40643959435.77253,19.558893406710393,19.53608006859267,19.418037591375693,19.408271794931018
13.483941212571365,40693878582.446236,40643149382.30058,19.56007439542282,19.535690705211064,19.421388791478915,19.41129516168799
13.646565991164776,40677189472.20865,40642329109.76749,19.552052544244905,19.535296429896672,19.424578906056205,19.414237616224646
13.811152126471006,40679034752.385086,40641498679.68695,19.552939503630167,19.53489727221691,19.42760955451217,19.417100959476187
13.977723273680795,40679778421.738174,40640657317.77152,19.553296958568815,19.534492859999826,19.43058310508498,19.419886945623443
14.146303373281274,40687365985.4122,40639804681.725746,19.55694402577189,19.53408302871639,19.433533877654096,19.422597280944604
14.316916654496875,40695845005.1679,40638941604.59797,19.561019583644452,19.533668178782776,19.43650625297034,19.425233634127483
14.489587638771654,40683813787.991554,40638067499.10949,19.555236613054415,19.53324802791538,19.439387281546246,19.427797635676608
14.664341143293623,40684756866.74708,40637182104.16972,19.55568991687458,19.532822450617406,19.442137361540556,19.430290872647532
14.84120228456165,40673196938.351776,40636285989.33146,19.550133477741856,19.532391720652264,19.444761409283405,19.432714896280334
15.020196481995317,40673730270.54626,40635376842.39567,19.550389831222155,19.53195472662958,19.44726091712549,19.435071211042636
15.201349461588306,40684033024.51216,40634455436.27237,19.555341992113934,19.531511840059217,19.44976324009878,19.437361277099278
15.384687259605924,40697080610.74955,40633523331.699265,19.561613494521037,19.531063811131297,19.452339326579708,19.439586533335625
15.570236226327143,40676387908.94054,40632579132.963394,19.55166726179695,19.530609968977117,19.454809698931,19.441748385385978
15.758023029831811,40685789175.599625,40631622802.6887,19.55618611037243,19.530150295631366,19.457158278628736,19.443848197469173
15.948074659833509,40659564546.295105,40630653772.97677,19.54358088034626,19.52968451812583,19.459354209927874,19.44588729801876
16.14041843155869,40696346014.94478,40629672087.90245,19.56126040090862,19.529212657645694,19.46156037560375,19.44786698103364
16.335081989672556,40682486302.103355,40628678186.864174,19.554598538640363,19.528734925393877,19.463843058897833,19.449788512621875
16.532093312252265,40688156660.03589,40627671422.57874,19.557324074442615,19.528251010244777,19.46602569859337,19.451653127674426
16.731480714808132,40670528716.42879,40626651261.49888,19.54885096004791,19.527760655741528,19.468087747261446,19.45346202510581
16.933272854353273,40673502114.20331,40625618019.542595,19.550280164726917,19.52726401373449,19.470018204018114,19.455216374215958
17.13749873352231,40676309411.5155,40624571664.53032,19.551629530926192,19.5267610687561,19.471935833788628,19.4569173182057
17.34418770473983,40680018994.878914,40623510928.943245,19.55341259336929,19.52625121155596,19.47384516869331,19.458565965748868
17.553369474439055,40691591492.991615,40622436186.32255,19.55897507431017,19.52573462168178,19.47579655093419,19.460163394218636
17.765074107331372,40676849239.21149,40621347961.079834,19.55188900655894,19.52521155119924,19.477682755061576,19.46171066058127
17.979332030727445,40692345691.85104,40620245574.2798,19.559337590401366,19.524681673768722,19.479529598016033,19.463208795840703
18.196174038910378,40680850446.50637,40619128677.931946,19.55381224206968,19.52414482212378,19.481354547170604,19.464658800738633
18.415631297561585,40691534542.355,40617997148.35383,19.55894770020065,19.523600936814745,19.483132398399007,19.466061649629385
18.637735348240156,40682640761.3556,40616850865.825516,19.554672781611792,19.523049960296582,19.48487765481499,19.467418292397323
18.862518112916142,40686258936.99004,40615689518.81993,19.556411907668355,19.522491742829498,19.486551951285666,19.468729653960335
19.090011898558522,40668970230.45089,40614513092.0324,19.548101852252493,19.52192627705709,19.48810802858256,19.469996635472494
19.320249401778593,40690785931.62213,40613321290.685936,19.558587870119613,19.521353421290733,19.489654350484688,19.471220114962833
19.553263713529255,40682125601.77373,40612113650.689606,19.55442516304856,19.520772952458714,19.491237902377282,19.472400945331604
19.789088323861044,40699160076.247894,40610890089.04924,19.56261301831349,19.52018483066874,19.492832495541123,19.473539956170285
20.027757126735455,40694453469.65941,40609650603.78171,19.560350722896395,19.51958905496759,19.494458761471975,19.47463795693476
20.269304424896426,40761407578.87501,40608394905.25132,19.592533139587964,19.518985486137872,19.496403374655472,19.47569573623321
20.513764934800466,40673356499.42859,40607122508.45326,19.550210172975678,19.518373891055333,19.498176502234028,19.476714059572853
20.76117379160629,40669065724.12484,40605833287.91017,19.548147752604876,19.517754209407542,19.499384695367084,19.477693670860955
21.011566554224647,40680258722.07162,40604527052.43305,19.553527821553164,19.51712634929687,19.50060409322216,19.47863529457496
21.264979210429043,40691325764.21964,40603203508.81922,19.558847348108348,19.516490169791403,19.501921343344744,19.479539635266597
21.52144818202804,40682853300.130974,40601862567.714134,19.554774941307624,19.515845627941644,19.503221491817666,19.480407378624214
21.78101033010006,40705098637.1833,40600503931.38865,19.565467469590793,19.515192580639972,19.504570307112616,19.481239191879865
22.043702960291224,40680070266.83963,40599127249.48492,19.553437237944863,19.514530859482054,19.505869706807196,19.482035722765737
22.309563828177094,40680773627.793335,40597732288.6464,19.55377531809501,19.513860352301844,19.507000695626797,19.48279760034846
22.578631144689147,40701578045.55198,40596318935.829865,19.56377524863218,19.513181004763556,19.508228038337265,19.48352543682271
22.85094358160664,40661530236.42345,40594886652.13769,19.544525716436798,19.512492557838605,19.509314656397603,19.48421982615255
23.126540277114675,40669080766.52863,40593435186.34769,19.548154982943874,19.511794890773587,19.510192119043168,19.484881343740927
23.405460841429427,40687227954.41105,40591964551.07449,19.55687767926609,19.511088009631898,19.511195474747414,19.48551055000888
23.687745362491093,40652246830.73495,40590474263.2045,19.540063519363546,19.510371682198308,19.512077395254924,19.486107989404164
23.9734344117255,40686924849.66513,40588964052.557495,19.55673198778653,19.50964577860698,19.512939073117593,19.486674189193682
24.26256904987534,40692921576.00589,40587433748.21152,19.559614397068717,19.508910216701906,19.514010955035893,19.487209661644258
24.555190832901552,40699334033.932915,40585883002.70328,19.56269663347575,19.50816482947006,19.515128112908137,19.487714903928524
24.851341817956033,40684279449.05807,40584311498.978874,19.555460439473066,19.507409464515117,19.51616886329239,19.48819039765756
25.15106456942623,40659132306.4958,40582718873.20082,19.54337311832097,19.506643946953556,19.516955707646606,19.4886366091537
25.454402165052805,40690700731.120255,40581104862.212494,19.558546917322452,19.505868150295523,19.517762408052423,19.489053990124663
25.76139820212097,40661929989.9922,40579469378.23897,19.544717863507,19.505082032350785,19.51856386660761,19.489442979584222
26.072096803726463,40701410628.41072,40577812059.55067,19.563694777272552,19.504285419249026,19.519409647612513,19.489804003576346
26.38654262511724,40628119013.76206,40576131973.71583,19.528466151124668,19.503477862804054,19.52003902554122,19.49013747066297
26.70478086011153,40697533636.145256,40574429164.222145,19.561831247430113,19.50265938391883,19.520636287785756,19.490443774698214
27.02685724759327,40664305243.32231,40572703826.62625,19.545859561803237,19.501830076590345,19.521421937113367,19.490723301571382
27.35281807808605,40649590879.00951,40570955094.88034,19.538786899509407,19.50098952454077,19.521916623964426,19.49097642417542
27.68271020040616,40664542038.94997,40569182388.444336,19.54597338088991,19.500137448725503,19.52240195157607,19.491203498341815
28.016581028395926,40672229828.204575,40567385726.66887,19.5496686229016,19.499273858445694,19.523004436760022,19.491404868296886
28.354478547738374,40650158339.07483,40565564886.82984,19.539059657021856,19.498398646645928,19.523509733056677,19.491580868945352
28.696451322853907,40665730145.84584,40563719341.27606,19.5465444608676,19.497511559703383,19.52396733425551,19.491731822974504
29.042548503880234,40686191148.626,40561848753.61621,19.556379324255566,19.496612435926924,19.524619427890116,19.491858040513318
29.39281983373656,40666943081.50935,40559952735.058525,19.54712747513514,19.495701088438423,19.525261623308907,19.491959820212386
29.747315655272857,40695368493.656,40558030891.00853,19.56079054180947,19.494777327570603,19.525942485891083,19.492037449186014
30.10608691850536,40674799747.001495,40556082845.62486,19.550903889841223,19.49384097267012,19.526650280454245,19.492091203360104
30.469185187939466,40858480632.8072,40554108247.960846,19.639192642757653,19.49289185504962,19.528277020216482,19.492121347985996
30.8366626499808,40709856094.88975,40552106702.410126,19.56775420729958,19.49192978455544,19.53005348506086,19.492128137778405
31.208572120435743,40642226412.93384,40550077696.724365,19.535247067246164,19.490954514968347,19.530559298273484,19.492111816244222
31.58496705210235,40660772780.52935,40548020993.16268,19.544161634806933,19.48996593201491,19.530776593931733,19.492072616860213
31.965901542452947,40701910776.97358,40545936228.86206,19.563935180582316,19.488963861280013,19.53132934889873,19.492010764147615
32.35143034140928,40631349762.87371,40543822517.837036,19.53001905527581,19.487947876902506,19.531697664296914,19.49192647017971
32.74160885921138,40674718791.359955,40541679650.07293,19.550864977394774,19.486917877935937,19.531906313838977,19.49181993578793
33.13649317438156,40671483638.09502,40539507480.545845,19.549309956326564,19.485873794672575,19.532336947479536,19.491691355026333
33.53614004178425,40652335401.79591,40537305371.55484,19.540106092266452,19.484815320592656,19.53262938689979,19.49154091287791
33.94060690078302,40669036729.04013,40535072865.16976,19.548133815717225,19.483742235585733,19.532902189019378,19.4913687837108
34.34995188349621,40668529144.352066,40532809512.409904,19.547889838131248,19.482654323843033,19.533260146061536,19.491175132598517
34.764233823151955,40676944124.674484,40530514843.40637,19.551934614566335,19.481551359515585,19.533654950852902,19.490960115471132
35.1835122625439,40636681807.265,40528188370.10914,19.53258197600508,19.480433108015408,19.533857405322674,19.490723879109552
35.60784746258914,40691359080.0247,40525829613.16106,19.55886336180987,19.479299338932872,19.534140380797254,19.49046656130916
36.03730041098919,40660957678.042305,40523438080.79224,19.544250508348483,19.478149815891996,19.534551972537205,19.490188291070805
36.4719328309954,40664532184.95274,40521013268.41264,19.54596864443014,19.476984296354612,19.534802223067516,19.489889188665465
36.91180719028024,40655593401.24574,40518554664.31883,19.541672094668748,19.475802534363396,19.53501557401693,19.489569365727785
37.356986709915475,40662803677.02305,40516061773.03699,19.54513781323696,19.474604291762024,19.535214579531168,19.489228925513377
37.807535373458514,40651047290.62737,40513534069.827805,19.53948694385485,19.473389316327303,19.53538233784675,19.48886796302156
38.26351793614863,40660409593.50792,40510971024.962204,19.543987063952397,19.47215735343764,19.53553321079632,19.48848656499673
38.724999934213855,42026480679.47025,40508372087.26395,20.20060798586141,19.47090813816257,19.54355838435899,19.488084809972893
39.19204769429011,40593982224.73714,40505736633.989784,19.512057832325674,19.46964137117196,19.550919681296353,19.487662767936804
39.66472834295417,40623454419.51129,40503064115.79895,19.526224049517552,19.46835678841758,19.550167791947597,19.487220500545913
40.143109816371364,40690784950.764656,40500354018.38374,19.55858739865693,19.467054142690337,19.549986192667586,19.486758061941774
40.62726087005974,40638168472.91594,40497605743.36963,19.533296562369085,19.465733146373257,19.549888582235194,19.486275498644865
41.11725108877194,40641897706.73207,40494818700.06693,19.535089070073496,19.46439351554319,19.54951684872439,19.48577284930338
41.61315089649633,40636115556.78924,40491992298.32522,19.532309799898545,19.46303496653619,19.549141908536377,19.485250144926308
42.11503156657874,40641971436.20366,40489125883.98374,19.535124509161626,19.461657184920856,19.548776668367825,19.484707408700814
42.62296523196612,40639081211.98452,40486218841.24937,19.533735282999974,19.46025987470773,19.548436669009867,19.484144656035053
43.13702489557402,40667484379.211945,40483270551.69516,19.547387657346857,19.458842738641362,19.54825106085807,19.48356189494452
43.65728444077888,40658707418.26869,40480280348.527596,19.543168889930328,19.457405456218247,19.548180330649046,19.48295912593525
44.18381864203688,40631653975.58636,40477247573.34129,19.530165279314872,19.455947710966747,19.54790663790574,19.48233634195604
44.71670317563108,40639017087.25801,40474171559.934586,19.533704460565133,19.454469182667836,19.547528489439458,19.481693528580298
45.25601463054789,40576155020.349625,40471051615.32889,19.50348894048668,19.452969538231798,19.54684089808497,19.4810306639833
45.80183051948482,40657315434.15431,40467887048.16617,19.54249981355366,19.451448445347847,19.54627870133549,19.480347718975164
46.35422928999115,40640212877.72437,40464677180.658134,19.534279233757026,19.44990557822769,19.546091208883034,19.47964465726226
46.91329033574276,40616133572.74302,40461421273.75673,19.52270518347644,19.448340581637673,19.545673435236885,19.47892143534142
47.479094007952895,40591704391.611374,40458118528.88804,19.51096296039524,19.446753071732225,19.544989345330443,19.47817800198305
48.05172162692088,40651602196.47124,40454768247.2039,19.539753667007485,19.445142712600333,19.544526295374965,19.477414298648522
48.631255493719785,40664349873.679474,40451369715.157486,19.545881014000393,19.44350916126586,19.544486242255317,19.476630260143576
49.21777890202509,40656614514.47838,40447922117.45546,19.542162906837365,19.44185202584682,19.5444749785787,19.475825814109996
49.811376150086275,40613955745.457016,40444424666.05253,19.521658380733165,19.440170927558363,19.544175851049197,19.47500088077552
50.41213255284251,40617288679.84957,40440876569.684,19.52326040164993,19.43846548606819,19.54366146299928,19.474155373265344
51.02013445418457,40629956260.147,40437277004.35006,19.529349248957168,19.43673530530942,19.543250685532634,19.4732891975646
51.6354692393646,40662382325.20983,40433625129.27261,19.54493528467246,19.43497998115046,19.543107072866214,19.47240225240617
52.2582253475557,40674298861.721825,40429920115.81986,19.550663132418357,19.43319911529799,19.5432186446718,19.4714944294171
52.8884922845628,40736682116.44505,40426161105.03303,19.580648504811474,19.431392294881633,19.543752350631262,19.470565613181996
53.526360635686835,40592669130.18051,40422347190.30257,19.511426675303767,19.429559084126986,19.543801576859813,19.469615680965283
54.171922078744295,40610261747.28927,40418477476.76417,19.519882809529467,19.427699052905172,19.543135328411502,19.46864450268221
54.825269397243595,40687157910.1445,40414551042.347404,19.556844011522628,19.425811758010312,19.543024897612717,19.467651940983597
55.48649649372027,40680977403.35058,40410566965.45178,19.5538732656291,19.423896756462412,19.543316895070223,19.466637851276662
56.15569840323338,40640634766.015495,40406524346.45367,19.534482020187035,19.421953615844956,19.543335910827164,19.4656020820252
56.83297130702432,40638245891.83553,40402422218.1428,19.53333377484132,19.419981871254976,19.543112462784343,19.4645444746513
57.51841254634043,40673199097.1118,40398259586.109406,19.550134515379657,19.4179810447157,19.543081000929526,19.46346486316386
58.21212063642555,40639747452.87413,40394035444.87352,19.534055520878987,19.415950652929293,19.543056499522837,19.46236307411686
58.91419528067912,40611871707.02317,40389748760.359985,19.520656658896147,19.41389019885327,19.542683577313877,19.461238926559563
59.6247373849859,40630158534.98962,40385398510.780464,19.529446475152056,19.41179919135096,19.542266467563326,19.460092232122815
60.34384907221895,40588406678.80827,40380983653.88985,19.509377869221574,19.40967712945286,19.541723583403087,19.458922795147195
61.07163369691718,40595879279.229095,40376503109.43591,19.512969677750277,19.407523493920838,19.541000058767196,19.45773041252222
61.808195860139854,40672177225.4597,40371955773.444496,19.549643338666257,19.40533775411447,19.54077300526412,19.4565148735119
62.553641424500675,40803454994.205666,40367340530.56965,19.61274381010286,19.403119373927336,19.541735121422658,19.45527595973601
63.308077529382736,40617215367.21243,40362656254.39301,19.523225162919033,19.400867811930905,19.542350659479307,19.45401344522339
64.07161260633724,40594151328.48095,40357901781.96132,19.512139114374097,19.398582509135633,19.541765430888667,19.452727096319848
64.84435639466776,40622600748.51761,40353075920.81746,19.525813720772113,19.396262892370554,19.54122648935684,19.451416671494442
65.62641995720267,40582366036.62026,40348177460.55236,19.50647435118128,19.393908379835842,19.540630867925753,19.45008192125623
66.41791569625771,40614394728.57491,40343205205.51511,19.521869384027603,19.391518396825386,19.540005099994055,19.44872258832583
67.21895736979077,40620883840.38394,40338157910.91379,19.524988465180993,19.389092345012767,19.539612602204357,19.44733840762196
68.02966010775216,40554123452.762726,40333034278.253136,19.4928991634475,19.386629600258317,19.538883725184885,19.44592910586056
68.85014042863149,40614609661.84986,40327833011.956314,19.521972694672705,19.384129539825146,19.53814073501047,19.444494401461885
69.68051625620426,40628008360.78818,40322552780.20165,19.528412964245543,19.381591523554786,19.537834433252527,19.443034004555958
70.52090693648064,40609094156.47978,40317192226.52401,19.51932159089186,19.379014899443547,19.537502880790644,19.44154761683266
71.37143325485853,40611468797.32418,40311750010.372574,19.52046299478839,19.37639902313718,19.53708573548845,19.440034931693443
72.23221745348323,40598350899.4395,40306224750.923256,19.514157696117582,19.373743230923523,19.536616773387617,19.438495634306996
73.10338324881701,40673577654.62064,40300614997.07331,19.550316474271114,19.37104682531002,19.536515578235147,19.436929401173842
73.98505584942022,40725330529.79114,40294919290.38907,19.57519220801227,19.368309105280396,19.53713898782509,19.43533589989197
74.87736197394675,40698849228.57514,40289136158.62666,19.562463605089278,19.365529363180315,19.537888851217847,19.433714789247105
75.78042986935695,40598851378.01682,40283264081.259346,19.51439825805335,19.36270686814761,19.5378982811308,19.432065719066813
76.69438932934987,40490702306.27415,40277301503.78378,19.462414914052438,19.3598408729888,19.536722043148018,19.430388329964796
77.61937171301778,40572132741.83014,40271246873.64315,19.50155557680101,19.35693063144602,19.53542800967117,19.428682253378064
78.55550996372601,40568046608.68029,40265098594.31056,19.49959152050594,19.353975376126584,19.53460210564476,19.42694711154351
79.50293862822011,40669114606.42023,40258855011.175255,19.548171248554826,19.350974311718993,19.534351562038115,19.42518251713429
80.4617938759637,40576906889.891426,40252514473.50444,19.503850336959207,19.34792664477575,19.534150807222556,19.423388073179883
81.43221351870939,40630491420.36467,40246075287.952484,19.529606481102043,19.344831561366902,19.53373986827339,19.421563373072445
82.41433703030589,40564375883.28991,40239535704.30394,19.497827135683895,19.34168822022724,19.533263229613667,19.41970800022818
83.40830556674398,40522023186.03012,40232893967.08533,19.47746972719628,19.338495777564205,19.532181087897264,19.417821527971707
84.41426198644395,40573291169.004105,40226148288.15323,19.50211239081073,19.335253373881987,19.531178542024126,19.415903519558277
85.4323508707883,40591581599.62681,40219296826.668396,19.51090393873309,19.331960124355792,19.530594680885514,19.413953527925553
86.46271854490156,40565842336.24559,40212337705.56407,19.49853200653695,19.328615126747575,19.52998073686666,19.411971095432303
87.50551309868081,40538431425.83934,40205269018.58412,19.485356574126243,19.325217464789016,19.52907864983007,19.409955753736817
88.56088440808018,40540390771.41612,40198088816.31924,19.48629836062051,19.321766201469625,19.52805401877687,19.40790702363802
89.62898415665175,40516291819.937485,40190795077.09175,19.47471486697984,19.31826036504213,19.526926713149145,19.40582441467455
90.70996585734608,40536310637.56249,40183385758.38405,19.48433718796997,19.314698973742246,19.525804389310046,19.403707424863157
91.80398487457624,40425716261.363205,40175858851.19417,19.431178474632024,19.311081061915452,19.524188469955227,19.401555541045692
92.91119844654749,40522539976.2744,40168212282.887596,19.477718129559904,19.307405633321366,19.522539505160694,19.39936823897907
94.03176570785615,40588607913.45643,40160443872.486946,19.50947459543264,19.303671639643103,19.521856045214914,19.39714498261715
95.16584771236167,40484177740.92321,40152551403.29828,19.459278791664804,19.299878015396125,19.520964528074515,19.394885223572604
96.31360745633391,40482625109.156235,40144532637.8089,19.458532497776666,19.296023685089075,19.51949418905963,19.392588401087885
97.47520990187972,40567735535.83605,40136385298.201805,19.499441999049946,19.29210755385777,19.518537411964957,19.390253941979633
98.65082200065248,40554871555.17741,40128107058.66217,19.493258749198386,19.288128503767222,19.51801132227733,19.38788126042998
99.84061271784705,40584908675.28014,40119695531.27706,19.507696505546516,19.28408538703411,19.517596942833364,19.38546975765857
101.04475305648423,40588517917.94721,40111148288.205795,19.50943133784902,19.27997703668331,19.51738305757879,19.383018821649475
102.26341608198875,40438737116.19236,40102462864.824394,19.43743712821881,19.27580226805928,19.516336719223016,19.380527827028082
103.49677694706244,40588288159.831856,40093636733.50255,19.509320901439764,19.271559866221637,19.515324078516063,19.377996134808523
104.74501291685849,40524723551.00045,40084667316.88023,19.478767694889566,19.267248592326705,19.51481775296258,19.37542309207468
106.00830339445916,40592074765.542816,40075551984.26261,19.51114098573727,19.262867181894702,19.514349451870736,19.372808031723263
107.28682994666,40495936872.034424,40066288042.920074,19.464930980332316,19.258414340627983,19.513722757496613,19.370150272142716
108.58077633006585,40439412806.881355,40056872747.23348,19.43776190827432,19.253888748806805,19.51224302181783,19.367449116902907
109.89032851750162,40486309489.43758,40047303313.69329,19.460303446010514,19.249289068498896,19.510747056205275,19.364703854589823
111.21567472474072,40532427045.50906,40037576890.32383,19.482470485848356,19.24461392886278,19.509816119216357,19.36191375855394
112.5570054375567,40566925125.43248,40027690553.38334,19.499052464104228,19.23986192456163,19.50936585801355,19.359078086472582
113.91451343910114,40482332641.65052,40017641333.18811,19.45839191923342,19.235031628175985,19.508636967556466,19.35619608005194
115.28839383761098,40466631886.57382,40007426197.8796,19.450845134604812,19.230121582401193,19.507356638143346,19.35326696478927
116.67884409445062,40425307300.65576,39997042038.720085,19.430981902023536,19.225130292979554,19.50578107129673,19.350289949564665
118.08606405249265,40483599611.14744,39986485687.5475,19.45900090560876,19.220056237090247,19.504342844794003,19.34726422625925
119.51025596483952,40630940680.730446,39975753935.7614,19.52982242429752,19.214897872475184,19.504112586139822,19.344188969589936
120.95162452389278,40538676204.50151,39964843477.57315,19.485474230368638,19.209653610161432,19.50419320517747,19.341063336730524
122.410376890773,40678713012.01778,39953750920.078926,19.552784854681978,19.20432181930294,19.50455185321935,19.337886466678277
123.88672272509324,40427035633.71187,39942472861.24206,19.431812649161316,19.198900864663823,19.504252965533542,19.334657480139164
125.38087421509283,40513079404.27141,39931005800.703125,19.47317077505235,19.19338906374802,19.50302958548062,19.331375479346335
126.89304610813464,40512509694.64671,39919346129.05386,19.472896936258138,19.187784681643627,19.50231891350864,19.32803954731669
128.42345574156886,40401567748.11487,39907490199.78653,19.4195711584427,19.182085965606372,19.500986376180894,19.32464874747641
129.97232307397022,40445640639.19835,39895434275.14938,19.440755401833698,19.17629111903429,19.499309954486286,19.321202123392492
131.53987071675215,40458734938.34864,39883174524.734665,19.447049357447113,19.170398300789028,19.4979976967767,19.31769869819609
133.12632396616075,40438209800.308846,39870707050.708206,19.437183666561413,19.164405637322787,19.496673070964086,19.31413747415604
134.731910835656,40298164581.03735,39858027885.91867,19.369868999021826,19.158311221769534,19.49446147825393,19.310517432394487
136.3568620886835,40385929827.446945,39845132971.322525,19.412054576039907,19.152113103093964,19.492012380771133,19.306837532469178
138.00141127184006,40468470919.457375,39832018145.07793,19.451729091142525,19.145809280849356,19.490590834540317,19.303096711775417
139.66579474844085,40390093271.37422,39818679164.646324,19.414055792827185,19.139397715801,19.489221181308373,19.299293885027154
141.35025173249107,40360703926.41402,39805111696.10469,19.39992939854187,19.132876324788977,19.48727203587479,19.29542794381413
143.05502432306622,40417204572.3057,39791311313.562485,19.42708721380865,19.126242980447913,19.48552636946657,19.291497756105727
144.78035753910876,40342091997.31595,39777273506.64003,19.39098331794002,19.119495514801564,19.483711594711263,19.28750216580611
146.5264993546428,40433050807.888794,39762993652.16019,19.434703925650574,19.112631705656028,19.482035710026302,19.283439992200073
148.2937007344144,40266130483.88632,39748467028.006584,19.35447136809326,19.105649283260895,19.47995821187601,19.279310029331192
150.0822156699622,40353737382.77031,39733688821.96565,19.396580833187656,19.0985459345593,19.477487018277948,19.27511104552379
151.8923012161215,40390674797.144135,39718654105.2937,19.414335311214682,19.09131929048256,19.47578178430289,19.27084178281483
153.72421752796987,40354592886.584045,39703357842.370544,19.396992042903346,19.08396693059033,19.47411932935997,19.266500956305016
155.57822789821867,40218932670.33865,39687794899.455315,19.331785087589836,19.076486387279203,19.471514981052977,19.262087253630014
157.45459879505376,40244485814.74138,39671960027.55437,19.34406755913016,19.068875137547945,19.468350898779743,19.257599334395636
159.35359990043426,40272151629.076065,39655847853.112946,19.35736551463224,19.06113059852329,19.46556487443555,19.253035829476122
161.2755041488532,40371495388.51158,39639452880.764626,19.405116463742257,19.053250128781528,19.46357048128275,19.248395340292127
163.22058776656405,40340995109.51869,39622769504.83408,19.39045608368108,19.045231033877435,19.46201089468203,19.243676438187244
165.189130311282,40177354338.07161,39605792001.87835,19.311799888323726,19.03707056275916,19.459378295027758,19.23887766384169
167.1814147123639,40324426496.223885,39588514505.283394,19.382492151021804,19.028765895557694,19.45672433113827,19.233997526512148
169.1977273114714,40281554036.818726,39570931028.1495,19.361884911685284,19.020314154587062,19.454720063491013,19.229034503276942
171.23835790372596,40099797837.79325,39553035471.736145,19.2745212860342,19.011712408403458,19.45147952888776,19.22398703847696
173.30359977936027,40193055874.00218,39534821581.42702,19.319347048280527,19.00295765063922,19.447821255563913,19.218853542965448
175.3937497658705,40290389399.24786,39516282943.720825,19.366131750582056,18.994046798556436,19.445335000317428,19.213632393109048
177.5091082706783,40145273006.13223,39497413028.68729,19.29637955334221,18.984976713453992,19.442627303525715,19.208321930038696
179.64997932430765,40154181420.17198,39478205170.17398,19.30066150550388,18.97574419115372,19.43921346016177,19.20292045904517
181.81667062408056,40211665123.57535,39458652530.84034,19.328291840931755,18.966345945193506,19.436260184344704,19.19742624867666
184.00949357834142,40208207538.85161,39438748118.816055,19.326629905112885,18.956778614834388,19.433682415916124,19.191837529755233
186.22876335121506,40187167602.22248,39418484794.273865,19.316516769179998,18.947038768219844,19.431025633084523,19.18615249454852
188.4747989079024,40115062568.32172,39397855262.95767,19.281858489445714,18.93712289926501,19.42789969384859,19.180369295961174
190.74792306052458,40162390118.75069,39376852061.303,19.304607129771757,18.92702742050461,19.424710809622155,19.174486046623613
193.04846251451977,40133119833.12478,39355467544.510414,19.290537962998723,18.916748657360277,19.421697677607423,19.168500817849832
195.37674791559772,40096939609.15997,39333693898.16965,19.273147438992492,18.906282853727866,19.418383028054514,19.162411638618973
197.73311389726268,40183277524.39418,39311523147.99259,19.314646949581174,18.89562617665574,19.415436682565723,19.156216494702573
200.11789912890913,40128052583.75737,39288947129.22258,19.28810231965237,18.88477470164091,19.412732463659676,19.149913327692364
202.53144636449608,39990801546.20977,39265957486.51827,19.22213071412352,18.873724412573246,19.40899357537279,19.14350003387727
204.97410249181,39990912396.23291,39242545687.43158,19.22218399571709,18.862471208213808,19.40456709468299,19.136974463223584
207.44621858232193,40115452621.144135,39218702984.37363,19.282045973718297,18.851010883913272,19.400959481905634,19.130334418237734
209.94814994164432,40106829135.82081,39194420423.45721,19.27790097647675,18.839339135862165,19.398092812535598,19.123577652691353
212.48025616059775,40061317078.98484,39169688864.50188,19.25602497820353,18.82745157070661,19.39498455870285,19.1167018705412
215.04290116689413,40044880081.81009,39144498952.74354,19.248124308648915,18.81534369195013,19.391598206024206,19.109704724825836
217.63645327744084,40034315474.29127,39118841124.87114,19.243046284232836,18.803010902855274,19.388138538282007,19.102583816462957
220.26128525127794,39970706738.222305,39092705592.13843,19.212471867316864,18.790448498326047,19.38433669078328,19.095336693012566
222.91777434315375,39962053458.8758,39066082322.276085,19.20831254916686,18.777651656213745,19.380215339318006,19.087960847270285
225.60630235774448,39916342300.59652,39038961058.24016,19.186340850036924,18.764615446328616,19.3758808199698,19.08045371589908
228.32725570452996,40031976300.51027,39011331302.70115,19.241921928069846,18.75133482298436,19.372052633047495,19.072812678110566
231.08102545333108,39829962053.89079,38983182317.128456,19.1448209922422,18.737804624558027,19.367812461472493,19.06503505428457
233.86800739051486,40032700539.21272,38954503118.397156,19.242270043398086,18.72401957185904,19.363690685157355,19.057118104596807
236.68860207588085,39947012571.9972,38925282456.67287,19.20108293929513,18.709974257499223,19.360323190177994,19.049059027533133
239.54321490022994,39853060944.9956,38895508815.74777,19.1559237930614,18.69566314605435,19.356012346533078,19.040854958315787
242.4322561436301,39973038717.108475,38865170399.239975,19.21359276515435,18.68108056743065,19.351959126013472,19.032502967289773
245.35614103438468,39962527650.42061,38834255121.56401,19.208540475877637,18.666220712524666,19.348620771636227,19.024000058217627
248.31528980870976,39910272502.15361,38802750632.99426,19.1834233176403,18.651077645270323,19.345002700012582,19.01534316670707
251.31012777113347,39909502147.947174,38770644313.45615,19.18305303625859,18.635645299654595,19.341170182633125,19.006529158782147
254.3410853556237,39850107106.4893,38737923219.957726,19.15450398981463,18.61991745444977,19.337083888262278,18.997554829152026
257.408598187451,39758550234.25781,38704574085.20227,19.11049591551343,18.603887732546557,19.332233803802353,18.988416899215306
260.5131071457995,39719214757.14935,38670583329.38335,19.091588775535065,18.58754960662357,19.326755121830058,18.97911201517132
263.6550584271334,39769722128.31229,38635937043.807945,19.115865840584608,18.570896391275543,19.321472917557127,18.969636746149163
266.8349036093247,39750372742.410324,38600620990.64047,19.10656529119162,18.55392124289029,19.316490884167646,18.959987582286836
270.05309971655794,39803592148.74117,38564620579.64963,19.13214593337599,18.536617148471763,19.311822213118166,18.9501609327213
273.31010928501604,39663059536.746124,38527920869.74367,19.064596993796858,18.518976926378,19.306760386416837,18.94015312350333
276.6064004293574,39650300056.16522,38490506566.85979,19.058463973349966,18.500993225306622,19.300950015608485,18.929960395558332
279.9424469099964,39725897121.0047,38452361991.88847,19.094800745951773,18.482658508877247,19.295638108980317,18.91957890249989
283.3187282011958,39628504139.08349,38413471081.588264,19.047987464978533,18.463965056071153,19.290322043135422,18.909004708318676
286.7357295599775,39734380096.34593,38373817372.39285,19.098878205131115,18.44490495344797,19.285187163156248,18.898233785038673
290.1939420958668,39591191071.84973,38333383996.556175,19.030052424219637,18.42547009329275,19.27995298044283,18.88726201031508
293.69386284147885,39409174864.1205,38292153685.03597,18.942563821796462,18.405652175001972,19.27298979594806,18.87608516508391
297.2359948239523,39487566667.851135,38250108732.0644,18.980243924219142,18.38544268805396,19.265610443261952,18.864698931080657
300.8208471372484,39369782319.809586,38207230980.72692,18.9236292516796,18.364832905077133,19.258174928200873,18.85309888813453
304.44893501532135,39385256659.80037,38163501828.800674,18.931067206772195,18.343813884656328,19.250337579710227,18.841280511478722
308.1207799061689,39257430151.18477,38118902213.65032,18.869625631151365,18.32237646407277,19.242041299940123,18.82923916907086
311.836909546778,39433128666.97197,38073412569.50648,18.95407754774615,18.30051123876936,19.234224511320697,18.816970118646775
315.5978580389755,39385842418.907364,38027012841.13495,18.931348759971588,18.278208568920974,19.227316471611644,18.804468504680575
319.4041659261899,39153876394.05439,37979682498.61262,18.819851088543142,18.255458586536722,19.21897576004814,18.79172935557871
323.2563802711419,39159218981.97466,37931400480.9991,18.82241907716514,18.232251168384916,19.209550384669733,18.77874758070156
327.15505473447257,39292426823.33694,37882145159.261925,18.886447264643532,18.20857591817259,19.20114156866825,18.765517966924328
331.100749654316,39105549938.33458,37831894368.62286,18.796622310602217,18.184422182093154,19.192615462244948,18.752035175254917
335.0940321268354,39383189765.83689,37780625370.43015,18.93007372566149,18.159779030499816,19.18482400303823,18.738293737496623
339.13547608772984,39324980364.38797,37728314814.34679,18.90209457345197,18.1346352397308,19.178455088207482,18.724288052557437
343.2256623947215,38940361187.851105,37674938775.34079,18.717222057755897,18.10897930988929,19.16970450546283,18.71001238284478
347.36517891104063,38685251507.80971,37620472727.33,18.594600069033625,18.082799452175376,19.157523112272415,18.695460850803908
351.5546205899174,39187161350.16121,37564891463.021904,18.835849962093096,18.056083550356007,19.147061408964216,18.68062743493013
355.79458956008955,38725374564.660126,37508169121.43163,18.613885770085098,18.02881917399187,19.137043127417634,18.665505965579364
360.08569521234466,38978993284.77328,37450279174.36247,18.735791108339708,18.000993571939077,19.126101327115542,18.650090120956264
364.428554287106,38988857032.957504,37391194361.663864,18.74053225504339,17.972593641230016,19.116910679209074,18.634373422750084
368.82379096307136,38774033626.374344,37330886714.23792,18.637274419687845,17.94360593813176,19.10676308725431,18.618349231639222
373.2720369469261,39009842462.35958,37269327523.6787,18.75061919132529,17.914016663552765,19.096990778845633,18.602010742858607
377.7739315641329,38852055093.87868,37206487300.20153,18.67477651489199,17.883811642821005,19.087880806299196,18.585350981459314
382.3301218508199,38996425955.07105,37142335745.071434,18.744170361923132,17.852976312431338,19.078920585855812,18.56836279728441
386.94126264677766,38884009665.2882,37076841744.3874,18.69013592067529,17.821495717057804,19.070345830797358,18.551038859872175
391.60801668957356,38890196408.918884,37009973337.52466,18.693109664390487,17.789354494384998,19.061373415314232,18.533371653264147
396.33105470980524,38568112713.73577,36941697695.41657,18.538295690918517,17.756536864668927,19.050803685088674,18.51535347063319
401.11105552750286,38570650804.38852,36871981091.896416,18.539515659221355,17.723026616962073,19.038675991631145,18.49697640875168
405.94870614969005,38497624476.5032,36800788846.85907,18.504414546817742,17.688807081793254,19.02643169344102,18.478232362103093
410.84470186912574,38533022047.93617,36728085311.57388,18.521428878082418,17.65386112410806,19.014266931004713,18.45911301672715
415.7997463642362,38317856303.64428,36653833864.55836,18.418006493382244,17.618171141285487,19.001358241080034,18.43960984410414
420.81455180024926,38484939144.02995,36577996821.54201,18.498317166682185,17.581719019860802,18.9884946484181,18.41971409464497
425.88983893155137,38493255592.3327,36500535410.13216,18.502314582342084,17.544486123348335,18.976929103334356,18.39941679068077
431.02633720527984,38262910784.737236,36421409814.960495,18.391596171364416,17.506453313941776,18.964365215474388,18.378708719733847
436.22478486616023,38242409687.8074,36340579062.04594,18.38174203617003,17.467600896931597,18.95067786088774,18.35758042754113
441.48592906261183,38177579584.4747,36258000965.894356,18.350580552221494,17.427908595277806,18.936827404559555,18.336022210285478
446.81052595413337,38162892218.30165,36173632112.571304,18.343520866956162,17.387355541473607,18.922854037756306,18.314024106614635
452.1993408199794,37921473333.14625,36087427821.78846,18.227479547755472,17.34592025932175,18.907745745079332,18.29157588953633
457.65314816915196,37868608894.634964,35999342134.71755,18.202069525752826,17.303580658077102,18.891326212562113,18.268667058220966
463.17273185171797,37969837742.81861,35909327694.813065,18.25072656878753,17.26031397516245,18.875576329153265,18.245286829246965
468.7588851714661,37666556276.31369,35817335742.01319,18.104950146037105,17.2160967733811,18.859035316710088,18.221424127345724
474.41241099992544,37886563569.128876,35723316097.25872,18.210699687857797,17.170904933475676,18.84242989615174,18.197067576244407
480.1341218917604,37573515601.1008,35627216996.39957,18.060228861353526,17.124713574292993,18.8256699308364,18.1722054886866
485.9248402015522,41505376191.06192,35528984977.8963,19.950131921251227,17.07749699880625,18.830057049904767,18.146825855106204
491.7853982019932,37655718667.471855,35428565103.726585,18.09974089976717,17.029228800296757,18.834542701405137,18.12091633319932
497.7166382035078,37079820745.63387,35325900808.62803,17.822927615122943,16.97988178989044,18.813835174969167,18.094464238130055
503.71941267531,37578388763.93601,35220933576.96765,18.06257121432941,16.929427841240674,18.793214610385185,18.06745653026408
509.79458436792675,37106468868.21541,35113603074.11031,17.835736403037743,16.877837953672344,18.773201192549333,18.039879802116612
515.9430264371982,36817060771.34534,35003847131.8188,17.696628406881825,16.82508224516419,18.74933323750954,18.011720266269318
522.1656225697697,36882098275.425415,34891601580.10608,17.727889580862122,16.771129871526274,18.724765312199718,17.982963742527875
528.4632671101007,37202476656.80931,34776800114.30381,17.881883871719847,16.715948962504626,18.702982676605746,17.953595643670567
534.8368651890073,36961962427.82384,34659374252.03616,17.76627738799325,16.659506601100112,18.682151705222115,17.923600960535744
541.2873328537482,36554373818.23955,34539253294.00366,17.570364297280026,16.601768804718652,18.6581183264153,17.892964246994453
547.8155971996863,36802663605.78173,34416364200.37434,17.689708210544755,16.542700465756916,18.633769696160886,17.861669604349082
554.4225965035367,36918069274.80711,34290631429.25664,17.745179538184775,16.482265273962106,18.61206423615985,17.829700664476796
561.1092803582181,36523571662.550156,34161976923.291107,17.55555881601819,16.420425709987054,18.589266494651966,17.797040572381352
567.8766098093348,36433960908.66551,34030319935.381058,17.512486170360628,16.35714296162527,18.564262817090906,17.763671968084175
574.7255574933044,36162400823.5178,33895576767.41875,17.38195706737638,16.292376798226076,18.537788843373733,17.729576966461558
581.6571077771479,36184788511.185684,33757660879.461376,17.392718018447635,16.22608562317154,18.510533357014427,17.694737136706152
588.6722568999686,35561332281.65349,33616482956.767517,17.093045176812925,16.15822650609848,18.48047913926609,17.65913348327701
595.7720131161401,36047811683.040565,33471950241.288315,17.326878215452712,16.088754861570468,18.45039491060158,17.622746423851027
602.9573968402125,36406004331.00119,33323966459.4557,17.49904845545106,16.017624414368257,18.425828524895447,17.585555763599643
610.229440793577,35179201937.58831,33172432016.55606,16.909368952795102,15.944787292918141,18.3968442938731,17.547540670779547
617.5891901528903,35842420030.2218,33017243487.526733,17.228153882720594,15.870193784536287,18.365402269183885,17.508679651085142
625.0377027002941,35379332177.575615,32858293577.23336,17.00556431483204,15.793792316335482,18.335806241505615,17.468950519499057
632.5760489754474,35399581822.988205,32695470970.817764,17.01529758638414,15.715529383292782,18.304406419751814,17.428330371727633
640.2053124293863,35221843489.523575,32528659991.397404,16.929865203269244,15.63534938371803,18.272847034896888,17.38679555350538
647.9265895802449,34624809783.45018,32357740457.804504,16.642892712217282,15.553194550874197,18.237609568734584,17.34432162787449
655.7409901708554,34895654237.15952,32182587291.40434,16.773077837073572,15.469004763989176,18.201379275354597,17.30088334018222
663.6496373282415,34000016828.577293,32003070405.814796,16.342577355098157,15.382717495247956,18.162410026113733,17.256454581050573
671.6536677250424,34063346567.507122,31819054607.141254,16.373017668188503,15.294267761839153,18.119657687095852,17.211008349027633
679.7542317428836,34449807946.031815,31630398844.554176,16.558775663696,15.203587765734769,18.080490318486483,17.16451670926644
687.9524936377117,34351928196.29705,31436955964.97368,16.51172841105483,15.110606775775961,18.043877517197565,17.116950747536105
696.249631707129,33990594294.65342,31238572751.369514,16.33804828411833,15.015251146082448,18.005508433628663,17.06828052415342
704.6468384597479,32957700993.913166,31035089324.975746,15.841573863178562,14.917444028718744,17.960086881546044,17.018475025798555
713.145320786579,34850828430.843765,30826338649.512547,16.751531694584482,14.817105135391524,17.920739393870196,16.967502112249196
721.746300134495,33240910388.46903,30612146111.11613,15.977702367512993,14.714150535537147,17.883817123122512,16.915328459164485
730.451012681785,34225619859.75156,30392328948.143078,16.45101656579323,14.608492382249237,17.84429829142027,16.861919496580892
739.2607095158205,32957601308.151344,30166695827.328194,15.841525947841285,14.500038708553108,17.804025714086897,16.807239343210288
748.176656812871,33354730897.4995,29935046343.740944,16.032411766123165,14.388693187052917,17.7598053494618,16.751250737031565
757.2001360200866,32746973442.94665,29697170339.75528,15.740284757355942,14.274354802585123,17.715399054980054,16.69391496079549
766.3324440396711,36301144987.935455,29452846903.306736,17.44864636494338,14.156917370716922,17.68896343857817,16.635191759702064
775.5748934152812,48881849771.68857,29201844117.218025,23.49573575747948,14.036269417256142,17.755332463789486,16.575039253922746
784.9288125206746,32700976401.120678,28943918213.025322,15.718175644353538,13.912293771526167,17.798648476912163,16.513413846929502
794.3955457506266,31707268612.341736,28678812323.70703,15.240536280574348,13.784866966847801,17.743666370648633,16.45027012406221
803.9764537141556,31754076124.673653,28406255332.786873,15.263034957411506,13.653858687344787,17.684630853072225,16.385560739847506
813.6729134300795,30350887993.576637,28125960997.380764,14.588573215471005,13.519131346424178,17.61922141804752,16.319236296450235
823.4863185249237,31487379220.119427,27837627154.15267,15.13484340930088,13.380539705108069,17.553929785620298,16.251245215493046
833.4180794332223,29696342193.439026,27540933712.46312,14.273956742628183,13.237929907412722,17.486358198191816,16.181533596923302
843.4696236002361,31045480291.35089,27235540991.896156,14.92243859012253,13.091138681257958,17.417978552066405,16.110045060342745
853.6423956871075,29384672739.350113,26921088323.867256,14.124148517874948,12.939992666310696,17.349341599784314,16.036720572677165
863.9378577784973,29390926412.479225,26597193267.139557,14.127154432177324,12.784308036912005,17.272966824214755,15.961498267520685
874.3574895927261,29588401114.460484,26263447734.640293,14.222073373220057,12.623888640377963,17.19956803772692,15.88431324213449
884.9027886944416,29498619116.065292,25919415251.945534,14.178918416524994,12.45852467925251,17.12851158647218,15.805097321630273
895.5752707098593,29478944444.78486,25564629869.537624,14.169461514225276,12.287992188468976,17.058517747948084,15.723778806993572
906.3764695445994,28420985515.56261,25198592074.69064,13.660938953001152,12.112051070341398,16.984010821647594,15.640282199503787
917.307937604142,28569719846.028206,24820765258.854847,13.73243016176284,11.930443396564101,16.90613325491845,15.554527888310483
928.3712460169497,27277416778.90686,24430571946.780308,13.11126685625206,11.74289159568792,16.82354020641968,15.466431803818178
939.5679848602816,30011937419.648796,24027388084.743927,14.425651943934609,11.549095707677694,16.75125320353059,15.375905025223513
950.8997633887208,26498074588.110687,23610538353.483925,12.736665275805988,11.348731131009526,16.67602805994403,15.282853338175865
962.368210265473,26389190134.820652,23179290033.910675,12.68432846051464,11.141445674140039,16.582073812024625,15.187176741252534
973.9749737964391,26838348299.33143,22732844774.180084,12.900222531544088,10.926855598236557,16.492302036543773,15.088768882249578
985.7217221671224,26245067771.578194,22270327561.01879,12.615054057452882,10.704540316092352,16.403800919222054,14.987516398058903
997.6101436823909,25021709928.048523,21790776556.43296,12.027030225239788,10.474037507000451,16.307031302831817,14.883298149549603
1009.6419470091245,23375017775.466976,21293140789.732235,11.23552491454306,10.234842007393091,16.196198126118162,14.775984403834457
1021.8188614217956,24967643132.53078,20776256075.67728,12.00104227374712,9.986394235566964,16.087793493561392,14.665435884905909
1034.1426370510137,22722843095.118534,20238818998.34866,10.922048153152975,9.72806768667071,15.978112776125856,14.551502561445613
1046.6150451350566,20916032504.774624,19679373957.260567,10.053579705399518,9.459162706240711,15.847976102877219,14.43402224190773
1059.2378782744452,21537672449.715717,19096286056.655556,10.35237952477725,9.178893459066403,15.714257248989993,14.31281897428047
1072.0129506895892,19741585605.88216,18487709456.475746,9.48906559379258,8.886372716647779,15.576936741877507,14.18770114903361
1084.9420984815295,19958648948.736023,17851536533.62696,9.59340008543212,8.580587420855318,15.43394752177291,14.058459176679255
1098.027179895836,21041049234.617775,17185333502.033558,10.113670722072953,8.260367738820776,15.30177451301845,13.924862563850214
1111.270075589688,20718001021.21322,16486290051.626316,9.958393139605617,7.924362856221631,15.177008620625095,13.786656405807083
1124.6726889021647,19704667688.273117,15751102066.688555,9.471320487154639,7.570984604235428,15.047565882615642,13.64355700522083
1138.2369461278074,17663889948.49553,14975832846.727093,8.490392499823605,7.198340753435988,14.903765026594414,13.495246136037737
1151.9647967934795,16391101023.9225,14155753290.852215,7.878608936261842,6.804158196209868,14.74453018811783,13.341363742359201
1165.8582139385567,14133394054.315672,13285075560.033455,6.793410920567573,6.385654927843623,14.56893202709405,13.181498380190966
1179.919194398505,15170504992.074253,12356564459.34148,7.291912606951803,5.939353252034691,14.390656610332286,13.01517415222445
1194.1497590918812,13197162984.255934,11360943107.315025,6.343398534931414,5.4607941076696855,14.211171310656814,12.841832348332554
1208.5519533107824,10663731509.997562,10286011097.711985,5.125669730541282,4.944113201098973,14.010258137544538,12.660805106075001
1223.1278470148095,16722798859.22168,9115129957.672098,8.038044078874455,4.381313020698943,13.834472813373996,12.471276028907452
1237.879535128577,9177157450.807037,7824443830.258071,4.411127391374446,3.7609269195754025,13.65392343404569,12.272217245473836
1252.8091378427982,16081013508.975166,6377364789.945098,7.729561092390847,3.065368406340233,13.474490499030765,12.062280641559521
1267.918800919016,10853873563.900797,4710099628.752848,5.21706413308049,2.263974395107189,13.308441660748725,11.839577554245606
1283.210695998004,7461541240.034578,2697241486.1576524,3.586492780822034,1.2964663475066827,13.097311086988997,11.601184678609703
1298.6870209118815,0.0,0.0,0.0,0.0,12.829242898173842,11.341597595978277
1314.35,0.0,0.0,0.0,0.0,12.525295171372253,11.072894849061957
