R_kpc,Sigma_bar,Sigma_eff,kappa_bar,kappa_eff,kappa_bar_mean,kappa_eff_mean
1.0,39625486921.47069,39627414436.41826,17.864356716733823,17.865225698222137,0.0,0.0
1.0120606264911474,39625531510.19401,39627457897.03858,17.864376818666212,17.865245291571895,0.4232388248629549,0.42325940652903904
1.0242667116936537,39625580610.813156,39627502420.310455,17.86439895469642,17.865265363996812,0.8364508649177229,0.8364915100530992
1.0366200099307066,39625619176.34126,39627548032.32784,17.864416341191944,17.865285927260825,1.2398736399944883,1.2399338868181717
1.0491222966837304,39625666283.925674,39627594759.97843,17.86443757870238,17.865306993485706,1.6337390652689128,1.6338184847467254
1.0617753688475675,39625714621.109604,39627642630.771255,17.864459370553117,17.865328575073363,2.018273623415415,2.018371756790312
1.0745810449887383,39625764316.81134,39627691672.9548,17.864481774864384,17.86535068475905,2.3936983932031284,2.3938147911225442
1.0875411656068144,39625814844.46308,39627741915.4973,17.864504554243638,17.865373335602516,2.7602292135048176,2.7603634382480693
1.1006575933989453,39625865843.24486,39627793387.97329,17.86452754602243,17.86539654093685,3.1180768048502565,3.1182284350994047
1.113932213527575,39625920606.20778,39627846120.679596,17.864552234806858,17.865420314420767,3.4674469111992012,3.4676155261937067
1.127366933891388,39625973255.2474,39627900144.73116,17.864575970571327,17.86544467008182,3.808540387969739,3.808725581920268
1.1409636853995222,39626027282.43896,39627955492.0332,17.86460032764798,17.86546962230383,4.141553319513005,4.141754714025918
1.1547244222490889,39626084649.88922,39628012195.32926,17.864626190613336,17.865495185848573,4.46667717366988,4.4668943883644605
1.1686511222060412,39626144358.48786,39628070288.15404,17.864653109038525,17.86552137583449,4.784098887113469,4.784331534974915
1.1827457868894284,39626200933.043915,39628129804.827644,17.864678614543415,17.865548207734122,5.094000932933312,5.0942486555515
1.19701044205908,39626262394.61887,39628190780.610565,17.864706323262844,17.865575697443948,5.396561475133073,5.396823928368268
1.2114471379067577,39626325515.32093,39628253251.70344,17.86473477996648,17.8656038612843,5.691954481930038,5.6922313107187215
1.2260579493508208,39626390953.60426,39628317255.19667,17.86476428150519,17.86563271597665,5.980349786325408,5.980640638928153
1.2408449763344431,39626455118.3587,39628382829.07431,17.864793208898924,17.865662278645335,6.261913181874765,6.262217725996281
1.2558103441274293,39626524037.568794,39628450012.23497,17.864824279743708,17.865692566827025,6.53680654750963,6.537124456926701
1.2709562036316695,39626590396.16889,39628518844.611115,17.86485419618879,17.865723598524465,6.805187919659129,6.805518881798566
1.2862847316902777,39626661616.37685,39628589367.19515,17.864886304392353,17.865755392218265,7.0672115916305245,7.06755530663396
1.3017981314004599,39626735561.947235,39628661622.01727,17.86491964127096,17.865787966856892,7.32302822917014,7.323384382112544
1.3174986324301545,39626807994.480606,39628735652.13984,17.86495229602714,17.865821341854147,7.572784894372107,7.573153190184196
1.3333884913384921,39626885641.40006,39628811501.68655,17.864987301584797,17.86585553710232,7.816625178809962,7.8170053286297945
1.34946999190012,39626960691.85407,39628889215.927765,17.86502113657804,17.865890573010645,8.054689265864415,8.05508099361922
1.3657454454334392,39627041074.41095,39628968841.33599,17.86505737544301,17.865926470530315,8.287114018853504,8.287517060314139
1.3822171911327976,39627124745.246574,39629050425.576256,17.865095096762555,17.86596325115016,8.51403308966644,8.514447161561435
1.3988875964046932,39627206134.83496,39629134017.511185,17.865131789627497,17.866000936898907,8.735576922968118,8.736001764722205
1.415759057208029,39627293127.89099,39629219667.224785,17.86517100870354,17.866039550355936,8.95187288575077,8.952308246680705
1.4328339983984741,39627378428.231606,39629307426.05632,17.86520946465276,17.86607911466652,9.163045330111693,9.163490967076507
1.4501148740769754,39627468998.273766,39629397346.73172,17.86525029634132,17.86611965360109,9.36921566069839,9.36967133980254
1.467604167942475,39627562086.29485,39629489483.39005,17.86529226321022,17.866161191567155,9.570502428041156,9.570967902810045
1.4853043936488803,39627656374.9362,39629583891.51101,17.865334771354707,17.866203753576627,9.767021352311081,9.7674963862595
1.5032180951663396,39627755929.476234,39629680627.93733,17.86537965352409,17.86624736525592,9.958885426908813,9.959369779056637
1.5213478471468749,39627851661.58541,39629779751.02482,17.86542281242712,17.86629205291357,10.14620494097249,10.14669839381304
1.5396962552944244,39627954624.783104,39629881320.694855,17.8654692313215,17.866337843563933,10.32908758183302,10.329589930268785
1.5582659567393489,39628058569.27669,39629985398.37963,17.865516092613472,17.86638476490248,10.507638510616012,10.50814953721249
1.5770596204174525,39628164557.97738,39630092047.09468,17.865563875495255,17.86643284533851,10.681960369525413,10.682479872934406
1.5960799474535783,39628273473.048805,39630201331.506874,17.86561297767264,17.86648211402578,10.852153379369502,10.852681164248102
1.615329671549826,39628385738.02868,39630313317.97098,17.86566359008912,17.866532600879005,11.018315393504627,11.018851264114302
1.6348115593784562,39628500453.72279,39630428074.57639,17.865715307361004,17.86658433659493,11.180541944383402,11.181085707900014
1.65452841097953,39628618999.733,39630545671.17347,17.865768751454144,17.866637352664185,11.338926303762198,11.339477768305116
1.6744830601633456,39628745472.14637,39630666179.42042,17.86582576900731,17.866691681392435,11.493559562952333,11.494118508988064
1.6946783749177292,39628861434.63432,39630789672.92246,17.865878048371208,17.866747355963124,11.644530577843781,11.645096836922102
1.7151172578202367,39628989459.09052,39630916227.25949,17.865935765631782,17.86680441044993,11.79192612257011,11.792499553511922
1.7358026464553273,39629118705.26616,39631045919.93498,17.86599403368008,17.866862879793743,11.93583097701343,11.936411404499182
1.7567375138365704,39629251834.39522,39631178830.47206,17.866054052280123,17.86692279984597,12.076327869221005,12.0769151286859
1.7779248688339402,39629387660.62478,39631315040.52496,17.866115286813876,17.86698420741878,12.213497575020694,12.214091505504609
1.7993677566062685,39629526965.02088,39631454633.92715,17.866178089409313,17.86704714030682,12.34741895441761,12.34801940146237
1.8210692590389104,39629669769.66889,39631597696.74174,17.866242470023185,17.867111637309918,12.478169003347125,12.47877581548492
1.8430324951866892,39629816847.99441,39631744317.32582,17.866308777338915,17.8671777382621,12.60582289784556,12.606435923187195
1.8652606217221832,39629967296.389404,39631894586.38517,17.86637660398294,17.86724548405624,12.730454032145447,12.731073120095619
1.88775683338942,39630122561.024536,39632048597.04512,17.866446601932314,17.867314916676033,12.852134064611368,12.852759063847053
1.9105243634630407,39630278519.04608,39632206444.934135,17.866516912481057,17.867386079233654,12.970932941419914,12.971563715388788
1.9335664842130058,39630439860.82207,39632368228.26516,17.866589650187606,17.867459016006443,13.086918954910496,13.08755537920336
1.9568865073748998,39630607691.16384,39632534047.90691,17.866665313134014,17.86753377246904,13.200158810289059,13.20080074258113
1.9804877846259143,39630776005.83589,39632704007.44852,17.86674119443102,17.867610395322526,13.310717606002948,13.311364913963173
2.0043737080665673,39630952979.26084,39632878213.28653,17.86682097935326,17.867688932533653,13.418658910244508,13.419311460376584
2.0285477107082346,39631129077.51206,39633056774.68902,17.86690036972096,17.867769433363744,13.52404477733455,13.524702443983651
2.0530132669665586,39631310659.71762,39633239803.89664,17.86698223241958,17.867851948414245,13.626935774969754,13.627598457766018
2.0777738931608125,39631499638.47295,39633427416.26666,17.867067429704445,17.867936529691676,13.727391079922322,13.728058660364718
2.102833148019282,39631691289.74232,39633619730.32344,17.867153831838706,17.86802323063036,13.82546845173391,13.826140810095836
2.1281946331907466,39631892247.059494,39633816867.82597,17.867244429418136,17.868112106122904,13.921224292080469,13.921901298160913
2.153861993762124,39632091571.548065,39634018953.8947,17.86733429086951,17.868203212577352,14.01471364282615,14.015395181071538
2.1798389187823672,39632305787.389046,39634226117.0735,17.867430865788712,17.868296607945137,14.105990272502213,14.106676212306814
2.206129141792668,39632508547.855156,39634438489.46021,17.867522276281704,17.86839235177992,14.195106621937628,14.195796873221774
2.232736441363065,39632727402.42487,39634656206.93872,17.867620942478798,17.86849050534223,14.28211389769286,14.28280840322548
2.2596646416355184,39632952654.174255,39634879409.22844,17.86772249271615,17.86859113162176,14.367062187302274,14.367760829245674
2.2869176128735367,39633182350.29024,39635108239.85644,17.86782604660712,17.86869429532482,14.450000329669555,14.45070299449543
2.314499272018431,39633414787.61272,39635342846.31818,17.86793083631611,17.868800062946775,14.530975987100664,14.531682586559
2.3424135832522777,39633652118.13849,39635583380.29254,17.86803783202775,17.868908502869015,14.610035695216654,14.610746164814298
2.3706645585676736,39633899645.79426,39635829997.87473,17.868149424911103,17.869019685463936,14.68722492704555,14.687939187208027
2.399256258344359,39634153684.87834,39636082859.69153,17.86826395334143,17.869133683146895,14.762588086632297,14.763306036398378
2.4281927919327986,39634414983.272064,39636342130.95856,17.868381754486037,17.869250570402055,14.836168510463079,14.836890045279224
2.4574783182447963,39634681829.32024,39636607981.510635,17.868502056679482,17.869370423796035,14.908008503079392,14.908733521900107
2.4871170463512398,39634952838.69346,39636880586.005165,17.868624235824598,17.869493322069626,14.978149350228856,14.978877773797056
2.5171132360870474,39635231260.98266,39637160124.23322,17.86874975693433,17.869619346278032,15.04663136963557,15.04736313174973
2.547471198663417,39635519006.95907,39637446781.241936,17.868879481441606,17.869748579846043,15.11349395134057,15.114228972978013
2.578195297287452,39635815079.310135,39637740747.47263,17.869012959728042,17.869881108630317,15.178775556949523,15.179513743790432
2.6092899477892684,39636117998.366684,39638042218.94784,17.86914952471444,17.870017021003672,15.242513723600103,15.24325498169773
2.6407596192566607,39636423375.02881,39638351397.48625,17.869287197663066,17.870156407952038,15.304745067672794,15.305489337004696
2.6726088346774195,39636741130.71492,39638668490.884384,17.86943045144659,17.870299363156295,15.365505368043857,15.366252593892522
2.7048421715894047,39637064538.70736,39638993713.127815,17.869576253459154,17.870445983087563,15.424829572452252,15.425579691003822
2.7374642627384485,39637399832.088394,39639327284.62522,17.86972741376099,17.870596367112675,15.482751798441063,15.483504741542315
2.770479796744201,39637741013.59155,39639669432.40052,17.869881228604697,17.87075061758081,15.53930535611556,15.540061052898585
2.803893518774003,39638091361.54256,39640020390.35463,17.870039175957725,17.870908839941514,15.594522752181486,15.595281145813294
2.837710231224885,39638453778.97059,39640380399.53215,17.87020256459261,17.871071142864917,15.648435756201932,15.64919677308922
2.8719347944137956,39638823772.899345,39640749708.336655,17.87036936894102,17.871237638338783,15.701075376334355,15.701838937862545
2.9065721272761507,39639201031.84764,39641128572.80028,17.8705394485779,17.87140844179008,15.752471860573165,15.753237911443824
2.941627208072808,39639589954.02555,39641517256.84897,17.870714786348135,17.87158367220453,15.80265476225954,15.803423250739169
2.977105075105571,39639985174.20882,39641916032.6818,17.87089296344788,17.871763452297625,15.851652929086224,15.852423815262124
3.013010827441318,39640396328.58952,39642325181.12766,17.87107832416123,17.871947908675445,15.89949454858176,15.9002677837464
3.0493496256448713,39640815383.44215,39642744991.85755,17.87126724664402,17.87213717193036,15.946207148453997,15.94698267036813
3.086126692520694,39641247907.74064,39643175763.676384,17.871462241556568,17.87233137677257,15.991817591502565,15.992595340586366
3.123347313863546,39641688776.13066,39643617804.925224,17.871660998235576,17.87253066221147,16.036352106126117,16.037132026612138
3.161016839218183,39642143258.57272,39644071433.90909,17.87186589253713,17.8727351717485,16.079836300430628,16.080618342515343
3.1991406826482205,39642607441.47215,39644536979.30176,17.8720751600955,17.87294505355964,16.122295182769854,16.123079298978237
3.237724323514275,39643086306.13349,39645014780.52746,17.87229104663201,17.87316046066751,16.163753174991754,16.16453931770355
3.2767733072614837,39643578139.77419,39645505188.1679,17.872512779972986,17.87338155112484,16.204234137588184,16.2050222454855
3.3162932462165258,39644080400.69566,39646008564.451035,17.87273921424454,17.87360848823485,16.2437613430057,16.244551367952173
3.356289820394258,39644595674.61192,39646525283.739746,17.872971515164025,17.87384144077154,16.28235751272418,16.2831494229876
3.396768778314074,39645126954.44373,39647055733.02461,17.87321103202979,17.87408058320186,16.32004485971658,16.32083861384103
3.4377359378261105,39645672504.60487,39647600312.46217,17.873456982387566,17.874326095928364,16.35684507725421,16.357640621931175
3.4791971869474256,39646229194.30586,39648159435.97179,17.873707954783658,17.874578165558304,16.392779318622484,16.393576619353137
3.521158484708249,39646804211.04529,39648733531.82408,17.87396718955777,17.87483698516891,16.4278682579427,16.428667281095333
3.56362586200845,39647391710.22447,39649323043.23892,17.87423205178971,17.875102754576968,16.462132086283802,16.462932796973377
3.606605422484327,39648001387.57131,39649928429.10848,17.874506912604108,17.87537568066483,16.495590537416515,16.496392883288216
3.6501033433858567,39648620922.13049,39650550164.69031,17.874786217345157,17.875655977692833,16.528262862858455,16.529066794215684
3.6941258764645224,39649260374.00844,39651188742.32635,17.875074501410246,17.875943867623477,16.56016784666675,16.560973332933724
3.7386793488718437,39649918939.88577,39651844672.25484,17.87537140263893,17.876239580487447,16.591323876958565,16.592130862494173
3.7837701640687524,39650591851.43653,39652518483.46642,17.875674771327,17.876543354769574,16.621748876321437,16.62255731644589
3.8294048027459335,39651280882.07729,39653210724.61392,17.875985406983787,17.876855437818985,16.651460326939876,16.652270209215622
3.875589823755259,39651993797.14111,39653921964.95588,17.876306810454086,17.877176086274492,16.680475347947517,16.681286646252858
3.922331865052462,39652722216.2312,39654652795.37387,17.87663520360394,17.877505566523208,16.708810649093472,16.709623333944766
3.9696376446511854,39653472210.17197,39655403829.46329,17.876973323342877,17.877844155192324,16.73648253237136,16.737296589307515
4.017513961588521,39654250175.55142,39656175704.7014,17.877324053444426,17.87819213967569,16.763506980143863,16.76432234946007
4.06596769690221,39655041534.60701,39656969083.690025,17.87768082181646,17.878549818694054,16.78989955176,16.790716180886363
4.115005814619619,39655852638.41521,39657784655.45904,17.87804649171454,17.878917502882736,16.81567539467546,16.816493288491685
4.164635362758645,39656692538.94329,39658623136.87682,17.87842514403672,17.879295515427472,16.84084937982176,16.84166852445896
4.214863474340702,39657553267.05443,39659485274.18012,17.878813186057346,17.87968419275415,16.865436031049402,16.86625639691096
4.265697368415905,39658440553.43357,39660371844.60626,17.879213201340903,17.880083885264643,16.889449516597,16.890271078384128
4.317144351100639,39659354493.14043,39661283658.13652,17.879625232743148,17.880494958122775,16.912903699964147,16.913726414119743
4.369211816627631,39660289431.580666,39662221559.39135,17.88004673100354,17.880917792108754,16.935812086324646,16.936635930177992
4.421907248408684,39661255341.33723,39663186429.66038,17.880482192061258,17.881352784534347,16.958187884450954,16.95901284138086
4.4752382201102385,39662249379.942986,39664179189.031586,17.880930334446955,17.88180035020278,16.980044027844116,16.980870059089046
4.529212396741896,39663264730.212616,39665200798.80321,17.881388084769245,17.88226092249611,17.001393091872927,17.002220198818797
4.583837535758073,39664318978.19888,39666252264.16835,17.8818633713476,17.88273495458549,17.022247412265344,17.02307558770564
4.639121488172954,39665403989.10479,39667334636.86494,17.88235252677181,17.883222920625897,17.042619082144757,17.043448271819706
4.695072199688863,39666514737.11148,39668449018.08948,17.88285328525216,17.883725317069707,17.062519837942297,17.063350023337446
4.75169771183828,39667663266.65591,39669596561.89278,17.88337107678169,17.8842426641976,17.081961176061277,17.082792347577186
4.8090061631396015,39668853134.914116,39670778478.75799,17.883907505041932,17.88477550773165,17.100954403583142,17.101786489905233
4.867005790266854,39670062321.181335,39671996039.47379,17.88445264243942,17.88532442058147,17.119510460281347,17.120343442518166
4.925704929233514,39671316923.31029,39673250579.391205,17.885018254668076,17.885890004763297,17.137640050060845,17.138473951107866
4.9851120165906035,39672608317.40429,39674543503.07625,17.885600453816892,17.886472893497583,17.155353715439798,17.156188521416233
5.0452355906392325,39673943103.93355,39675876289.471466,17.886202215575594,17.887073753535937,17.17266173884652,17.173497425687064
5.106084292657776,39675316458.74617,39677250497.5449,17.886821365071977,17.887693287707854,17.1895741682209,17.19041070902278
5.1676668681438365,39676733698.3898,39678667772.46633,17.887460299165003,17.88833223770517,17.206100816403367,17.20693819565375
5.229992168071196,39678255423.91279,39680129852.48999,17.888146338622928,17.88899138718497,17.222251617552253,17.22308949512886
5.293069150161929,39679709179.14012,39681638576.61122,17.888801735035127,17.88967156522145,17.238035665646784,17.238874008437037
5.356906880173848,39681261219.24564,39683195893.04164,17.889501441215106,17.89037365012678,17.253461816939915,17.25430093406997
5.4215145332034815,39682870241.47655,39684803868.6536,17.890226836644445,17.891098573708938,17.2685393785263,17.269379274036933
5.486901395004776,39684526672.69734,39686464699.53972,17.890973605466833,17.891847326032273,17.283277166312672,17.284117839843894
5.5530768633236836,39686244214.700554,39688180722.857,17.89174792486087,17.89262096075719,17.29768381013527,17.29852525845075
5.620050449248863,39688018709.06271,39689954430.11512,17.892547920084656,17.89342060113089,17.31176778576853,17.31260997822162
5.687831778578659,39689848953.19957,39691788482.20403,17.893373048977185,17.8942474467623,17.325537339644875,17.326380274885516
5.756430593204574,39691750636.93175,39693685726.44271,17.89423038497968,17.89510278130811,17.339000600733605,17.339844257527073
5.825856752511429,39693708703.30973,39695649215.93621,17.89511313996817,17.89598798119956,17.352165507809747,17.353009874629905
5.896120234794399,39695742005.93167,39697682231.656235,17.89602981370958,17.896904525596987,17.365039832926033,17.36588492019816
5.967231138693149,39697846464.02486,39699788307.74869,17.8969785664693,17.897854007799257,17.37763124216122,17.378477039986198
6.039199684643272,39700031413.473816,39701971260.71106,17.897963607143794,17.89883814839778,17.389947248465276,17.39079373787184
6.11203621634521,39702295362.336395,39704235223.15341,17.898984263120834,17.899858810496987,17.401995228336776,17.402842382414764
6.1857512022509145,39704640225.07167,39706584683.064255,17.900041397495933,17.90091801741657,17.41378238587731,17.414630213649875
6.2603552370684294,39707083113.9451,39709024529.7493,17.901142724991058,17.90201797340202,17.425315856608872,17.426164350174812
6.335859043284609,39709612852.97834,39711560107.88799,17.902283207140325,17.903161087994974,17.43660263779724,17.437451796603913
6.412273472706223,39712247696.09034,39714197281.58722,17.903471073357306,17.9043500049105,17.447649599672168,17.448499451476636
6.489609508019627,39714996409.2317,39716942510.75625,17.90471027559516,17.90558763646925,17.45846359369085,17.45931411572899
6.567878264369249,39717852605.08584,39719802942.83052,17.90599793426021,17.906877204949254,17.46905132120517,17.469902501862446
6.647090990955133,39720835637.29847,39722786523.98879,17.90734277455579,17.908222292725977,17.479419394870472,17.480271243980088
6.727259072649714,39723946631.44021,39725902135.1482,17.908745303922856,17.90962690358294,17.489574379461885,17.490426908905977
6.808394031634124,39727208934.32136,39729159759.79044,17.910216047802987,17.911095538372802,17.499522815628985,17.500376008664706
6.89050752905422,39730614716.223114,39732570693.39003,17.911751476324355,17.912633289433902,17.509271170932408,17.510125014681254
6.973611366696582,39734190786.00538,39736147807.985306,17.913363675724224,17.914245959866783,17.51882586217134,17.519680374177664
7.057717488684729,39737942065.820435,39739905890.83005,17.915054865056312,17.91594021620848,17.52819332287789,17.52904852940508
7.142837983195795,39741896956.29783,39743862084.31474,17.91683784817533,17.917723786762224,17.537380012873616,17.538235940581327
7.228985084197899,39746061386.90204,39748036467.33855,17.91871529826151,17.91960572369734,17.54639242155535,17.54724911374384
7.3161711732084855,39750477969.074165,39752452838.30244,17.92070642582918,17.92159675604601,17.555237144980698,17.556094635235482
7.404408781073854,39755161381.03793,39757139792.98161,17.922817848261364,17.92370977564044,17.56392092799522,17.564779215320705
7.493710589770156,39760144778.03623,39762132247.23608,17.925064512934913,17.925960523596434,17.57245061169237,17.573309744671004
7.58408943422613,39765476731.22835,39767473653.50642,17.92746831718367,17.928368589576078,17.58083331203992,17.581693369503494
7.67555830416779,39771213079.46797,39773219345.025406,17.930054434835856,17.930958919458533,17.589076534248317,17.58993759467227
7.768130345985381,39777414514.00687,39779441807.57396,17.932850227326124,17.933764192005572,17.59718822819869,17.598050430392526
7.861818864622859,39784191378.01094,39786239455.83833,17.935905440659642,17.936828775506346,17.60517707042131,17.606040610624436
7.956637325490131,39791674276.5794,39793752307.63917,17.939278955528167,17.94021579418945,17.613052819312983,17.613917937081872
8.052599356398389,39800062860.10517,39802192748.94289,17.94306078031052,17.9440209980118,17.620826768011185,17.621693863582095
8.149718749518765,39809689660.85419,39811914652.31148,17.947400830515132,17.948403923326673,17.628512788465677,17.629382601204988
8.24800946336461,39821168453.006836,39823605776.3274,17.952575813931702,17.953674632308847,17.63612948671274,17.63700359784761
8.3474856247977,39835956831.546234,39835316564.57203,17.95924285804938,17.958954206514477,17.643706117105083,17.644569017614863
8.448161531058608,39860722529.756424,39841550621.47657,17.970407976803443,17.961764706144574,17.651314800881572,17.652050857891656
8.550051651821585,39865901785.02644,39842268238.73485,17.972742940253962,17.962088229505014,17.65890251487989,17.659392388697
8.653170631274223,39855759950.75486,39841740388.18357,17.968170697506544,17.961850258661656,17.666283469322234,17.66656095907378
8.757533290222188,39875805897.03685,39841223441.91783,17.977208010683686,17.961617203796923,17.673543414861903,17.673554113815612
8.863154628219347,39878686478.3201,39840720638.13223,17.97850666303078,17.961390524785955,17.68075324856563,17.680376142698385
8.970049825723585,39866610635.80052,39840201088.89588,17.973062511420675,17.96115629642408,17.687742682474283,17.687031085110092
9.078234246278617,39872023243.11687,39839674576.9669,17.9755026769651,17.960918929071763,17.694531499116167,17.693522773328485
9.187723438722127,39872182894.97994,39839148661.72801,17.975574652808277,17.96068183072521,17.701189066947382,17.699855041382058
9.298533139420517,39858614241.7628,39838613577.79384,17.96945749740986,17.960440598856128,17.70761685505162,17.706031620128584
9.410679274530622,39859357166.37548,39838066066.18747,17.969792430083892,17.960193764220072,17.713824319886662,17.712056082687027
9.524177962288718,39878412186.08538,39837512976.650764,17.97838300387335,17.959944414885904,17.71999103558329,17.71793193702278
9.639045515327101,39854682801.833115,39836956407.20694,17.967685086500346,17.959693496705345,17.725985317773088,17.723662655624555
9.755298443018628,39866800874.12139,39836392986.666885,17.97314827655542,17.95943948984534,17.731776722198994,17.729251621737177
9.872953453849549,39857779555.92093,39835822742.39073,17.969081196024458,17.959182406640657,17.737446779346058,17.73470212070149
9.992027457820912,39868815473.81012,39835244449.60109,17.974056518454184,17.958921694924953,17.742993903696078,17.740017353587824
10.112537568878977,39865205263.65068,39834657077.16482,17.97242892754941,17.958656889832515,17.748448794769345,17.74520043358602
10.234501107374921,39885125601.32629,39834062196.64422,17.981409612603453,17.958388699870714,17.753862306944367,17.750254403098317
10.357935602554209,39878536259.60843,39833461457.74871,17.978438939934886,17.958117868777983,17.759217908680483,17.755182249652655
10.48285879507597,39868803557.58152,39832853660.13757,17.97405114626131,17.95784385540476,17.764359358382094,17.75998689230571
10.60928863956282,39871744232.85919,39832238543.5995,17.97537689078156,17.957566542439995,17.769343130922277,17.764671173186514
10.737243307181362,39867408035.48091,39831614497.596115,17.973422003087354,17.95728520380473,17.774201143261347,17.769237857055046
10.866741188253847,39878577869.35098,39830982033.332436,17.97845769885349,17.95700006996551,17.778981051896903,17.773689637366108
10.997800894901342,39852170421.274025,39830342686.84375,17.966552430071296,17.956711833413056,17.783565136786702,17.778029154727818
11.130441263718758,39874600203.7813,39829695888.81188,17.976664448040513,17.956420237481684,17.78802093720522,17.78225899228288
11.264681358482123,39862008556.84738,39829038927.70356,17.97098775634649,17.95612405973095,17.79242259104827,17.786381654384826
11.400540472888565,39859382929.817825,39828373314.82865,17.969804045015596,17.95582398150463,17.796639013249788,17.790399579779987
11.538038133329287,39892429886.232635,39827702149.68636,17.984702603081683,17.95552140014982,17.80091914743787,17.794315174111187
11.677194101695985,39857550744.48654,39827023294.97486,17.968978040974456,17.955215352106823,17.805085918395662,17.798130790998265
11.818028378221166,39860647089.58217,39826333048.62829,17.97037396611264,17.95490416837343,17.808985451225393,17.801848697064436
11.960561204352672,39850004103.939575,39825632859.97446,17.965575789312258,17.954588502350052,17.812751854607004,17.805471093366744
12.104813065662881,39832978422.604904,39824925531.28875,17.95790010206302,17.95426961738638,17.816281056746995,17.809000151564177
12.250804694792999,39861944589.49135,39824209797.89285,17.97095891794587,17.95394694332754,17.819791886027364,17.812437999946578
12.39855707443289,39844828544.82382,39823482972.651276,17.963242492198823,17.95361926873235,17.82328134769806,17.81578669523064
12.548091440336803,39854805514.2425,39822746145.04689,17.96774040893106,17.953287084772324,17.82665087895138,17.819048236994426
12.699429284375467,39888985532.30334,39822001395.09061,17.983149785134646,17.952951329178703,17.830177174460772,17.822224594400737
12.852592357625056,39872721175.45537,39821247164.663605,17.975817325773928,17.95261129950484,17.833713989213404,17.825317692630104
13.007602673493352,39877776429.32037,39820483290.98378,17.978096385675883,17.952266922363684,17.83710783093322,17.828329402106288
13.164482510883603,39869639734.418335,39819709828.38275,17.9744281198319,17.95191822224956,17.84040438778317,17.83126154836714
13.32325441739661,39866483184.88,39818926326.17135,17.973005052727167,17.95156499597828,17.84356269132898,17.834115911567352
13.483941212571365,39868890369.46178,39818132680.66169,17.974090283657887,17.951207196804248,17.84664234514394,17.836894226737023
13.646565991164776,39852539598.05329,39817329023.441666,17.966718866024234,17.95084488405122,17.849573970465634,17.8395981879568
13.811152126471006,39854347468.80974,39816515415.59891,17.96753390832655,17.950478085259338,17.852359055492922,17.842229450198285
13.977723273680795,39855076061.73188,39815691098.057625,17.9678623798451,17.95010645821449,17.855091668266006,17.844789625469964
14.146303373281274,39862509802.501465,39814855734.70364,17.971213732905085,17.949729851386333,17.857803346010346,17.847280281753665
14.316916654496875,39870816926.83703,39814010140.69886,17.97495883344391,17.94934863227428,17.860534871057652,17.849702952478122
14.489587638771654,39859029618.884964,39813153741.25165,17.969644761861574,17.948962541745036,17.86318245226341,17.852059135981584
14.664341143293623,39859953578.57678,39812286280.78633,17.970061310573243,17.948571464577434,17.865709698900226,17.854350290679648
14.84120228456165,39848628004.95426,39811408318.29898,17.96495540266061,17.94817565278365,17.868121128755377,17.856577842081922
15.020196481995317,39849150524.889275,39810517589.186806,17.965190970302444,17.9477740854129,17.870418113260268,17.858743172725987
15.201349461588306,39859244410.81706,39809614849.08498,17.969741596499908,17.947367103128148,17.87271768123648,17.8608476244327
15.384687259605924,39872027482.9499,39808701625.740486,17.97550458840886,17.94695539468352,17.87508502845344,17.86289251945186
15.570236226327143,39851754284.9012,39807776552.54171,17.966364823326636,17.94653834396955,17.877355229888252,17.864879149474692
15.758023029831811,39860964959.4012,39806839593.94242,17.9705172713507,17.946115934960932,17.879513510784314,17.866808768144356
15.948074659833509,39835271982.78794,39805890195.34195,17.958934107710505,17.94568791762707,17.881531517339443,17.868682596234656
16.14041843155869,39871307779.62776,39804928397.70044,17.97518012458833,17.94525431043402,17.883558925423074,17.870501822873074
16.335081989672556,39857729045.15773,39803954629.759224,17.969058424259064,17.944815306671224,17.885656643922403,17.87226761153539
16.532093312252265,39863284447.754944,39802968258.56205,17.97156296619437,17.944370620983037,17.88766242775485,17.87398109700794
16.731480714808132,39846013875.97382,39801968762.192024,17.96377687499475,17.943920018073687,17.88955739560113,17.87564338102793
16.933272854353273,39848926993.96667,39800956451.19184,17.96509019586536,17.943463637945122,17.891331438625468,17.87725553812824
17.13749873352231,39851677378.85681,39799931293.408394,17.966330151777658,17.943001466101766,17.8930936920344,17.87881861885991
17.34418770473983,39855311757.726166,39798892046.21586,17.967968638660974,17.94253294233066,17.894848320534997,17.880333642037865
17.553369474439055,39866649646.23982,39797839074.69973,17.973080098495497,17.94205823122329,17.89664158450833,17.88180159770446
17.765074107331372,39852206262.609825,39796772894.23,17.966568588419314,17.941577565123882,17.898374952696674,17.883223457153015
17.979332030727445,39867388555.2033,39795692839.178764,17.973413220794562,17.941090643947437,17.90007214879172,17.884600167824956
18.196174038910378,39856126353.31,39794598568.349976,17.968335882756126,17.940597313872555,17.901749223921946,17.88593264934856
18.415631297561585,39866593850.16515,39793489960.65443,17.97305494395334,17.94009752030859,17.903383017636532,17.88722179710269
18.637735348240156,39857880373.05295,39792366897.90713,17.96912664740814,17.939591209974218,17.90498685715214,17.88846848397533
18.862518112916142,39861425197.304955,39791229075.69542,17.970724760386826,17.93907824563108,17.90652548813899,17.88967355991135
19.090011898558522,39844486985.22858,39790076480.69252,17.963088506899876,17.938558621271067,17.90795548332791,17.890837853031346
19.320249401778593,39865860416.03998,39788908823.034256,17.972724289875416,17.93803220621473,17.90937651201038,17.891962170208203
19.553263713529255,39857375657.31663,39787725647.37958,17.968899106432502,17.937498795180673,17.910831749918483,17.893047295213506
19.789088323861044,39874064791.38223,39786526875.73713,17.97642306808961,17.936958353008063,17.912297131834396,17.894093990413705
20.027757126735455,39869453601.96936,39785312504.45058,17.97434420574722,17.93641087804851,17.913791616443564,17.895102999679754
20.269304424896426,39935050348.53391,39784082239.26782,18.003917184431586,17.935856237644355,17.915578633929883,17.896075047658716
20.513764934800466,39848784331.24461,39782835611.88644,17.965025879235966,17.935294220670833,17.917208068463438,17.897010837751477
20.76117379160629,39844580542.95644,39781572508.85664,17.963130685526668,17.934724775981387,17.91831837315163,17.89791105359862
21.011566554224647,39855546624.92234,39780292736.12359,17.968074523829827,17.93414781609027,17.919438972272136,17.898776360999243
21.264979210429043,39866389304.59516,39778996005.24496,17.97296272868203,17.933563210959047,17.9206494877936,17.8996074073987
21.52144818202804,39858088603.0234,39777682229.793236,17.96922052371756,17.932970921623607,17.921844286616786,17.900404822907678
21.78101033010006,39879882959.694855,39776351115.35955,17.9790460726821,17.932370815355608,17.92308380456673,17.901169220667896
22.043702960291224,39855361990.2489,39775002321.32809,17.96799128498723,17.931762738595232,17.924277912050275,17.90190119590185
22.309563828177094,39856051091.94504,39773635620.490265,17.96830195267791,17.93114658891005,17.92531726229213,17.902601326701305
22.578631144689147,39876433741.122574,39772250896.22242,17.97749106160826,17.930522313722616,17.92644515224714,17.903270175629316
22.85094358160664,39837197822.42174,39770847625.8267,17.959802333917175,17.929889677385074,17.927443726384727,17.90390828849352
23.126540277114675,39844595280.40513,39769425564.35472,17.96313732961008,17.929248569467365,17.928250102528693,17.904516194079687
23.405460841429427,39862374569.806915,39767984718.8808,17.9711527659547,17.92859899315879,17.929172162544468,17.905094407383412
23.687745362491093,39828102619.49336,39766524622.18236,17.95570194393722,17.927940737821423,17.92998263225925,17.90564342872652
23.9734344117255,39862077609.912544,39765045008.97637,17.971018887537152,17.927273683857724,17.93077449929038,17.906163742671854
24.26256904987534,39867952764.44152,39763545706.631454,17.973667583223328,17.926597753440287,17.93175952512454,17.906655819966378
24.555190832901552,39874235222.41792,39762026373.82101,17.976499903506756,17.925912792688866,17.93278615451142,17.90712011745404
24.851341817956033,39859485839.5908,39760486702.44704,17.969850439824512,17.925218662703646,17.933742570464876,17.90755707768815
25.15106456942623,39834848505.798965,39758926340.38598,17.95874319159615,17.924515204736775,17.934465666538316,17.907967129209837
25.454402165052805,39865776942.81042,39757345026.79813,17.9726866576426,17.923802301193902,17.935207007467515,17.908350687136725
25.76139820212097,39837589471.7745,39755742673.75257,17.95997890117954,17.923079912433135,17.935943530385273,17.90870815489447
26.072096803726463,39876269718.03401,39754118925.54301,17.977417115085668,17.92234787809142,17.9367207808115,17.90903992397306
26.38654262511724,39804463946.47286,39752472876.07478,17.945044921905282,17.921605789674132,17.937299173583526,17.90934636983115
26.70478086011153,39872471324.148254,39750804562.563126,17.97570468531893,17.920853663959015,17.93784805359639,17.909627854422034
27.02685724759327,39839916571.52307,39749114172.06768,17.96102802746804,17.920091585278165,17.938570044678446,17.90988473232625
27.35281807808605,39825500511.95639,39747400866.41441,17.954528835898248,17.91931917575761,17.939024664263567,17.91011734621357
27.68271020040616,39840148566.58591,39745664071.79548,17.961132617793133,17.918536176707583,17.939470682456246,17.91032602310313
28.016581028395926,39847680501.05989,39743903803.76872,17.964528239517023,17.917742595142027,17.940024357764788,17.910511079303937
28.354478547738374,39826056467.886894,39742119850.21235,17.95477947748862,17.916938335430082,17.94048872354812,17.910672822574014
28.696451322853907,39841312586.95528,39740311693.51082,17.96165739305066,17.916123164215154,17.940909260527608,17.910811549473145
29.042548503880234,39861358783.21644,39738478999.098526,17.9706948189259,17.915296930665047,17.941508519034556,17.910927544989843
29.39281983373656,39842500932.737946,39736621388.70494,17.962193134933315,17.914459464244064,17.942098680990213,17.911021083552477
29.747315655272857,39870350075.657196,39734738485.78998,17.97474836294479,17.913610595196662,17.942724373982088,17.911092429056716
30.10608691850536,39850198319.81648,39732829924.43475,17.965663347648437,17.912750158555642,17.943374814369406,17.911141835181294
30.469185187939466,40030155437.55142,39730895324.17586,18.046793407988222,17.9118779827967,17.944869688529298,17.911169545608367
30.8366626499808,39884543969.31947,39728934304.17417,17.981147395468604,17.91099389622615,17.946502146827267,17.911175794181048
31.208572120435743,39818285345.9209,39726946400.21974,17.951276022877078,17.91009768956424,17.946966980581923,17.91116080468668
31.58496705210235,39836455722.45355,39724931365.31727,17.959467773017586,17.90918925145808,17.94716668978353,17.911124791819447
31.965901542452947,39876759727.07015,39722888829.267,17.97763802584024,17.908268415010543,17.947674657570168,17.911067961886978
32.35143034140928,39807629198.51152,39720817936.608025,17.946471912357893,17.90733479455421,17.948013139899643,17.910990509747947
32.74160885921138,39850119005.39106,39718718480.95771,17.96562759032913,17.906388297045613,17.948204901782347,17.910892619994495
33.13649317438156,39846949438.48467,39716590311.91296,17.96419865460487,17.905428854678522,17.94860064797235,17.910774470941845
33.53614004178425,39828189394.95057,39714432812.75051,17.955741064913195,17.904456189415622,17.94886940440699,17.910636232568823
33.94060690078302,39844552135.68994,39712245533.6951,17.96311787867982,17.903470098484746,17.949120115104495,17.910478065136925
34.34995188349621,39844054841.28139,39710028029.63298,17.962893683461093,17.902470381215277,17.949449075465356,17.910300120331733
34.764233823151955,39852299224.45701,39707779841.64643,17.966610498405238,17.901456830713357,17.949811895209194,17.910102541416737
35.1835122625439,39812853146.20799,39705500498.94492,17.94882702449328,17.900429234732517,17.949997960284506,17.909885463295797
35.60784746258914,39866421944.9879,39703189524.19098,17.972977443949013,17.899387378074714,17.950258016882316,17.909649012612956
36.03730041098919,39836636871.533714,39700846432.5672,17.9595494404503,17.89833104216974,17.950636260583142,17.90939330787325
36.4719328309954,39840138912.359055,39698470735.16983,17.961128265378417,17.897260006605137,17.950866244468212,17.909118459573826
36.91180719028024,39831381344.880486,39696061926.47164,17.957180091575076,17.896174043474083,17.951062320114026,17.908824570282697
37.356986709915475,39838445446.522125,39693619514.52992,17.960364800241486,17.89507293099406,17.951245212928413,17.908511734811306
37.807535373458514,39826927397.69813,39691143094.1841,17.95517211874131,17.893956486506553,17.95139939160226,17.908180040936653
38.26351793614863,39836099898.33343,39688632139.6832,17.959307356843446,17.89282447298726,17.951538053484718,17.907829569380766
38.724999934213855,41174476584.46768,39686085788.26706,18.56268766583108,17.89167650147806,17.9589125457136,17.90746039152714
39.19204769429011,39771019213.58895,39683503591.39621,17.92996703428921,17.89051236976392,17.965676989730575,17.90707257007831
39.66472834295417,39799893917.68033,39680885224.600784,17.942984616003745,17.889331931564094,17.964986086205485,17.90666616212704
40.143109816371364,39865859455.06746,39678230027.29879,17.97272385664021,17.888134889068436,17.96481923158919,17.90624121814201
40.62726087005974,39814309672.64189,39675537420.94854,17.949483670248423,17.886920981453017,17.96472955529979,17.905797780781356
41.11725108877194,39817963303.58975,39672806836.49389,17.95113083654554,17.88568995217028,17.96438798211295,17.90533588556411
41.61315089649633,39812298375.344986,39670037691.11374,17.94857691716684,17.88444153846701,17.964043461801126,17.904855561015793
42.11503156657874,39818035538.34157,39667229345.83075,17.951163402135872,17.88317545227308,17.963707854561623,17.904356828459296
42.62296523196612,39815203907.72414,39664381198.65861,17.949886818215525,17.88189142219502,17.9633954411064,17.90383970208618
43.13702489557402,39843031256.69608,39661492636.50316,17.962432220862592,17.88058917183162,17.963224899975398,17.903304189262307
43.65728444077888,39834432231.343544,39658563004.20425,17.958555522599717,17.87926840581705,17.963159921758262,17.90275029040458
44.18381864203688,39807927243.91077,39655591660.1533,17.94660628015356,17.877928834894945,17.96290843735936,17.9021779989951
44.71670317563108,39815141083.00012,39652577952.96889,17.94985849494766,17.876570165403038,17.962560966398954,17.901587301764874
45.25601463054789,39753553420.647156,39649521217.5487,17.92209293154137,17.875192097493283,17.961929142638844,17.900978178728177
45.80183051948482,39833068466.96459,39646420762.847855,17.957940696758172,17.873794319621943,17.961412545772937,17.900350603129464
46.35422928999115,39816312631.170715,39643275910.68813,17.95038666396352,17.872376526045954,17.9612402707932,17.899704541535197
46.91329033574276,39792721486.65671,39640085955.04019,17.939751069206302,17.87093839846614,17.960856386089084,17.899039953910666
47.479094007952895,39768787559.04202,39636850124.403046,17.92896093755723,17.86947958906674,17.96022777842381,17.898356793276868
48.05172162692088,39827471053.91929,39633567722.08703,17.9554172152542,17.867999783759174,17.959802287847776,17.897655005929348
48.631255493719785,39839960297.08766,39630238034.791824,17.96104774026261,17.866498660966297,17.95976549603958,17.896934531905444
49.21777890202509,39832381757.05413,39626860267.642,17.957631107356136,17.864975862334443,17.95975515902349,17.896195304606124
49.811376150086275,39790587810.52816,39623433660.21475,17.93878914408084,17.863431045042233,17.95948029862303,17.895437250705246
50.41213255284251,39793853176.24247,39619957442.71388,17.940261268777924,17.861863862042473,17.959007631302228,17.894660290441507
51.02013445418457,39806263946.307106,39616430803.74628,17.94585641576005,17.860273947534843,17.95863017323444,17.89386433749764
51.6354692393646,39838032636.78677,39612852920.32874,17.960178693244668,17.858660930493855,17.958498217222335,17.89304929887263
52.2582253475557,39849707588.999,39609222969.2602,17.965442111493214,17.857024439795804,17.958600754342342,17.89221507497743
52.8884922845628,39910826146.1405,39605540086.97251,17.992996188215393,17.8553640861183,17.959091197548187,17.89136155957295
53.526360635686835,39769732739.4374,39601803421.07177,17.929387053197857,17.853679485176627,17.95913644368504,17.890488639773405
54.171922078744295,39786968700.89533,39598012116.81187,17.937157541026828,17.851970251625634,17.95852422751288,17.88959619625044
54.825269397243595,39862305945.549866,39594165230.71223,17.971121828083582,17.85023596011601,17.95842276151974,17.888684102896555
55.48649649372027,39856250736.354324,39590261853.17829,17.968391958359128,17.848476200575277,17.958691093548396,17.88775222669673
56.15569840323338,39816725966.50796,39586301125.314285,17.95057300791742,17.84669058578748,17.958708577727098,17.88680042834433
56.83297130702432,39814385522.045425,39582282102.781235,17.949517865432046,17.844878690016326,17.95850325748803,17.885828562200288
57.51841254634043,39848630119.949684,39578203792.609276,17.964956356163913,17.843040065601244,17.95847435643632,17.884836475728235
58.21212063642555,39815856641.89234,39574065213.27461,17.95018109033501,17.8411742700419,17.958451851228695,17.883824009461286
58.91419528067912,39788546021.86758,39569865362.31887,17.937868644578963,17.839280851400023,17.958109175900052,17.882790997114515
59.6247373849859,39806462120.425804,39565603228.07777,17.94594575859022,17.83735935358705,17.957725895654978,17.881737265585897
60.34384907221895,39765556700.868835,39561277801.50453,17.92750436989356,17.83540932169446,17.957227038916084,17.88066263508302
61.07163369691718,39772877809.038666,39556888051.34982,17.930804944803008,17.833430290804152,17.956562188312628,17.879566919176177
61.808195860139854,39847628964.73204,39552432866.65071,17.964505005396358,17.831421760060753,17.956353553404455,17.878449924409534
62.553641424500675,39976245335.36076,39547911097.78682,18.022489118729187,17.829383211180957,17.957237666841667,17.877311449836714
63.308077529382736,39793781349.87462,39543321684.59023,17.94022888729932,17.8273141662093,17.957803303477444,17.876151287473647
64.07161260633724,39771184889.087524,39538663525.31105,17.930041725767744,17.82521412844392,17.957265534704998,17.874969222716736
64.84435639466776,39799057553.18412,39533935420.48461,17.94260755783068,17.82308255713021,17.956770299723633,17.87376503375404
65.62641995720267,39759638520.79989,39529136192.6106,17.924836277004882,17.82091892141575,17.95622298042112,17.872538491335266
66.41791569625771,39791017894.12823,39524264662.90892,17.93898303865341,17.81872268987115,17.955647958800217,17.871289359057766
67.21895736979077,39797375451.98022,39519319601.00265,17.94184921621081,17.816493307805636,17.955287292968837,17.870017393251974
68.02966010775216,39731968499.686386,39514299763.06937,17.912361802470077,17.814230214466793,17.95461752228207,17.868722342807434
68.85014042863149,39791228470.05449,39509203871.07533,17.939077972590002,17.81193283367872,17.95393478260759,17.86740394909392
69.68051625620426,39804355536.77002,39504030599.712776,17.944996047563198,17.80960056795297,17.953653323301406,17.866061945704004
70.52090693648064,39785824780.6891,39498778630.23659,17.936641827525058,17.807232822759733,17.953348660529084,17.86469605842161
71.37143325485853,39788151280.36893,39493446659.092155,17.93769068328459,17.804829010417535,17.95296534486279,17.863306005523484
72.23221745348323,39775299322.01892,39488033348.74437,17.93189663540505,17.802388527925473,17.952534413694394,17.86189149785508
73.10338324881701,39849001002.95088,39482537264.27102,17.965123561332817,17.799910728377625,17.952441429781352,17.860452238303086
73.98505584942022,39899704690.541046,39476956941.2372,17.9879823028231,17.79739495156286,17.953014297540864,17.858987921308408
74.87736197394675,39873760245.53362,39471290925.759926,17.97628576969661,17.794840542027174,17.953703365744204,17.857498232966318
75.78042986935695,39775789654.37912,39465537761.210846,17.932117691923793,17.792246843078853,17.953712036694295,17.85598285126539
76.69438932934987,39669833091.990204,39459695966.53253,17.88434929905216,17.789613187012844,17.952631176797656,17.85444144613383
77.61937171301778,39749612685.89993,39453764006.464615,17.920316330249634,17.78693888168777,17.95144207245601,17.852873679209438
78.55550996372601,39745609391.04919,39447740293.66371,17.918511524988876,17.78422321148168,17.950683140226467,17.85127920346859
79.50293862822011,39844628434.25959,39441623189.868004,17.96315227636099,17.78146543781706,17.950452916502265,17.849657662881324
80.4617938759637,39754290047.515335,39435411090.72632,17.9224250250035,17.77866483740433,17.95026844443694,17.848008692536627
81.43221351870939,39806788257.20573,39429102334.28175,17.94609279082194,17.775820660983534,17.94989083042156,17.846331918723386
82.41433703030589,39742013082.384,39422695204.87291,17.916890201294212,17.772932135083103,17.949452843691393,17.844626958544513
83.40830556674398,39700519002.61769,39416188018.453636,17.898183426938427,17.76999850048458,17.94845844962873,17.842893420019383
84.41426198644395,39750747628.24529,39409579001.92212,17.920827996262737,17.76701895782054,17.947537197451254,17.841130901988393
85.4323508707883,39768667256.42301,39402866328.07031,17.928906701532213,17.76399268333086,17.947000681801878,17.839338993566994
86.46271854490156,39743449805.89522,39396048168.91545,17.9175379192985,17.760918852906126,17.94643652236899,17.837517274084714
87.50551309868081,39716594597.69237,39389122667.52573,17.905430786836288,17.75779662938586,17.945607583236484,17.835665313157367
88.56088440808018,39718514221.397896,39382087912.41003,17.90629621071626,17.75462515101259,17.944666036189805,17.833782670470384
89.62898415665175,39694903828.6806,39374941911.85921,17.89565193829231,17.751403519864162,17.94363013960494,17.831868895293493
90.70996585734608,39714516804.21944,39367682659.802444,17.90449405528627,17.748130831543747,17.942598820776194,17.829923526224484
91.80398487457624,39606164511.10402,39360308236.010025,17.85564559522505,17.744806220354256,17.941113928407386,17.827946091826988
92.91119844654749,39701025315.95795,39352816591.1548,17.898411688161783,17.74142876239761,17.93959866992208,17.825936110630334
94.03176570785615,39765753855.880974,39345205524.60163,17.92759325327996,17.737997465561563,17.938970630433552,17.823893089869042
95.16584771236167,39663440799.34704,39337472916.38484,17.88146746201022,17.734511374102063,17.938151403507685,17.821816525380598
96.31360745633391,39661919644.130135,39329616606.88816,17.880781679663365,17.730969514399394,17.93680028707684,17.819705902090714
97.47520990187972,39745304624.593994,39321634323.43863,17.918374127139817,17.727370861864493,17.935921091484097,17.817560693453938
98.65082200065248,39732701435.79853,39313523787.45734,17.912692232028807,17.723714389245725,17.93543766190953,17.815380361093514
99.84061271784705,39762129612.47046,39305282645.460556,17.925959335765153,17.71999903552211,17.93505688472892,17.81316435464798
101.04475305648423,39765665684.85339,39296908513.13237,17.92755350313905,17.716223725772597,17.934860345045717,17.810912111491774
102.26341608198875,39618921393.755264,39288399037.99258,17.86139678013104,17.71238739942863,17.933898849751134,17.80862305703317
103.49677694706244,39765440584.63117,39279751717.09025,17.92745202121468,17.708488928084936,17.932968319734833,17.80629660435838
104.74501291685849,39703164623.0085,39270963996.936676,17.89937615187559,17.704527160552303,17.93250305138856,17.8039321534532
106.00830339445916,39769150424.37172,39262033292.01593,17.929124528119605,17.700500931202686,17.93207272430707,17.80152909107304
107.28682994666,39674961537.24287,39252956973.01644,17.886661355824543,17.69640905466365,17.931496846833777,17.79908679065106
108.58077633006585,39619583386.14679,39243732404.50217,17.861695226134984,17.692250342801675,17.930137094901756,17.79660461234842
109.89032851750162,39665529330.86025,39234356845.52083,17.882409034590516,17.688023559913344,17.928762428938114,17.7940819027693
111.21567472474072,39710711944.34343,39224827463.88732,17.9027787104574,17.68372742916476,17.92790697747467,17.791517994231842
112.5570054375567,39744510643.66467,39215141373.37274,17.91801617674855,17.679360649357466,17.927493227233242,17.788912204331908
113.91451343910114,39661633105.82688,39205295686.86793,17.880652499611333,17.674921918896143,17.92682343969587,17.78626383600031
115.28839383761098,39646250652.62565,39195287456.49298,17.873717628837127,17.670409908788212,17.92564692531594,17.783572177519055
116.67884409445062,39605763841.26918,39185113666.52074,17.855464961259102,17.665823259453518,17.924199112100098,17.780836502181298
118.08606405249265,39662874390.013435,39174771202.60614,17.881212107712535,17.661160566852,17.92287750324258,17.77805606775647
119.51025596483952,39807228409.70273,39164256868.01693,17.946291224754923,17.656420389800978,17.92266591685504,17.775230115891933
120.95162452389278,39716834413.949425,39153567430.43094,17.905538903190063,17.651601271072774,17.922740001295537,17.772357871866372
122.410376890773,39854032251.09448,39142699536.15458,17.96739179873633,17.64670169872184,17.92306957133883,17.76943854413659
123.88672272509324,39607457135.77774,39131649915.43313,17.856228349156073,17.641720198644787,17.922794920391095,17.766471324542763
125.38087421509283,39691756538.41304,39120415151.06939,17.894233045544258,17.636655230266733,17.921670737385593,17.763455388355506
126.89304610813464,39691198378.52855,39108991636.32832,17.893981410345397,17.63150516756346,17.92101769064445,17.76038989286751
128.42345574156886,39582505561.38428,39097375863.64454,17.844979431849584,17.626268429219405,17.919793201036835,17.75727397734605
129.97232307397022,39625684961.43366,39085564170.06679,17.864445999082573,17.62094336386639,17.918252710097004,17.754106763151707
131.53987071675215,39638513799.46713,39073552743.665436,17.870229623630717,17.615528252972343,17.917046855688913,17.750887352537358
133.12632396616075,39618404768.16237,39061337771.61714,17.86116386983523,17.61002137760225,17.915829635972923,17.74761482830518
134.731910835656,39481198689.793846,39048915449.418304,17.799307258898512,17.604421022571913,17.913797367008165,17.744288254307502
136.3568620886835,39567184668.747986,39036281783.77211,17.83807231442246,17.59872538758348,17.911546850762395,17.74090667492557
138.00141127184006,39648052402.74076,39023432610.041626,17.874529911770953,17.592932595093853,17.910240569072876,17.737469113608135
139.66579474844085,39571263707.052475,39010363812.74062,17.839911267101503,17.587040789718525,17.908981972716237,17.733974572721923
141.35025173249107,39542470173.15831,38997071180.19428,17.8269302793438,17.581048072708313,17.907190870924804,17.730422033795215
143.05502432306622,39597825379.772385,38983550348.10326,17.85188606497344,17.574952476506308,17.905586749486698,17.726810456680973
144.78035753910876,39524235564.25339,38969796897.124985,17.818709571325417,17.568752008740475,17.90391912315703,17.72313877896443
146.5264993546428,39613350364.14935,38955806274.50277,17.858885193072016,17.562444616891696,17.902379125275882,17.7194059154817
148.2937007344144,39449814020.848816,38941573907.783554,17.785158109827318,17.556028239561133,17.900470077807377,17.715610758044726
150.0822156699622,39535644862.461464,38927095094.10255,17.823853224789676,17.549500756556437,17.898199256755504,17.71175217518151
151.8923012161215,39571833443.53314,38912364914.26012,17.840168121376767,17.542859950155034,17.896632289199943,17.707829010833265
153.72421752796987,39536483022.6209,38897378443.6898,17.824231092501527,17.536103600214815,17.895104632002795,17.703840083759648
155.57822789821867,39403573049.981476,38882130723.781494,17.764311294742384,17.529229471245788,17.89271145268869,17.69978418792397
157.45459879505376,39428608154.72636,38866616635.07274,17.77559787003393,17.522235255240883,17.889803924131286,17.695660092035787
159.35359990043426,39455713099.182724,38850830882.195206,17.787817591081534,17.51511856488941,17.887243799505296,17.69146653835023
161.2755041488532,39553042859.62323,38834768011.69951,17.83169676316866,17.507876941612995,17.885411118427143,17.68720224151174
163.22058776656405,39523160913.69513,38818422534.876144,17.81822508665633,17.500507910936946,17.883977988571957,17.682865888179546
165.189130311282,39362837636.4833,38801788952.593445,17.74594654987055,17.493008993687948,17.88155884845558,17.678456137447544
167.1814147123639,39506928196.39132,38784861437.229065,17.810906891350065,17.48537756259925,17.87912007634625,17.673971619677253
169.1977273114714,39464924891.63307,38767634066.63469,17.791970543111113,17.47761094778896,17.877278321310673,17.66941093492686
171.23835790372596,39286853441.44591,38750101009.78467,17.711690598198032,17.46970652045601,17.874300539184556,17.664772653656957
173.30359977936027,39378220854.70813,38732256109.62104,17.752881765540312,17.4616615048142,17.870938889705016,17.660055316163906
175.3937497658705,39473581134.49643,38714092966.1768,17.795873036742147,17.453473015566658,17.868654227859114,17.655257430258644
177.5091082706783,39331406690.34221,38695605257.87181,17.731776537652866,17.445138202755658,17.866166079526728,17.650377471168053
179.64997932430765,39340134503.8387,38676786503.184006,17.735711297469635,17.436654144316854,17.86302904088529,17.645413881863718
181.81667062408056,39396452838.41023,38657629942.796524,17.76110129003861,17.428017792947703,17.86031522569572,17.64036507148464
184.00949357834142,39393065349.404625,38638128705.12574,17.759574108502896,17.41922605073242,17.857946470709518,17.63522941406095
186.22876335121506,39372451956.03766,38618275813.84485,17.75028097317866,17.41027577253386,17.855505108000656,17.630005248187025
188.4747989079024,39301808709.63756,38598064156.73268,17.718432881171097,17.401163751949646,17.852632629344534,17.624690876574878
190.74792306052458,39348176787.22654,38577486396.00372,17.73933699977437,17.39188668088621,17.849702309427595,17.61928456497107
193.04846251451977,39319499898.973236,38556535040.23068,17.726408599366366,17.382441181983683,17.846933491233198,17.613784541009636
195.37674791559772,39284053157.76687,38535202470.74688,17.710428146416696,17.372823820518867,17.843887603343347,17.608188993615816
197.73311389726268,39368640741.87308,38513480804.15976,17.748562763646124,17.363031042422204,17.841180156400767,17.60249607182551
200.11789912890913,39314535378.10323,38491362016.12593,17.724170444616995,17.35305923007927,17.83869520373845,17.596703883567713
202.53144636449608,39180066834.92926,38468838027.39299,17.66354799656481,17.342904741121032,17.835259475487867,17.590810495595225
204.97410249181,39180175437.686584,38445900506.78406,17.66359695794164,17.332563819603337,17.831191906680623,17.58481393281522
207.44621858232193,39302190854.90748,38422540791.4828,17.71860516370817,17.32203256006904,17.827876809726703,17.57871217616159
209.94814994164432,39293742193.759056,38398750084.01146,17.714796254133546,17.31130699635158,17.82524257845255,17.572503161152774
212.48025616059775,39249152804.20737,38374519475.8491,17.69469402138846,17.30038311222282,17.82238635102456,17.566184777656318
215.04290116689413,39233049034.76608,38349839800.24071,17.687433959642007,17.289256775034957,17.81927457374562,17.559754868993576
217.63645327744084,39222698603.85026,38324701671.05937,17.68276767527764,17.27792375324076,17.816095425971586,17.553211230493098
220.26128525127794,39160379409.582855,38299095510.592834,17.654672315367016,17.266379728920587,17.812601843291542,17.546551608433813
222.91777434315375,39151901558.42638,38273011515.6837,17.650850246062205,17.254620282517372,17.80881466288105,17.539773698978895
225.60630235774448,39107117103.820854,38246439622.73541,17.63066007214654,17.24264087706028,17.80483159880478,17.5328751467671
228.32725570452996,39220406852.209015,38219369506.87967,17.68173448497498,17.230436857789332,17.80131381232703,17.525853543347292
231.08102545333108,39022488046.43031,38191790723.88263,17.59250675751796,17.218003516131,17.797417446019725,17.518706426407935
233.86800739051486,39221116408.39868,38163692454.00702,17.682054374164178,17.205335974223544,17.793629875147733,17.511431278402156
236.68860207588085,39137165595.8956,38135063636.07468,17.644206832651644,17.192429245356454,17.7905354264122,17.504025524565854
239.54321490022994,39045118653.02751,38105893110.06799,17.602709313003768,17.17927829825943,17.786574118276814,17.496486532460587
242.4322561436301,39162664112.19159,38076169251.54846,17.655702327754625,17.16587789228731,17.782849544468615,17.48881161032018
245.35614103438468,39152366136.67186,38045880175.298935,17.65105969185442,17.152222669228113,17.779781873495676,17.480998004589942
248.31528980870976,39101170358.582634,38015013825.835884,17.62797910122372,17.138307194108677,17.776457165499846,17.473042899091414
251.31012777113347,39100415621.78998,37983557817.63008,17.62763884326505,17.12412588316134,17.77293539958178,17.464943413829047
254.3410853556237,39042224697.777275,37951499457.47449,17.601404631271656,17.109673013908075,17.76918043358989,17.45669660309709
257.408598187451,38952523960.74449,37918825796.58849,17.560964851508615,17.09494274865062,17.76472360767798,17.44829945403001
260.5131071457995,38913985932.935455,37885523551.6616,17.543590753940943,17.07992909887463,17.759689152640657,17.439748885039695
263.6550584271334,38963469366.65793,37851579066.78522,17.565899368427853,17.06462590808737,17.754835244344346,17.43104174366593
266.8349036093247,38944512251.43288,37816978367.16789,17.557352932913467,17.049026876034148,17.750257168247575,17.422174804564417
270.05309971655794,38996652739.153496,37781707123.35016,17.580859426950283,17.033125542565323,17.74596704620793,17.413144767635277
273.31010928501604,38858969148.98862,37745750756.3694,17.51878753938912,17.016915335047745,17.741315646637087,17.403948256570935
276.6064004293574,38846468341.7377,37709094317.64143,17.513151800945828,17.000389514211797,17.73597639694411,17.394581817351355
279.9424469099964,38920532825.02927,37671722386.85235,17.546542289047164,16.983541128117956,17.731095194587777,17.385041915588683
283.3187282011958,38825114293.93238,37633619248.70532,17.50352475641016,16.96636309183958,17.726210170245555,17.37532493434237
286.7357295599775,38928843824.75865,37594768703.040924,17.550289136729635,16.94884810185942,17.721491640715968,17.36542717190413
290.1939420958668,38788557675.622406,37555154227.310684,17.487043937609347,16.930988709317596,17.71668186017899,17.355344839500354
293.69386284147885,38610231487.895676,37514759020.27222,17.40664914938128,16.912777339710665,17.710283270025613,17.345074060146157
297.2359948239523,38687034052.253586,37473565677.077095,17.441274046462514,16.89420614641149,17.70350225572256,17.334610866012937
300.8208471372484,38571637549.80928,37431556377.45988,17.38924984578546,16.875267095510505,17.69666963283419,17.3239511951446
304.44893501532135,38586798178.04437,37388712939.01808,17.39608471121887,16.855951989835905,17.689467758256807,17.313090889536788
308.1207799061689,38461563100.046555,37345016734.8105,17.339624985910387,16.836252431804517,17.681844163789904,17.302025693101733
311.836909546778,38633699674.58823,37300448492.93472,17.41722931106867,16.816159733065334,17.67466118201701,17.290751248167194
315.5978580389755,38587372062.039536,37254988482.39696,17.396343435317927,16.795664998295194,17.668313265309603,17.27926309199293
319.4041659261899,38360108691.319885,37208616766.64981,17.293886298797965,16.774759239501222,17.660648841676455,17.267556655718536
323.2563802711419,38365342968.796074,37161312719.252625,17.296246067907536,16.75343315766598,17.651987701717523,17.25562726208
327.15505473447257,38495850283.62146,37113055055.06023,17.355082675538483,16.731677156808303,17.644260695724874,17.243470120776824
331.100749654316,38312761959.27678,37063822165.434616,17.272540973445473,16.709481495106772,17.636425909530136,17.23108032591535
335.0940321268354,38584773186.283806,37013591640.20084,17.395171784262768,16.686836069383087,17.62926620334754,17.2184528527239
339.13547608772984,38527743865.76482,36962340413.745186,17.369461257926947,16.66373048096752,17.623413697761205,17.205582552592897
343.2256623947215,38150922085.25369,36910045337.51872,17.199578709378677,16.640154293800663,17.61537263637619,17.192464152083872
347.36517891104063,37900984251.35683,36856682536.81029,17.086899245512658,16.61609674444742,17.60417894399505,17.17909225154535
351.5546205899174,38392718860.51982,36802227010.85565,17.30858794010108,16.591546561814237,17.594565504349827,17.16546131819847
355.79458956008955,37940293892.280235,36746653524.70222,17.104621209390455,16.566492369228417,17.585359532615758,17.151565682055264
360.08569521234466,38188770992.52392,36689936136.63002,17.216642130760828,16.540922471385368,17.57530492353639,17.137399534129084
364.428554287106,38198434772.64731,36632047987.10168,17.220998852375338,16.5148247592009,17.566859478640506,17.12295692104491
368.82379096307136,37987966487.38652,36572961837.520355,17.126113443574955,16.488186952699472,17.557534681320615,17.108231741551446
373.2720369469261,38218994763.81385,36512649499.36329,17.230267912387646,16.460996343650468,17.548554738529017,17.093217742908887
377.7739315641329,38064406223.35547,36451082064.111664,17.160574766747803,16.433239899227484,17.540183427598297,17.07790851556713
382.3301218508199,38205850249.777336,36388229857.40708,17.224341971639415,16.404904241340688,17.531949726456833,17.062297488944335
386.94126264677766,38095712978.78671,36324062325.73909,17.17468879007263,16.375975595552156,17.52407023611167,17.04637792645335
391.60801668957356,38101774298.37943,36258548151.17229,17.177421414547204,16.3464398427983,17.51582532872713,17.030142920660897
396.33105470980524,37786220215.54532,36191655261.03877,17.035160179742896,16.316282523759504,17.506112621225395,17.013585389222452
401.11105552750286,37788706851.41064,36123350656.97809,17.03628122969266,16.28548876178622,17.4949682743894,16.99669807004647
405.94870614969005,37717160988.44637,36053600277.878815,17.00402621109483,16.254043201108914,17.48371677744538,16.979473514929293
410.84470186912574,37751840943.85901,35982369187.84932,17.019660974035144,16.221930091580933,17.472538367274954,16.961904083623086
415.7997463642362,37541037261.11206,35909621607.04245,16.92462435799921,16.18913330257519,17.46067634927876,16.943981939207884
420.81455180024926,37704732826.09631,35835320549.19546,16.998423223149345,16.155636159576297,17.448855771931967,16.92569904178946
425.88983893155137,37712880674.794846,35759427905.80125,17.002096517458963,16.121421482127488,17.438227992925633,16.907047140874734
431.02633720527984,37487205654.346924,35681904786.993126,16.90035545682979,16.08647173751169,17.426682819490523,16.888017770205924
436.22478486616023,37467120176.765976,35602711082.998764,16.89130032175869,16.050768843041816,17.414105273067026,16.868602242170674
441.48592906261183,37403604376.04976,35521805392.051186,16.86266549580962,16.014294133560877,17.401377849631437,16.848791639629262
446.81052595413337,37389214767.28878,35439145137.96045,16.856178229055526,15.977028414446833,17.38853748163296,16.828576808184394
452.1993408199794,37152690174.38525,35354686639.32419,16.749545856101154,15.938951992814765,17.374654210638184,16.80794834963015
457.65314816915196,37100897458.211006,35268384878.07958,16.726196147896964,15.900044573173174,17.35956601869735,16.786896614680003
463.17273185171797,37200074090.939285,35180193345.64093,16.77090794534525,15.86028518805819,17.345093178887456,16.765411693811984
468.7588851714661,36902941058.64116,35090064309.99836,16.636951472032557,15.819652318449673,17.329893356936726,16.743483408948816
474.41241099992544,37118488137.05394,34997949187.33165,16.734126552950723,15.778124061305856,17.31463434925275,16.721101308749663
480.1341218917604,36811786599.80902,34903797296.68204,16.59585631092765,15.735677568132084,17.29923332771823,16.69825465929551
485.9248402015522,40663936462.879265,34807554340.845604,18.33252088281249,15.692288360122042,17.30326472735961,16.67493242022311
491.7853982019932,36892323160.96628,34709167243.470116,16.632164605639677,15.64793250886593,17.30738667015176,16.651123239347466
497.7166382035078,36328100434.85672,34608582101.91053,16.37779609612749,15.602585713436397,17.288358166495307,16.62681546209105
503.71941267531,36816560968.86888,34505740557.28323,16.598008739543904,15.556221663900226,17.269409573583903,16.601997110320536
509.79458436792675,36354208319.25517,34400583433.106544,16.389566312628236,15.508813681726501,17.25101889830546,16.576655861964092
515.9430264371982,36070667401.35593,34293050188.760124,16.261737571717607,15.460334473389727,17.229086222196013,16.550779047490806
522.1656225697697,36134386398.17797,34183077877.53643,16.29046400455911,15.410755660628205,17.206510331309797,16.524353637974496
528.4632671101007,36448269739.09034,34070601224.434174,16.431972018848274,15.36004781551566,17.186493891259587,16.497366228326992
534.8368651890073,36212631462.23527,33955553172.474117,16.325739223723314,15.308180706756774,17.16735195189056,16.469803024276743
541.2873328537482,35813305908.67726,33837864786.32738,16.145711300053758,15.255123256239925,17.145267265012585,16.441649832038237
547.8155971996863,36056562109.958755,33717464368.6109,16.255378483749503,15.200843140636714,17.122892888130487,16.41289204296697
554.4225965035367,36169628156.41744,33594277662.765144,16.30635204504584,15.145306882865315,17.102947366055318,16.383514614976665
561.1092803582181,35783128206.00791,33468228325.179363,16.132106287541355,15.088480064938686,17.081998127630648,16.35350205801036
567.8766098093348,35695334133.60675,33339237324.370426,16.092526089319502,15.030327057096384,17.059021816454322,16.322838419133944
574.7255574933044,35429279394.15642,33207222575.27079,15.972580641554089,14.97081085293062,17.03469442473678,16.291507262828716
581.6571077771479,35451213215.56517,33072099277.937046,15.98246906540068,14.909893222086232,17.009648887548583,16.259491651629133
588.6722568999686,34840396332.75029,32933780252.44895,15.707094514046059,14.84753486124319,16.98203154773358,16.226774130816562
595.7720131161401,35317013322.73829,32792174372.895233,15.921967732973952,14.783694688110485,16.954386630367022,16.19333670684007
602.9573968402125,35667944320.47438,32647186898.33213,16.08017794093786,14.71832999063215,16.93181215421953,16.159160819713424
610.229440793577,34466012928.535995,32498720804.834995,15.538311258588182,14.651397027516039,16.905178043685744,16.12422732497929
617.5891901528903,35115785581.016815,32346674691.0024,15.831248238055458,14.582850083972314,16.87628542408834,16.088516471919345
625.0377027002941,34662085922.20511,32190943226.238327,15.626706838644134,14.512641673812503,16.849089123033902,16.052007873570346
632.5760489754474,34681925045.95291,32031417427.488422,15.635650910026287,14.440722664210478,16.820235284438972,16.014680481317065
640.2053124293863,34507790007.01836,31867983882.661636,15.557145617244037,14.367041925597672,16.791234820551875,15.976512557384101
647.9265895802449,33922859983.056934,31700524986.10312,15.29344163745237,14.291546437821317,16.758854504206674,15.937481645121945
655.7409901708554,34188213599.086357,31528917993.252445,15.4130709977734,14.214180863956045,16.725561861777134,15.89756453616823
663.6496373282415,33310733474.374016,31353035694.129482,15.017476667518956,14.134887853931493,16.68975234548679,15.856737236986989
671.6536677250424,33372779327.6196,31172745839.009357,15.045448797107417,14.05360778560938,16.650466482641594,15.814974936690247
679.7542317428836,33751405963.102757,30987909813.15112,15.216145028352033,13.97027816731147,16.614474911037355,15.77225196545316
687.9524936377117,33655510532.45072,30798383192.270424,15.172912495107262,13.884833888243309,16.580830775475174,15.728541749863547
696.249631707129,33301501963.761127,30604016237.294987,15.013314825950934,13.797207441544803,16.54557276178259,15.683816774935964
704.6468384597479,32289548539.682053,30404652748.66152,14.557095903410112,13.707328407772955,16.503834112932058,15.638048543496925
713.145320786579,34144296547.67764,30200128377.35403,15.393271875206974,13.615122693467324,16.46767702679947,15.59120752137644
721.746300134495,32567016421.743805,29990272066.43533,14.682186737811996,13.520513181035613,16.43374851439894,15.543263082676896
730.451012681785,33531762848.5754,29774904872.27158,15.117123331632767,13.423419197326389,16.397433977277363,15.494183457657957
739.2607095158205,32289450874.85265,29553839221.93756,14.557051873178896,13.323756178845125,16.36042681027212,15.443935671609143
748.176656812871,32678529444.203396,29326879328.42227,14.73246014935965,13.221435858941316,16.319791953320756,15.392485483459168
757.2001360200866,32083093074.634956,29093820718.45649,14.46401959418949,13.11636605493901,16.278986242210618,15.339797325507206
766.3324440396711,35565210793.99492,28854445567.03002,16.033862589219044,13.008448564797392,16.254694097649857,15.285834217010153
775.5748934152812,47890866574.82231,28608522500.867336,21.59063750211141,12.897579078511718,16.31568174156796,15.230557653994794
784.9288125206746,32038028532.20841,28355815632.846523,14.44370314829244,12.783651251100057,16.35548557441052,15.173927549174604
794.3955457506266,31064466211.03911,28096075831.378433,14.004792085172708,12.66655276657783,16.3049615671402,15.115902174343828
803.9764537141556,31110324793.278885,27829035644.92865,14.025466508007653,12.54616304978025,16.250712810186137,15.056438030522047
813.6729134300795,29735583536.971886,27554414796.517323,13.405691961273389,12.422355743447472,16.190606950371237,14.995489723751422
823.4863185249237,30849034643.016975,27271916970.20337,13.907669079799433,12.294997259475382,16.130609341397186,14.933009855739318
833.4180794332223,29094307363.342785,26981228689.120083,13.116585449034037,12.163946273100441,16.068516642382622,14.86894889400521
843.4696236002361,30416094344.39784,26682016870.7829,13.71248662193061,12.029052620759183,16.005681404270245,14.803255026013963
853.6423956871075,28788956393.382877,26373928201.698025,12.978924083207167,11.890157018143034,15.94260972308417,14.735874000427549
863.9378577784973,28795083285.610306,26056588494.65368,12.981686269790076,11.747090770445967,15.872427622398819,14.666748965344889
874.3574895927261,28988554577.0745,25729597468.40757,13.06890892454289,11.599673418891198,15.804980209493108,14.595820278916229
884.9027886944416,28900592731.807846,25392527307.170517,13.029253089286662,11.447712091303245,15.739685208898486,14.523025288993335
895.5752707098593,28881316925.7245,25044921412.428913,13.020562978385112,11.291000939392108,15.675366661498868,14.448298103647359
906.3764695445994,27844806029.396477,24686290512.392193,12.553272811592178,11.129319384775604,15.606900959772036,14.371569339595716
917.307937604142,27990525064.34897,24316109153.174175,12.618967318412206,10.962430537098811,15.535337918322877,14.292765837085115
928.3712460169497,26724420895.81181,23933811616.10314,12.04816962570206,10.790079353435118,15.45944173920958,14.211810340968874
939.5679848602816,29403504518.12838,23538785211.787052,13.255980790215224,10.611989615049906,15.393015963454355,14.128621131639544
950.8997633887208,25960878332.470314,23130368899.730846,11.703941761777669,10.427863305082681,15.323890279451762,14.043111621691153
962.368210265473,25854201296.946056,22707845744.416252,11.655848558030652,10.23737720752182,15.237554097911074,13.955189914279693
973.9749737964391,26294253664.60495,22270432336.168766,11.854237349706098,10.040178137814454,15.155061262550138,13.864758275063926
985.7217221671224,25713000730.667778,21817271366.613594,11.592191112266038,9.835879595659554,15.073736056922838,13.771712520609402
997.6101436823909,24514444057.15018,21347421413.82133,11.051845854089825,9.62405715984556,14.9848127846533,13.675941326990019
1009.6419470091245,22901135343.641457,20859852390.30832,10.324517949969646,9.404246436072558,14.882966263838407,13.577325476089275
1021.8188614217956,24461473359.388897,20353422020.051506,11.02796507649289,9.175932452085823,14.783351374204285,13.475736969216571
1034.1426370510137,22262182220.019398,19826853752.64815,10.03645873827398,8.938539700717282,14.682563868128558,13.37103791819633
1046.6150451350566,20492001154.607815,19278722469.722736,9.238408077889899,8.691425695905524,14.562979030856418,13.263079268694952
1059.2378782744452,21101038574.423225,18707425479.020336,9.51298039401017,8.433867895964035,14.44010246590869,13.151699322083044
1072.0129506895892,19341363852.689487,18111154659.01889,8.719666308134853,8.165051145537847,14.313916279589083,13.036721988687404
1084.9420984815295,19554026663.926228,17487845386.676506,8.81554107499502,7.884044650701848,14.182521014967127,12.917954660171603
1098.027179895836,20614483416.56196,16835111873.87648,9.293626751249233,7.589772826692837,14.061064953816063,12.795185513803258
1111.270075589688,20297984369.213043,16150200109.377775,9.15093949812973,7.280994082730886,13.946415419854628,12.668180284504123
1124.6726889021647,19305194373.124107,15429872860.142933,8.703360023079098,6.956248977172515,13.827468251658301,12.536678245739935
1138.2369461278074,17305789381.270428,14670273132.978653,7.801968348915496,6.6137986619274605,13.69532716076814,12.400386941610934
1151.9647967934795,16058803744.488281,13866768176.417852,7.239789863127618,6.251554553833278,13.54900351676022,12.258975480839197
1165.8582139385567,13846867335.545135,13013688674.475029,6.242582658522118,5.866960755386281,13.387643332968782,12.112065760341236
1179.919194398505,14862952892.3616,12103944934.701313,6.700664470303089,5.456821020817438,13.22382297262662,11.9592204502188
1194.1497590918812,12929616505.863918,11128451607.845856,5.829058502904319,5.01703940247985,13.058890829972452,11.799926135260147
1208.5519533107824,10447545363.367298,10075264222.399466,4.710066466951691,4.542230974750876,12.874268244226691,11.633569163024791
1223.1278470148095,16383777059.68943,8928093435.935423,7.386297570091019,4.025052014022306,12.712736072984065,11.459399498268585
1237.879535128577,8991108664.371525,7663612711.425119,4.053461166989939,3.4549862185192,12.54682612915219,11.276473082167664
1252.8091378427982,15755002642.970592,6246116597.586113,7.102827224429847,2.815936501038426,12.381942105287175,11.08355256666118
1267.918800919016,10633832661.74643,4609912496.1290655,4.794050362383352,2.0782866700662854,12.22935695913445,10.878887444040815
1283.210695998004,7310273192.157194,2631942591.2594695,3.2956901768874376,1.1865585753281356,12.03534542741445,10.659758824265891
1298.6870209118815,0.0,0.0,0.0,0.0,11.789012937559907,10.421181653363421
1314.35,0.0,0.0,0.0,0.0,11.509710120390865,10.17428520754298
