R_kpc,Sigma_bar,Sigma_eff,kappa_bar,kappa_eff,kappa_bar_mean,kappa_eff_mean
1.0,40445504725.87253,40448555350.2844,18.637456076863998,18.638861817226704,0.0,0.0
1.0120606264911474,40445551300.650696,40448599685.66196,18.63747753871466,18.638882247152292,0.44155494864978023,0.44158824085770143
1.0242667116936537,40445605797.04506,40448645105.239975,18.637502650878872,18.63890317668194,0.8726492222147544,0.8727149558837572
1.0366200099307066,40445638362.935074,40448691635.56432,18.637517657375856,18.6389246180481,1.2935305753646202,1.2936280093320698
1.0491222966837304,40445686788.26279,40448739304.12466,18.637539971967414,18.638946583918113,1.7044409385604413,1.7045693934037165
1.0617753688475675,40445736551.43354,40448788138.99673,18.637562903042582,18.638969087229405,2.1056166357994712,2.105775367374723
1.0745810449887383,40445787880.88386,40448838169.059586,18.637586555865862,18.638992141289563,2.497288314601943,2.497476593426927
1.0875411656068144,40445839705.03094,40448889423.939316,18.63761043664746,18.639015759750407,2.8796811533905364,2.879898269261601
1.1006575933989453,40445891280.14931,40448941933.76678,18.637634202675596,18.639039956496365,3.2530149858096813,3.2532602575696155
1.113932213527575,40445949104.69797,40448995729.38938,18.63766084846709,18.639064745742047,3.6175044689012585,3.617777212434041
1.127366933891388,40446001496.84495,40449050842.54257,18.63768499098539,18.63909014211128,3.9733591452086188,3.9736587027401784
1.1409636853995222,40446055348.07927,40449107305.77512,18.637709805857185,18.639116160602676,4.320783567296187,4.321109332662268
1.1547244222490889,40446114516.331856,40449165152.525566,18.637737070833012,18.63914281662484,4.659977500089929,4.660328859295672
1.1686511222060412,40446176988.85768,40449224417.008064,18.637765858431635,18.639170125943814,4.991135985607286,4.991512307501945
1.1827457868894284,40446231879.37102,40449285134.18018,18.6377911522075,18.639198104668175,5.314449374269732,5.314850082032214
1.19701044205908,40446295053.748436,40449347340.029076,18.637820263222242,18.63922676938096,5.630103534813659,5.630528076995543
1.2114471379067577,40446360078.7307,40449411071.54914,18.637850227003362,18.639256137129344,5.9382799831720465,5.9387277827352545
1.2260579493508208,40446428223.903595,40449476366.61968,18.637881628581244,18.63928622536826,6.239155906905932,6.239626390172324
1.2408449763344431,40446492334.2363,40449543263.98927,18.637911170888056,18.63931705195321,6.532904263283725,6.5333968926759685
1.2558103441274293,40446564321.258575,40449611803.293594,18.637944342806048,18.639348635148487,6.819693938494446,6.8202081855207615
1.2709562036316695,40446629646.239296,40449682025.267334,18.637974444827698,18.639380993724803,7.099689802304625,7.100225162988676
1.2862847316902777,40446702982.50711,40449753971.770874,18.638008238483618,18.63941414697159,7.373052820111461,7.3736088131718915
1.3017981314004599,40446780055.090096,40449827685.72052,18.638043753849043,18.639448114664862,7.6399401998946646,7.640516310529346
1.3174986324301545,40446852420.98604,40449903211.0507,18.638077100353584,18.639482917049783,7.900505355536334,7.901101106249841
1.3333884913384921,40446933373.18026,40449980592.744316,18.638114403459934,18.63951857485467,8.15489809345461,8.155513016474256
1.34946999190012,40447007385.025734,40450059876.97378,18.638148508424838,18.63955510935595,8.40326465774973,8.40389830842857
1.3657454454334392,40447090128.2868,40450141111.18202,18.638186636862205,18.639592542415528,8.645747829550402,8.646399784517444
1.3822171911327976,40447177505.77378,40450224344.03376,18.638226900770068,18.639630896458304,8.882487069779394,8.883156864425615
1.3988875964046932,40447258430.288574,40450309625.394516,18.63826419112162,18.63967019446252,9.113618452165818,9.114305665273843
1.415759057208029,40447348483.1478,40450397006.34638,18.638305687852093,18.639710459967016,9.339274852012958,9.339979079875732
1.4328339983984741,40447433152.039696,40450486539.22245,18.638344703628125,18.639751717087098,9.559586001420966,9.560306853140826
1.4501148740769754,40447526187.5452,40450578277.83406,18.638387574774352,18.63979399061925,9.774678555671102,9.775415656668986
1.467604167942475,40447622083.050934,40450672277.48858,18.638431763820535,18.639837306049337,9.984676213725043,9.985429161578836
1.4853043936488803,40447718173.87655,40450768594.810234,18.638476042870924,18.63988168947004,10.189699699383526,10.190468109609885
1.5032180951663396,40447822463.71705,40450867287.74806,18.638524100061325,18.639927167584514,10.389866905777179,10.390650382539182
1.5213478471468749,40447916881.064514,40450968415.83512,18.638567607966053,18.639973767825836,10.585292877127632,10.586091069954815
1.5396962552944244,40448023279.21246,40451072040.25422,18.638616636673262,18.640021518387304,10.776089954002732,10.776902535425558
1.5582659567393489,40448129210.40637,40451178223.68928,18.638665450206112,18.64007044815392,10.962367865640294,10.963194481102299
1.5770596204174525,40448236720.9913,40451287030.427635,18.63871499152889,18.640120586749564,11.144233685292813,11.145074010788772
1.5960799474535783,40448347497.44762,40451398526.45243,18.638766037778723,18.640171964579533,11.321791969820152,11.32264569151905
1.615329671549826,40448462315.5216,40451512779.47131,18.638818946422717,18.6402246128438,11.495144812353626,11.496011613676838
1.6348115593784562,40448579327.3031,40451629858.96369,18.638872865936218,18.640278563558752,11.664391881317135,11.665271449690833
1.65452841097953,40448701200.32105,40451749836.18666,18.63892902552761,18.640333849559966,11.82963048843297,11.830522511339787
1.6744830601633456,40448835985.10648,40451872784.219894,18.638991134914928,18.640390504522852,11.990955698616691,11.991859805700178
1.6946783749177292,40448947065.415215,40451998778.19127,18.639042321181215,18.640448563066645,12.14846016713448,12.14937608976987
1.7151172578202367,40449079111.84262,40452127895.280876,18.639103168721814,18.640508060756257,12.30223440070891,12.303161923798895
1.7358026464553273,40449210561.72594,40452260214.567566,18.63916374137243,18.640569034031547,12.452366885766976,12.453305723355882
1.7567375138365704,40449346613.79811,40452395817.16406,18.639226434730727,18.64063152026959,12.598943923884718,12.599893810160896
1.7779248688339402,40449484838.86469,40452534786.38212,18.639290129413844,18.64069555786079,12.742049786867685,12.743010461715542
1.7993677566062685,40449626704.58057,40452677207.7696,18.639355501723237,18.64076118622596,12.881766744850337,12.882737959758392
1.8210692590389104,40449772171.96522,40452823169.15066,18.639422533696514,18.640828445834828,13.018175126589703,13.019156637572808
1.8430324951866892,40449922689.18018,40452972760.69114,18.63949189265252,18.640897378236193,13.151353365451662,13.152344926174537
1.8652606217221832,40450076377.811874,40453126074.943184,18.63956271301048,18.640968026078465,13.281378034117814,13.28237939940566
1.88775683338942,40450236014.9692,40453283206.91952,18.63963627447369,18.6410404331439,13.408323896183884,13.409334817960806
1.9105243634630407,40450393336.138374,40453444254.1907,18.639708768719967,18.64111464439341,13.532263913647144,13.533284172371262
1.9335664842130058,40450557544.37317,40453609316.975716,18.639784436554606,18.64119070600833,13.653269325599254,13.654298724971746
1.9568865073748998,40450730732.697334,40453778498.21053,18.639864242451615,18.641268665421975,13.771409744778834,13.772448050873736
1.9804877846259143,40450900899.57739,40453951903.60042,18.639942656054668,18.641348571343766,13.886753080125995,13.88780007796879
2.0043737080665673,40451084146.47707,40454129641.71441,18.64002709698493,18.64143047380277,13.999365654996073,14.00042112598487
2.0285477107082346,40451261469.637344,40454311824.03137,18.640108808231542,18.64151442416891,14.109312204434184,14.110375944618141
2.0530132669665586,40451445366.50087,40454498565.05648,18.640193548667835,18.64160047520664,14.216655895311458,14.217727750762228
2.0777738931608125,40451639517.40257,40454689982.52061,18.640283014207387,18.641688681166837,14.321458485982903,14.322538264857199
2.102833148019282,40451834444.1491,40454886197.39023,18.64037283725945,18.641779097791353,14.423780239558623,14.424867746378492
2.1281946331907466,40452043178.99719,40455087333.908676,18.640469023141897,18.641871782332032,14.523680011544654,14.524775028485344
2.153861993762124,40452243917.9975,40455293519.751076,18.640561524504566,18.6419667936221,14.621215214033418,14.622317551849369
2.1798389187823672,40452469292.618034,40455504886.04781,18.640665378063066,18.642064192086977,14.716441959806753,14.717551397682728
2.206129141792668,40452666949.87576,40455721567.53886,18.640756459345997,18.642164039815405,14.809414921800945,14.810531319984673
2.232736441363065,40452891369.20106,40455943702.927246,18.640859872700492,18.642266400722317,14.90018749275564,14.901310777026973
2.2596646416355184,40453123194.552444,40456171434.866745,18.640966698782485,18.642371340543157,14.988811989750854,14.989941962095218
2.2869176128735367,40453358416.91365,40456404909.79021,18.641075090220667,18.64247892675479,15.075339363342124,15.076475833500774
2.314499272018431,40453593518.256744,40456644278.10836,18.641183425893203,18.642589228667106,15.15981931590379,15.160962143881907
2.3424135832522777,40453832618.44147,40456889694.51186,18.64129360424852,18.642702317562197,15.242300375807071,15.243449468813404
2.3706645585676736,40454086081.11182,40457141318.30425,18.641410400896696,18.642818266847794,15.322830000963702,15.323985234741867
2.399256258344359,40454346445.91293,40457399313.49606,18.641530378075313,18.64293715210063,15.401454540187363,15.402615746261507
2.4281927919327986,40454615036.56237,40457663848.779015,18.641654145758903,18.643059051054546,15.478219210995103,15.47938621274408
2.4574783182447963,40454888296.79348,40457935097.44106,18.641780065205065,18.643184043561355,15.553168147273722,15.554340774337286
2.4871170463512398,40455163314.47291,40458213237.61876,18.641906794490694,18.643312211707116,15.626344402011654,15.627522527348187
2.5171132360870474,40455446358.20698,40458498452.75715,18.64203722221554,18.643443640024064,15.697790026817161,15.698973549029104
2.547471198663417,40455741037.69239,40458790931.689545,18.642173011742788,18.64357841552737,15.767546130855706,15.76873492177926
2.578195297287452,40456045192.86681,40459090868.7416,18.642313167706774,18.6437166277631,15.835652857067284,15.836846756774007
2.6092899477892684,40456355702.13876,40459398463.92451,18.64245625166522,18.643858368897245,15.902149368471697,15.90334821703588
2.6407596192566607,40456663671.12663,40459713923.176704,18.642598165050238,18.644003733827088,15.967073834466989,15.968277539961452
2.6726088346774195,40456988566.77459,40460037458.53212,18.642747878310324,18.644152820258736,16.030463578789604,16.031672059316683
2.7048421715894047,40457316849.244576,40460369288.338524,18.64289915223203,18.644305728807755,16.092355072183818,16.093568226713302
2.7374642627384485,40457660662.14835,40460709637.51235,18.64305758264194,18.64446256311656,16.15278391455557,16.154001632578947
2.770479796744201,40458007899.063644,40461058737.701,18.64321759085054,18.644623429929236,16.21178486179484,16.21300702663276
2.803893518774003,40458364833.537674,40461416827.57398,18.643382067734365,18.644788439225685,16.269391815124216,16.270618337878357
2.837710231224885,40458736988.33918,40461784153.11376,18.643553558208122,18.64495770435564,16.325637936952877,16.326868694126308
2.8719347944137956,40459115218.38306,40462160967.79339,18.643727848178724,18.645131342120536,16.38055558376036,16.381790441056655
2.9065721272761507,40459498660.01405,40462547532.85037,18.643904539670256,18.645309472899697,16.434176291080135,16.435415160832246
2.941627208072808,40459895777.75327,40462944117.540504,18.644087533169095,18.645492220767306,16.486530889108053,16.487773690274008
2.977105075105571,40460295674.60628,40463350999.60445,18.644271807295073,18.645679713707416,16.537649463705932,16.53889613860951
3.013010827441318,40460717181.98195,40463768465.676445,18.644466039639394,18.645872083802267,16.587561432231485,16.588811904805848
3.0493496256448713,40461144096.50661,40464196811.39235,18.64466276362036,18.646069467282086,16.636295528291733,16.63754969449466
3.086126692520694,40461587169.95755,40464636341.63963,18.64486693370148,18.646272004640284,16.68387977586677,16.68513753649812
3.123347313863546,40462035946.04541,40465087371.01061,18.645073731581306,18.646479840842307,16.73034153591752,16.731602798967295
3.161016839218183,40462500565.07649,40465550224.288956,18.64528782995498,18.646693125549806,16.775707520123806,16.776972205143203
3.1991406826482205,40462972953.28551,40466025236.87267,18.645505508398024,18.64691201331558,16.82000381800251,16.821271848749497
3.237724323514275,40463462658.52024,40466512755.13165,18.64573116659823,18.647136663748302,16.863255909586226,16.864527209024697
3.2767733072614837,40463965948.495964,40467013136.795135,18.645963084703347,18.647367241691093,16.90548870255048,16.90676316540235
3.3162932462165258,40464477436.61141,40467526751.47823,18.6461987805452,18.647603917464124,16.94672646463256,16.94800401184839
3.356289820394258,40465001888.43827,40468053981.18567,18.646440450118956,18.647846867096757,16.986992885565844,16.988273470864446
3.396768778314074,40465544864.58567,40468595220.798706,18.646690655776336,18.64809627255191,17.0263111502244,17.02759470716477
3.4377359378261105,40466102539.895905,40469150878.62479,18.646947634868823,18.648352321979342,17.06470390335723,17.065990341034837
3.4791971869474256,40466668310.35262,40469721377.03458,18.647208344238337,18.64861521000921,17.102193196198712,17.10348246137991
3.521158484708249,40467256011.616646,40470307153.05217,18.647479159414676,18.648885138024024,17.1388005976937,17.14009263847114
3.56362586200845,40467853632.02872,40470908658.93117,18.647754545375516,18.649162314424117,17.174547174891,17.175841936396097
3.606605422484327,40468479949.75886,40471526362.94335,18.64804315517937,18.649446954991063,17.209453533666682,17.210750925221753
3.6501033433858567,40469110084.601776,40472160750.06947,18.6483335239246,18.649739283206,17.24353975696944,17.244839692877374
3.6941258764645224,40469763504.8493,40472812322.70122,18.6486346226807,18.650039530573103,17.27682542385638,17.278127856763522
3.7386793488718437,40470438127.51444,40473481601.48408,18.648945491598653,18.650347937007965,17.30932974371661,17.310634575094397
3.7837701640687524,40471123991.9349,40474169126.19875,18.649261540764005,18.65066475124377,17.341071404834747,17.342378557980926
3.8294048027459335,40471824085.950645,40474875456.69917,18.6495841469858,18.650990231263528,17.372068615098087,17.373378078261194
3.875589823755259,40472553255.08939,40475601173.863014,18.64992015114468,18.65132464473808,17.40233924875034,17.403650982084567
3.922331865052462,40473294319.15567,40476346880.62724,18.650261636535433,18.651668269503272,17.43190074277041,17.433214699255913
3.9696376446511854,40474058722.10716,40477113203.10578,18.650613876581144,18.652021394074996,17.460770090648495,17.462086253346556
4.017513961588521,40474858530.70033,40477900791.79187,18.650982431693166,18.65238431820323,17.488964011625445,17.49028227157825
4.06596769690221,40475664211.070946,40478710322.82914,18.651353692544554,18.65275735345776,17.516498732125587,17.5178189944866
4.115005814619619,40476487690.21588,40479542499.322685,18.65173315514486,18.653140823832324,17.543389999387305,17.54471228536954
4.164635362758645,40477346222.21412,40480398052.77385,18.65212877024513,18.65353506640577,17.569653347031924,17.570977639527
4.214863474340702,40478223292.770195,40481277744.65173,18.652532927989633,18.653940432066214,17.59530394359481,17.596630193298115
4.265697368415905,40479129514.3186,40482182368.06175,18.652950518632124,18.654357286279918,17.620356566913017,17.62168473290191
4.317144351100639,40480064296.58037,40483112749.51804,18.65338127016961,18.654786009908015,17.644825699050976,17.646155703087462
4.369211816627631,40481015618.719635,40484069750.887695,18.65381964335115,18.655227000102435,17.668725409753563,17.67005721559928
4.421907248408684,40482002401.69786,40485054271.464096,18.654274357034133,18.655680671261287,17.69206947410592,17.693403057464156
4.4752382201102385,40483018126.45997,40486067250.08181,18.65474240721099,18.656147456003435,17.714871407701875,17.716206699104507
4.529212396741896,40484048355.44284,40487109667.620705,18.65521714099284,18.65662780632238,17.737144291272966,17.73848130228474
4.583837535758073,40485126982.42602,40488182549.86726,18.655714176773664,18.65712219490478,17.75890100343065,17.76023972789864
4.639121488172954,40486236871.20743,40489286970.0987,18.65622561812058,18.65763111632122,17.78015420747283,17.78149454360197
4.695072199688863,40487367000.74385,40490424051.95927,18.656746386491232,18.658155088351627,17.800916113181145,17.802258031294084
4.75169771183828,40488540136.79965,40491594973.042564,18.65728697244412,18.65869465363601,17.821198706281297,17.82254219445754
4.8090061631396015,40489762167.03696,40492800968.55175,18.657850089038327,18.6592503813611,17.84101384439214,17.842358765363393
4.867005790266854,40490988219.330215,40494043335.22754,18.65841505901258,18.659822869070386,17.86037288974138,17.86171921214717
4.925704929233514,40492268742.71478,40495323435.68988,18.65900512949129,18.660412744664782,17.87928696892647,17.880634745762364
4.9851120165906035,40493585292.398506,40496642703.17149,18.659611801037848,18.661020668583863,17.897767117381182,17.899116326818802
5.0452355906392325,40494949530.71543,40498002646.81787,18.660240447704084,18.661647336248123,17.915824073052256,17.91717467231367
5.106084292657776,40496350396.652565,40499404857.45537,18.660885972529396,18.662293480716933,17.933468322024137,17.93482026226364
5.1676668681438365,40497796847.81635,40500851013.85366,18.661552503215937,18.662959875574312,17.950710091120424,17.952063346245406
5.229992168071196,40499407340.29653,40502342889.75653,18.662294624820426,18.663647338168744,17.967560063960935,17.968913949854016
5.293069150161929,40500838254.89211,40503882361.70463,18.66295399619199,18.664356733217925,17.984027426848524,17.985381881089143
5.356906880173848,40502417279.35721,40505471417.69018,18.66368161720481,18.665088976796913,18.000121083447244,18.001476736680132
5.4215145332034815,40504060555.03392,40507112166.802155,18.664438845442024,18.665845040782635,18.015851043986256,18.01720790836107
5.486901395004776,40505746995.347694,40508806849.990234,18.665215964122762,18.666625957813988,18.0312265107304,18.03258458910865
5.5530768633236836,40507501515.11377,40510557852.159836,18.666024454097055,18.66743282686526,18.046256490328528,18.04761577935709
5.620050449248863,40509313477.47597,40512367715.70548,18.666859413857537,18.66826681948238,18.060949852820826,18.06231029320569
5.687831778578659,40511177942.20159,40514239155.84481,18.667718566924513,18.66912918684888,18.075315173257057,18.076676764637
5.756430593204574,40513123275.174065,40516175078.04378,18.668614984414543,18.670021267815503,18.08936095249061,18.09072365376661
5.825856752511429,40515116696.914,40518178597.77295,18.66953356140777,18.670944498003994,18.103095463881562,18.10445925314778
5.896120234794399,40517192428.61986,40520253063.02924,18.67049006717417,18.67190042018519,18.116526794841352,18.117891694157677
5.967231138693149,40519338986.854706,40522402080.14316,18.67147921009845,18.672890696171123,18.129662963797905,18.131028953496198
6.039199684643272,40521571212.571884,40524629543.561424,18.672507828953364,18.673917120538977,18.142511818397058,18.143878859834402
6.11203621634521,40523882180.07691,40526939670.30214,18.673572732350216,18.674981636508154,18.155081062854155,18.156449100656204
6.1857512022509145,40526271375.292404,40529337040.019394,18.67467368340002,18.676086354402223,18.167378178456705,18.168747229344973
6.2603552370684294,40528768025.36133,40531826641.88332,18.675824150091294,18.677233573251446,18.179410626954446,18.180780672577075
6.335859043284609,40531344846.55656,40534413929.73497,18.677011559969586,18.67842580620836,18.19118570207428,18.1925567380974
6.412273472706223,40534032395.06578,40537104887.470146,18.678249993452727,18.67966581067694,18.202710544497364,18.20408262296911
6.489609508019627,40536841848.93196,40539906106.97993,18.67954460142921,18.680956624227893,18.213992352907322,18.21536542241061
6.567878264369249,40539753690.3455,40542824881.69373,18.680886390011533,18.682301607703696,18.22503810890994,18.226412139359745
6.647090990955133,40542798662.25277,40545869320.08373,18.682289525676715,18.683704497521905,18.23585469162276,18.23722969494232
6.727259072649714,40545970480.91539,40549048484.48504,18.683751112852075,18.685169469644077,18.24644894948713,18.247824940070686
6.808394031634124,40549305856.78061,40552372562.33867,18.685288067863745,18.686701218485215,18.25682773618776,18.258204668461193
6.89050752905422,40552778447.14855,40555853079.86202,18.686888251886522,18.688305055374034,18.266997797563906,18.268375631445675
6.973611366696582,40556429066.84018,40559503172.034584,18.688570472558933,18.689987032963476,18.276965800829327,18.278344555074007
7.057717488684729,40560253319.15549,40563337928.18834,18.69033270386341,18.69175410448021,18.28673845255352,18.288118160174132
7.142837983195795,40564291104.02692,40567374840.88099,18.692193331854067,18.69361433056727,18.29632249566404,18.29770318627691
7.228985084197899,40568534984.0244,40571634399.19975,18.694148929332318,18.6955771526809,18.305724688988533,18.307106420667715
7.3161711732084855,40573046701.60985,40576140887.79215,18.696227947480317,18.697653761287246,18.314951929921005,18.316334734356772
7.404408781073854,40577828080.413445,40580923486.635544,18.6984312266344,18.69985760264072,18.324011297467518,18.325395127571944
7.493710589770156,40582911593.428894,40586017824.89603,18.70077373048455,18.702205094808612,18.33290989113553,18.33429478867382
7.58408943422613,40588352224.83637,40591468242.79057,18.703280795968702,18.70471666994653,18.34165512036601,18.34304117252672
7.67555830416779,40594208212.541916,40597331204.07796,18.705979259355136,18.707418346788362,18.350254837201792,18.351642108024958
7.768130345985381,40600531402.985794,40603680675.55553,18.70889301169825,18.71034420954064,18.358717308358173,18.36010595112812
7.861818864622859,40607448055.45037,40610617082.80916,18.71208023379824,18.713540534729233,18.36705157934651,18.368441812638697
7.956637325490131,40615086517.95701,40618283304.83572,18.71560006895488,18.717073161587617,18.37526787125112,18.376659917008528
8.052599356398389,40623646973.13314,40626896067.940125,18.719544762151923,18.721041958494634,18.383377958680658,18.384772211825137
8.149718749518765,40633469783.675026,40636816477.4042,18.724071153929366,18.725613324259616,18.391396292509874,18.39279352051354
8.24800946336461,40645179387.52553,40648746351.78087,18.729466987877302,18.731110659778228,18.399342257038235,18.40074412856923
8.3474856247977,40660271680.50504,40660696145.0144,18.7364215789848,18.73661717398857,18.407246379963834,18.408636723589073
8.448161531058608,40685542008.80106,40667057129.264946,18.748066250917,18.739548341874315,18.415183898010923,18.416442097936084
8.550051651821585,40690828156.63758,40667789280.38351,18.75050212973188,18.739885720141846,18.423099504891113,18.42410108367328
8.653170631274223,40680476462.155334,40667250755.520996,18.745732026044422,18.739637565654977,18.430799414223987,18.431579629688887
8.757533290222188,40700937209.78362,40666723182.85181,18.755160423286753,18.73939445798415,18.438373088761562,18.438875176482295
8.863154628219347,40703877397.58171,40666209972.677376,18.75651527400047,18.739157968610385,18.445894493343417,18.4459921979279
8.970049825723585,40691551675.32763,40665679687.90859,18.750835530140602,18.73891361119283,18.453185970658375,18.452934907777742
9.078234246278617,40697076283.18364,40665142297.60792,18.753381292320014,18.73866597951676,18.4602681590698,18.459707304121164
9.187723438722127,40697239238.647705,40664605507.15873,18.75345638287271,18.738418624254734,18.467213428674558,18.46631338672994
9.298533139420517,40683389815.6658,40664059360.308174,18.747074511407277,18.73816695752421,18.47391898446251,18.472757047749518
9.410679274530622,40684148113.268364,40663500532.6393,18.747423938082918,18.737909447420087,18.480394691889053,18.479042014836097
9.524177962288718,40703597429.54667,40662936011.69318,18.756386263570477,18.737649313830232,18.48682789582358,18.485171947664085
9.639045515327101,40679377024.297134,40662367935.78256,18.745225400526202,18.73738754209802,18.49308121312497,18.491150468859736
9.755298443018628,40691745850.160675,40661792866.575294,18.750925006707817,18.737122547825745,18.499122881870935,18.496981107943984
9.872953453849549,40682537858.062035,40661210832.27088,18.746681925815203,18.73685434400786,18.505037960523012,18.502667292315856
9.992027457820912,40693802137.014046,40660620583.00869,18.751872552205665,18.736582354703412,18.510824794751404,18.508212361462714
10.112537568878977,40690117222.47231,40660021066.68928,18.750174528324294,18.736306095100616,18.516515412384315,18.51361956319443
10.234501107374921,40710449762.33434,40659413887.84451,18.759543846896978,18.736026304574406,18.522162868301667,18.51889207147686
10.357935602554209,40703724070.464836,40658800729.71889,18.756444620230035,18.735743758770813,18.527749915385236,18.524033003028308
10.48285879507597,40693789974.20853,40658180366.187706,18.75186694753451,18.735457892686497,18.533113550601204,18.529045403126503
10.60928863956282,40696791499.49782,40657552531.67246,18.753250062818196,18.73516858394179,18.53831269256061,18.533932236789838
10.737243307181362,40692365575.224884,40656915583.786606,18.751210578583905,18.734875075718158,18.54338063923762,18.538696388330177
10.866741188253847,40703766541.21823,40656270044.67975,18.756464190929083,18.734577608624313,18.548367109266387,18.54334066768074
10.997800894901342,40676812656.227776,40655617479.61823,18.744043729099882,18.734276903941463,18.55314928817911,18.54786782963098
11.130441263718758,40699706567.684135,40654957308.77957,18.754593338310784,18.733972694485004,18.557797637809408,18.552280569013437
11.264681358482123,40686854367.71735,40654286765.3173,18.748670991340568,18.73366370528063,18.562389504167264,18.556581498475435
11.400540472888565,40684174409.821526,40653607389.6293,18.74743605564352,18.73335064615007,18.566788129409428,18.560773162212215
11.538038133329287,40717905191.3758,40652922348.1407,18.76297933947486,18.73303497619512,18.571253229894033,18.564858069888512
11.677194101695985,40682304311.94017,40652229458.745255,18.74657430679505,18.732715689892196,18.575600067439247,18.56883867690864
11.818028378221166,40685464728.2498,40651524942.97151,18.748030639718934,18.732391046106006,18.579668108165038,18.572717347915145
11.960561204352672,40674601512.306725,40650810279.9099,18.743024824823934,18.73206172640754,18.583597264081334,18.57649637914848
12.104813065662881,40657223526.549,40650088326.50342,18.735016977018372,18.73172904728797,18.587278959617187,18.58017803616099
12.250804694792999,40686789076.71487,40649357795.108116,18.74864090497623,18.731392415395625,18.590941492683115,18.583764539260617
12.39855707443289,40669318857.778305,40648615942.535095,18.74059055573989,18.731050566657704,18.594581738803704,18.587258034101797
12.548091440336803,40679502275.93675,40647863878.61853,18.74528311700045,18.73070401249039,18.59809686980111,18.590660606714724
12.699429284375467,40714389565.049225,40647103729.97873,18.761359324304117,18.73035373284912,18.60177555401404,18.59397431140771
12.852592357625056,40697788657.50806,40646333906.063065,18.7537095573589,18.72999899480067,18.605465217647897,18.597201156623406
13.007602673493352,40702948517.36568,40645554239.37039,18.7560872421501,18.72963972115981,18.60900572602694,18.600343093670833
13.164482510883603,40694643453.6597,40644764785.53706,18.752260234400172,18.729275937564005,18.61244474432593,18.60340202702569
13.32325441739661,40691421587.12509,40643965084.425995,18.75077558495813,18.728907431980176,18.61573953111517,18.606379813818336
13.483941212571365,40693878582.446236,40643155031.28373,18.751907778577404,18.728534156137503,18.618952269165792,18.609278264108497
13.646565991164776,40677189472.20865,40642334759.07668,18.744217367464397,18.728156171307457,18.622010577286055,18.612099145234094
13.811152126471006,40679034752.385086,40641504329.29964,18.745067680211662,18.72777350582709,18.624916007971372,18.614844183720834
13.977723273680795,40679778421.738174,40640662967.67228,18.745410366129363,18.727385802904827,18.627766699895595,18.617515061271746
14.146303373281274,40687365985.4122,40639810331.91654,18.748906746893148,18.726992904817518,18.630595554938427,18.62011341366655
14.316916654496875,40695845005.1679,40638947255.11291,18.7528139143112,18.726595195452095,18.633445120164343,18.62264084064799
14.489587638771654,40683813787.991554,40638073149.964874,18.747269879610805,18.7261924041799,18.63620711283731,18.625098905353212
14.664341143293623,40684756866.74708,40637187755.37547,18.74770445420697,18.725784410686373,18.638843567351465,18.627489129265438
14.84120228456165,40673196938.351776,40636291640.87866,18.742377591328655,18.725371477415113,18.64135919690817,18.62981299953206
15.020196481995317,40673730270.54626,40635382494.24167,18.742623353012586,18.724952538879688,18.64375543219844,18.632071958460237
15.201349461588306,40684033024.51216,40634461088.42066,18.747370904707434,18.7245279512615,18.6461543663067,18.634267405884877
15.384687259605924,40697080610.74955,40633528984.19927,18.753383286480307,18.72409843377611,18.648624016224357,18.63640072124112
15.570236226327143,40676387908.94054,40632584785.8357,18.743848003790895,18.723663343259915,18.650992319819412,18.638473252086975
15.758023029831811,40685789175.599625,40631628455.928406,18.74818014640138,18.723222662478133,18.653243862886796,18.640486306275832
15.948074659833509,40659564546.295105,40630659426.53195,18.73609572861237,18.722776129719154,18.655349064553064,18.642441157353957
16.14041843155869,40696346014.94478,40629677741.77754,18.753044781691248,18.722323765318816,18.65746407774074,18.644339045855745
16.335081989672556,40682486302.103355,40628683841.111206,18.74665816861593,18.721865771775672,18.65965244705637,18.64618118557772
16.532093312252265,40688156660.03589,40627677077.21658,18.749271093034206,18.721401850803666,18.661744906290274,18.64796876038916
16.731480714808132,40670528716.42879,40626656916.52372,18.741148063616485,18.720931756531545,18.663721756974837,18.649702919669007
16.933272854353273,40673502114.20331,40625623674.92868,18.74251821762488,18.720455634525532,18.665572452751334,18.65138478440499
17.13749873352231,40676309411.5155,40624577320.26858,18.743811831852355,18.71997346996483,18.667410851516248,18.65301545056404
17.34418770473983,40680018994.878914,40623516585.03689,18.745521223228913,18.71948467877719,18.669241298135578,18.65459598101281
17.553369474439055,40691591492.991615,40622441842.800224,18.750853878285067,18.718989433103644,18.671112054814824,18.656127408610754
17.765074107331372,40676849239.21149,40621353617.93585,18.74406058669028,18.718487974579414,18.672920326354763,18.657610746653503
17.979332030727445,40692345691.85104,40620251231.516525,18.751201416242896,18.717979990352017,18.674690863013435,18.659046983546908
18.196174038910378,40680850446.50637,40619134335.55709,18.745904359582184,18.717465320068445,18.676440410461737,18.660437078685018
18.415631297561585,40691534542.355,40618002806.37343,18.75082763519586,18.716943906734553,18.67814480593617,18.66178196616475
18.637735348240156,40682640761.3556,40616856524.26831,18.746729344079036,18.71641569519335,18.679817953323077,18.663082556624232
18.862518112916142,40686258936.99004,40615695177.6942,18.748396614395535,18.715880541882452,18.68142307262771,18.664339736766635
19.090011898558522,40668970230.45089,40614518751.306335,18.74042990682363,18.715338439730928,18.68291485723843,18.665554370512858
19.320249401778593,40690785931.62213,40613326950.35349,18.750482672269893,18.714789252916187,18.684397289519545,18.666727299614116
19.553263713529255,40682125601.77373,40612119310.759476,18.74649195641025,18.71423276759,18.68591541355385,18.667859341731347
19.789088323861044,40699160076.247894,40610895749.44884,18.754341512793747,18.713668945470857,18.687444122665493,18.668951292179376
20.027757126735455,40694453469.65941,40609656264.482346,18.752172688986047,18.71309778566515,18.68900319591554,18.670003926969198
20.269304424896426,40761407578.87501,40608400566.483025,18.78302541979331,18.712519154826772,18.69086746321559,18.67101800212713
20.513764934800466,40673356499.42859,40607128170.27435,18.742451117733648,18.711932829384374,18.69256733020794,18.67199425153346
20.76117379160629,40669065724.12484,40605838950.145325,18.740473910704058,18.711338751409798,18.693725604238587,18.672933388358672
21.011566554224647,40680258722.07162,40604532715.073975,18.745631690512106,18.710736832879338,18.69489462004403,18.673836107145906
21.264979210429043,40691325764.21964,40603209171.8864,18.750731429366464,18.71012693869724,18.69615744513971,18.67470308333694
21.52144818202804,40682853300.130974,40601868231.20145,18.746827282826928,18.709509027676305,18.697403875177237,18.675534974289565
21.78101033010006,40705098637.1833,40600509595.35692,18.75707802626647,18.708882962652552,18.698696961262183,18.676332419668054
22.043702960291224,40680070266.83963,40599132913.92888,18.745544849560748,18.708248582149185,18.699942673458757,18.67709604044248
22.309563828177094,40680773627.793335,40597737953.52586,18.745868961201083,18.70760577861845,18.701026933038502,18.67782643968802
22.578631144689147,40701578045.55198,40596324601.250824,18.755455723062738,18.706954500036918,18.702203565440513,18.67852420430561
22.85094358160664,40661530236.42345,40594892318.074,18.73700152676413,18.706294498017442,18.70324528753451,18.67918990371887
23.126540277114675,40669080766.52863,40593440852.744156,18.74048084230602,18.70562565678242,18.704086495920336,18.679824089556305
23.405460841429427,40687227954.41105,40591970218.00816,18.74884314163618,18.704947982205656,18.70504839582188,18.6804272990841
23.687745362491093,40652246830.73495,40590479930.6002,18.73272369497699,18.704261251596254,18.70589387788348,18.681000054255012
23.9734344117255,40686924849.66513,40588969720.35457,18.748703469714,18.703565340460752,18.70671995366872,18.68154286055006
24.26256904987534,40692921576.00589,40587439416.477974,18.75146678604639,18.702860170096887,18.707747548476142,18.68205620907074
24.555190832901552,40699334033.932915,40585888671.529144,18.754421673215425,18.70214558040228,18.70881854856392,18.682540576448833
24.851341817956033,40684279449.05807,40584317168.39148,18.74748445815872,18.701421425248295,18.709816298103693,18.68299642439727
25.15106456942623,40659132306.4958,40582724543.11978,18.73589655072279,18.700687536927468,18.71057063228812,18.68342419997099
25.454402165052805,40690700731.120255,40581110532.632324,18.750443411525783,18.699943794210657,18.711344002128595,18.683824336213963
25.76139820212097,40661929989.9922,40579475049.203285,18.73718573486413,18.699190156673442,18.712112346696788,18.6841972540014
26.072096803726463,40701410628.41072,40577817731.13536,18.755378576550715,18.6984264576442,18.712923182437194,18.68454336177502
26.38654262511724,40628119013.76206,40576137645.80916,18.721605496994037,18.697652267368056,18.71352655626075,18.68486305121593
26.70478086011153,40697533636.145256,40574434836.84767,18.753592042458788,18.696867605946668,18.71409914132882,18.685156699904844
27.02685724759327,40664305243.32231,40572709499.922905,18.738280261435413,18.6960725635465,18.71485232986174,18.685424677788124
27.35281807808605,40649590879.00951,40570960768.72897,18.73149982142267,18.695266740970222,18.71532657765972,18.68566734235193
27.68271020040616,40664542038.94997,40569188062.84834,18.73838937784129,18.694449870759023,18.715791852915427,18.685885034725175
28.016581028395926,40672229828.204575,40567391401.717705,18.741931942967675,18.693621961869415,18.716369445125913,18.686078084912236
28.354478547738374,40650158339.07483,40565570562.46351,18.731761309370825,18.69278291160034,18.716853864017384,18.686246813980677
28.696451322853907,40665730145.84584,40563725017.44976,18.73893686241928,18.691932476814948,18.717292558436764,18.686391531284674
29.042548503880234,40686191148.626,40561854430.408676,18.74836537723665,18.69107050255965,18.717917709417886,18.686512534139766
29.39281983373656,40666943081.50935,40559958412.483185,18.739495788196226,18.690196809647503,18.718533371149306,18.686610108857643
29.747315655272857,40695368493.656,40558036568.830215,18.752594335833113,18.689311216133177,18.719186102426946,18.686684530688638
30.10608691850536,40674799747.001495,40556088523.551315,18.74311617219224,18.688413548801115,18.71986465293275,18.686736064155312
30.469185187939466,40858480632.8072,40554113926.60546,18.827757085059215,18.687503646350958,18.721424180436813,18.68676496355144
30.8366626499808,40709856094.88975,40552112382.21947,18.75927028247992,18.68658132640879,18.723127246808662,18.686771473073474
31.208572120435743,40642226412.93384,40550083377.21342,18.728106244956134,18.68564635249917,18.723612161258608,18.686755826166948
31.58496705210235,40660772780.52935,40548026674.19543,18.736652487951236,18.684698615230943,18.72382047887856,18.686718246658568
31.965901542452947,40701910776.97358,40545941910.66618,18.755609047079773,18.68373794756292,18.724350395583155,18.68665894979351
32.35143034140928,40631349762.87371,40543828200.3265,18.723094239564364,18.682763941084772,18.724703493237108,18.686578138883522
32.74160885921138,40674718791.359955,40541685333.17823,18.743078867497356,18.681776499028476,18.724903521973797,18.68647600646137
33.13649317438156,40671483638.09502,40539513164.405014,18.741588095474953,18.680775554662056,18.725316363057672,18.68635273856371
33.53614004178425,40652335401.79591,40537311056.10567,18.73276450888869,18.679760814038005,18.7255967197132,18.686208512530943
33.94060690078302,40669036729.04013,40535078550.37774,18.740460549648944,18.67873206615298,18.725858250425453,18.686043495526267
34.34995188349621,40668529144.352066,40532815198.3699,18.740226652522598,18.677689104174426,18.726201417701176,18.68585784580313
34.764233823151955,40676944124.674484,40530520530.17806,18.744104310304586,18.67663171156859,18.72657991028196,18.685651712849836
35.1835122625439,40636681807.265,40528194057.57002,18.725551267701757,18.675559663356058,18.726773999909113,18.685425237382322
35.60784746258914,40691359080.0247,40525835301.37875,18.750746781427406,18.674472738734675,18.727045283642276,18.68517855150232
36.03730041098919,40660957678.042305,40523443769.90887,18.73673768949093,18.67337071112917,18.727439869582696,18.684911778881865
36.4719328309954,40664532184.95274,40521018958.435326,18.738384837078563,18.672253347960158,18.72767978047317,18.684625034823423
36.91180719028024,40655593401.24574,40518560355.35825,18.734265808527702,18.671120413480295,18.727884316368435,18.68431842634979
37.356986709915475,40662803677.02305,40516067465.364784,18.737588333466192,18.66997167944736,18.72807509954108,18.68399205245235
37.807535373458514,40651047290.62737,40513539761.02423,18.7321709419277,18.668806902819114,18.728235926560416,18.68364600419337
38.26351793614863,40660409593.50792,40510976712.77457,18.736485129867674,18.667625839571176,18.728380565869006,18.68328036470787
38.724999934213855,42026480679.47025,40508377777.41271,19.36597634366406,18.666428239393323,18.73607416209528,18.682895209304988
39.19204769429011,40593982224.73714,40505742328.20335,18.705875123238798,18.665213813483316,18.74313131118938,18.68249060512063
39.66472834295417,40623454419.51129,40503069810.52557,18.719456032645542,18.663982306269556,18.742410487769053,18.68206661125393
40.143109816371364,40690784950.764656,40500359713.94301,18.750482220286706,18.662733482540837,18.742236391654558,18.68162327959149
40.62726087005974,40638168472.91594,40497611439.890755,18.72623632939052,18.661467066475982,18.74214281420749,18.681160654734157
41.11725108877194,40641897706.73207,40494824397.44035,18.72795477577707,18.660182785772705,18.741786439667603,18.680678773733316
41.61315089649633,40636115556.78924,40491997996.555756,18.72529033713748,18.658880368539954,18.741426990941285,18.680177666316105
42.11503156657874,40641971436.20366,40489131583.028465,18.72798875062292,18.657559513315743,18.741076841457225,18.67965735471141
42.62296523196612,40639081211.98452,40486224541.03264,18.726656923333298,18.656219936324973,18.74075088990529,18.67911785369007
43.13702489557402,40667484379.211945,40483276252.31929,18.739745220419284,18.654861352675955,18.74057295055419,18.67855917093652
43.65728444077888,40658707418.26869,40480286050.14111,18.735700760468127,18.65348345512876,18.740505142716138,18.677981306937227
44.18381864203688,40631653975.58636,40477253276.00734,18.723234422042204,18.652085940248124,18.74024275817821,18.67738425493341
44.71670317563108,40639017087.25801,40474177263.6838,18.726627374393757,18.65066850103058,18.739880233730553,18.67676800109498
45.25601463054789,40576155020.349625,40471057319.85039,18.697660273628255,18.64923081799135,18.739221051694326,18.676132524497287
45.80183051948482,40657315434.15431,40467892753.487206,18.73505932842352,18.647772572705605,18.73868208331483,18.675477797154887
46.35422928999115,40640212877.72437,40464682887.154785,18.72717839959285,18.64629345300643,18.738502337517012,18.674803784275905
46.91329033574276,40616133572.74302,40461426981.35962,18.7160825561365,18.644793118132156,18.738101825089167,18.674110444156184
47.479094007952895,40591704391.611374,40458124237.2587,18.704825488301132,18.643271199972617,18.73744599983112,18.673397727680435
48.05172162692088,40651602196.47124,40454773956.30031,18.732426644838615,18.64172737663229,18.737002081782215,18.672665578726573
48.631255493719785,40664349873.679474,40451375425.288574,18.738300827288825,18.64016131946756,18.736963683543504,18.671913934795416
49.21777890202509,40656614514.47838,40447927828.833824,18.73473634173409,18.63857265274349,18.736952885249956,18.671142726521193
49.811376150086275,40613955745.457016,40444430378.603165,18.715079004303952,18.63696101319302,18.736666116818817,18.67035187742825
50.41213255284251,40617288679.84957,40440882283.19781,18.716614834274907,18.63532603613631,18.736172981819458,18.669541304229515
51.02013445418457,40629956260.147,40437282718.718925,18.722452107736906,18.63366734191737,18.73577917650889,18.668710916792737
51.6354692393646,40662382325.20983,40433630844.369736,18.737394172805697,18.631984543093555,18.735641497509203,18.667860618033544
52.2582253475557,40674298861.721825,40429925831.79874,18.742885362181028,18.63027725795707,18.735748459485254,18.666990304056792
52.8884922845628,40736682116.44505,40426166822.59024,18.771631824308677,18.6285450909464,18.736260114233104,18.666099864220364
53.526360635686835,40592669130.18051,40422352909.250305,18.705270043829117,18.626787623884592,18.736307306573963,18.6651891808624
54.171922078744295,40610261747.28927,40418483196.37234,18.7133767946501,18.62500444416457,18.73566858561576,18.664258129267665
54.825269397243595,40687157910.1445,40414556762.87509,18.748810864948076,18.623195127348286,18.735562717503356,18.663306577759254
55.48649649372027,40680977403.35058,40410572687.32242,18.745962861821766,18.621359248834143,18.73584265045678,18.662334387722286
56.15569840323338,40640634766.015495,40406530069.535774,18.72737280746459,18.619496393816142,18.73586088053675,18.661341413883086
56.83297130702432,40638245891.83553,40402427942.22423,18.726272004349287,18.61760611656262,18.735646664731252,18.660327504213726
57.51841254634043,40673199097.1118,40398265311.43936,18.742378586094212,18.61568795905802,18.73561650279075,18.659292499581518
58.21212063642555,40639747452.87413,40394041171.6129,18.72696392989437,18.613741457932328,18.73559301371247,18.65823623370892
58.91419528067912,40611871707.02317,40389754488.40668,18.714118670762897,18.611766136558224,18.735235499588054,18.65715853312172
59.6247373849859,40630158534.98962,40385404240.29318,18.722545316822075,18.609761524211603,18.734835623625532,18.65605921723384
60.34384907221895,40588406678.80827,40380989384.72965,18.703305888584467,18.607727140484446,18.734315169894046,18.654938098469902
61.07163369691718,40595879279.229095,40376508840.79566,18.706749293805068,18.605662487284143,18.733621539237355,18.653794982106042
61.808195860139854,40672177225.4597,40371961505.24062,18.74190770340499,18.60356705622825,18.73340386693896,18.652629666108446
62.553641424500675,40803454994.205666,40367346264.12007,18.80240104291094,18.60144033400655,18.734326231195478,18.65144194112661
63.308077529382736,40617215367.21243,40362661989.94543,18.7165810515081,18.599281801067633,18.73491633697111,18.650231590534318
64.07161260633724,40594151328.48095,40357907518.83596,18.705953046944266,18.59709092109044,18.734355288360597,18.648998390328654
64.84435639466776,40622600748.51761,40353081659.10264,18.7190626575163,18.594867144939727,18.733838614359335,18.64774210895465
65.62641995720267,40582366036.62026,40348183200.1299,18.700522335647786,18.59260991475883,18.73326760231097,18.64646250722933
66.41791569625771,40614394728.57491,40343210946.44796,18.715281289542666,18.59031867967033,18.73266768932962,18.645159338502953
67.21895736979077,40620883840.38394,40338163653.53111,18.71827149913798,18.587992866191616,18.73229140843176,18.6438323486487
68.02966010775216,40554123452.762726,40333040022.18559,18.687508036043678,18.585631875648826,18.73159264653675,18.642481275673426
68.85014042863149,40614609661.84986,40327838757.049,18.715380331685875,18.5832351111336,18.730880354602203,18.641105849628474
69.68051625620426,40628008360.78818,40322558526.80379,18.72155450764542,18.5808019591693,18.730586708361333,18.63970579262148
70.52090693648064,40609094156.47978,40317197974.73276,18.71283876396968,18.57833179457502,18.73026885470376,18.63828081866999
71.37143325485853,40611468797.32418,40311755760.04297,18.71393300830501,18.575823999507826,18.729868944658488,18.636830633842806
72.23221745348323,40598350899.4395,40306230501.5337,18.70788822663388,18.5732779375047,18.729419358737253,18.63535493631277
73.10338324881701,40673577654.62064,40300620748.42764,18.742553026962028,18.57069294004145,18.729322344680536,18.633853415942525
73.98505584942022,40725330529.79114,40294925043.16578,18.766400966167605,18.568068335468848,18.729919996760106,18.632325754066674
74.87736197394675,40698849228.57514,40289141913.78614,18.75419827289881,18.56540344550072,18.73063887793117,18.630771623577882
75.78042986935695,40598851378.01682,40283269838.947876,18.70811884923497,18.5626975690969,18.73064791822695,18.629190688777616
76.69438932934987,40490702306.27415,40277307263.11596,18.658283309092276,18.559949989460414,18.729520279050693,18.627582605123976
77.61937171301778,40572132741.83014,40271252634.081985,18.695806791028794,18.557159991327193,18.728279711355,18.625947019273923
78.55550996372601,40568046608.68029,40265104355.88891,18.693923883951218,18.55432683927362,18.727487931332895,18.624283569069647
79.50293862822011,40669114606.42023,40258860774.34808,18.74049643586821,18.551449771042723,18.72724773947517,18.622591883190204
80.4617938759637,40576906889.891426,40252520238.40866,18.698006738226876,18.54852802582343,18.727055279277355,18.620871581069935
81.43221351870939,40630491420.36467,40246081054.79657,18.722698711781497,18.545560823348033,18.726661319156264,18.619122272902608
82.41433703030589,40564375883.28991,40239541473.31882,18.692232398489555,18.54254735712036,18.726204373849708,18.617343559318694
83.40830556674398,40522023186.03012,40232899737.620766,18.6727161001947,18.539486817804914,18.72516694314985,18.615535031269278
84.41426198644395,40573291169.004105,40226154060.079666,18.696340599068016,18.53637838165773,18.724205819619495,18.61369627005024
85.4323508707883,40591581599.62681,40219302600.43758,18.70476890524612,18.53322120068033,18.723646081961785,18.611826847072287
86.46271854490156,40565842336.24559,40212343481.35613,18.692908146084633,18.53001440978742,18.723057504362842,18.609926323605954
87.50551309868081,40538431425.83934,40205274796.316376,18.68027708505113,18.52675713044717,18.722192688995765,18.607994250660422
88.56088440808018,40540390771.41612,40198094595.94781,18.681179959607256,18.523448464381577,18.72121039278215,18.60603016883293
89.62898415665175,40516291819.937485,40190800858.842476,18.670075062963594,18.520087480117486,18.72012966421527,18.60403360792742
90.70996585734608,40536310637.56249,40183391542.60376,18.679299817030223,18.51667323651008,18.71905371160369,18.60200408670409
91.80398487457624,40425716261.363205,40175864637.050674,18.62833747046705,18.513204807259633,18.7175045574386,18.59994111320406
92.91119844654749,40522539976.2744,40168218070.006966,18.672954239279477,18.509681237498743,18.715923723177333,18.597844184837726
94.03176570785615,40588607913.45643,40160449662.061035,18.70339861834372,18.506101522945528,18.71526850185176,18.595712787711324
95.16584771236167,40484177740.92321,40152557195.24834,18.655276762358024,18.50246464155273,18.714413819662838,18.593546396101214
96.31360745633391,40482625109.156235,40144538431.257904,18.654561303209803,18.498769561897394,18.713004230872276,18.591344472413237
97.47520990187972,40567735535.83605,40136391093.27801,18.69378054029633,18.49501523481524,18.712086985084692,18.58910646714213
98.65082200065248,40554871555.17741,40128112855.49107,18.68785276473452,18.491200588559902,18.711582631926003,18.586831818675677
99.84061271784705,40584908675.28014,40119701330.32538,18.70169399407223,18.48732452292844,18.711185373461564,18.584519952976592
101.04475305648423,40588517917.94721,40111154090.078995,18.703357148040368,18.483385919225753,18.71098032533711,18.582170283321396
102.26341608198875,40438737116.19236,40102468668.60475,18.634337534296304,18.47938364104101,18.709977218704896,18.579782210172137
103.49677694706244,40588288159.831856,40093642538.921875,18.703251274549302,18.475316523931006,18.709006417430537,18.577355120937316
104.74501291685849,40524723551.00045,40084673124.36434,18.673960439556197,18.471183380557367,18.708521011808198,18.574888389678257
106.00830339445916,40592074765.542816,40075557794.435165,18.704996158142592,18.46698299877619,18.708072059584946,18.572381376860104
107.28682994666,40495936872.034424,40066293856.18802,18.660695418672805,18.462714137666648,18.707471258439135,18.569833429038923
108.58077633006585,40439412806.881355,40056878562.66967,18.634648895364066,18.458375531421325,18.70605266122809,18.567243878555864
109.89032851750162,40486309489.43758,40047309130.70935,18.656259080901773,18.453965897543597,18.70461850465795,18.564612043381953
111.21567472474072,40532427045.50906,40037582709.259834,18.677510241728672,18.4494839222591,18.703726031336483,18.561937226889345
112.5570054375567,40566925125.43248,40027696375.10965,18.693407099826167,18.444928258539875,18.703294373645377,18.559218717432596
113.91451343910114,40482332641.65052,40017647158.02729,18.654426532971957,18.440297537690952,18.702595598867966,18.556455788054723
115.28839383761098,40466631886.57382,40007432025.60337,18.64719156001022,18.435590362365524,18.70136816902308,18.55364769625337
116.67884409445062,40425307300.65576,39997047868.36803,18.62814901967941,18.430805299707,18.699857700115377,18.55079368358859
118.08606405249265,40483599611.14744,39986491518.41242,18.655010357763107,18.425940889929866,18.69847889703934,18.547892975321375
119.51025596483952,40630940680.730446,39975759768.432724,18.722905732818592,18.420995655095236,18.698258152017562,18.544944780266416
120.95162452389278,40538676204.50151,39964849312.48125,18.680389880072376,18.415968071808727,18.69833544010597,18.541948290426294
122.410376890773,40678713012.01778,39953756758.37301,18.744919420917963,18.41085657693745,18.698679269831278,18.538902680380986
123.88672272509324,40427035633.71187,39942478702.52787,18.628945442709302,18.405659602097582,18.698392731334177,18.53580710717017
125.38087421509283,40513079404.27141,39931011644.287155,18.668594768520915,18.400375534171104,18.697219897863974,18.532660710113838
126.89304610813464,40512509694.64671,39919351975.9589,18.668332243966486,18.39500271071862,18.696538588835697,18.529462610117626
128.42345574156886,40401567748.11487,39907496049.45131,18.617209735554656,18.389539450684328,18.69526110815867,18.526211909306483
129.97232307397022,40445640639.19835,39895440127.03514,18.6375187062874,18.383984031707104,18.69365395143831,18.522907690758146
131.53987071675215,40458734938.34864,39883180379.74038,18.64355261356399,18.378334689381717,18.692395912483327,18.519549017967062
133.12632396616075,40438209800.308846,39870712909.58543,18.634094544953378,18.372589627502098,18.691126016440133,18.516134934434255
134.731910835656,40298164581.03735,39858033747.41992,18.569561127936144,18.366747017067325,18.689005800447788,18.5126644633758
136.3568620886835,40385929827.446945,39845138834.60096,18.6100037169487,18.36080498783794,18.686657892704204,18.509136607325775
138.00141127184006,40468470919.457375,39832024011.402054,18.648038993979046,18.354761622994747,18.68529508071871,18.505550347585597
139.66579474844085,40390093271.37422,39818685034.28662,18.611922249152688,18.348614967098523,18.68398201766103,18.501904643718387
141.35025173249107,40360703926.41402,39805117568.49529,18.598379517283323,18.34236302267419,18.682113405370572,18.498198433108264
143.05502432306622,40417204572.3057,39791317188.81883,18.624415248899428,18.33600375056701,18.680439864931138,18.494430630494186
144.78035753910876,40342091997.31595,39777279384.885315,18.58980306327633,18.329535072378917,18.678700071504874,18.490600127547996
146.5264993546428,40433050807.888794,39762999534.07988,18.631717259881,18.322954857989846,18.677093429606455,18.48670579234247
148.2937007344144,40266130483.88632,39748472912.97958,18.55479968330439,18.31626093082694,18.675101767768318,18.482746468747855
150.0822156699622,40353737382.77031,39733694709.08341,18.595169305121374,18.3094510732698,18.672732676858075,18.478720975969097
151.8923012161215,40390674797.144135,39718659995.83196,18.612190218635767,18.30252301513945,18.67109789829871,18.474628108020557
153.72421752796987,40354592886.584045,39703363737.38514,18.59556352482169,18.295474435899923,18.669504131263604,18.470466633103868
155.57822789821867,40218932670.33865,39687800798.2833,18.533050735358735,18.288302969110145,18.667007387218117,18.466235293079468
157.45459879505376,40244485814.74138,39671965928.97371,18.544825730124145,18.281006195754472,18.663974035821184,18.46193280292362
159.35359990043426,40272151629.076065,39655853756.643265,18.55757425194352,18.27358164001838,18.661303122075406,18.457557850069417
161.2755041488532,40371495388.51158,39639458787.59819,18.603352267709155,18.26602677038503,18.659391131572736,18.45310909372674
163.22058776656405,40340995109.51869,39622775416.08073,18.589297612836756,18.258339003698023,18.65789598265264,18.448585164279645
165.189130311282,40177354338.07161,39605797916.03714,18.51389126765946,18.250515701368087,18.655372154525153,18.443984662700647
167.1814147123639,40324426496.223885,39588520422.77462,18.581662727214002,18.24255416092049,18.65282784487186,18.439306159833507
169.1977273114714,40281554036.818726,39570936950.75407,18.561906920370046,18.234451624194026,18.65090638786075,18.434548195691185
171.23835790372596,40099797837.79325,39553041397.768616,18.478152911142214,18.226205279266498,18.64779974292653,18.429709278889906
173.30359977936027,40193055874.00218,39534827509.90229,18.521126600441896,18.217812244307524,18.644292619047,18.42478788592689
175.3937497658705,40290389399.24786,39516288876.44885,18.56597829196776,18.209269565237122,18.64190908879279,18.419782460257142
177.5091082706783,40145273006.13223,39497418965.652275,18.499108057041617,18.200574232195066,18.6393132663279,18.41469141156084
179.64997932430765,40154181420.17198,39478211110.17061,18.50321309112404,18.191723172842572,18.63604047325784,18.409513115142186
181.81667062408056,40211665123.57535,39458658474.11365,18.529701819712717,18.18271323717312,18.633209218394143,18.40424591108252
184.00949357834142,40208207538.85161,39438754066.12116,18.528108550352933,18.17354120353897,18.630737956022124,18.39888810330662
186.22876335121506,40187167602.22248,39418490745.91371,18.518413260420388,18.16420378166978,18.62819094389739,18.39343795877796
188.4747989079024,40115062568.32172,39397861218.416016,18.485186962186393,18.15469760996465,18.62519415957599,18.3878937067163
190.74792306052458,40162390118.75069,39376858020.67009,18.506995693424237,18.145019249461637,18.622137030971984,18.38225353773011
193.04846251451977,40133119833.12478,39355473507.91327,18.493507824589184,18.13516517742244,18.61924839299839,18.37651560282208
195.37674791559772,40096939609.15997,39333699864.84225,18.47683582755106,18.125131792522932,18.616070695333345,18.37067801240447
197.73311389726268,40183277524.39418,39311529118.85009,18.516620696446914,18.114915420952823,18.613246084456478,18.364738835471616
200.11789912890913,40128052583.75737,39288953105.77333,18.491172815095403,18.104512300631775,18.610653596180914,18.35869609867582
202.53144636449608,39990801546.20977,39265963467.73022,18.42792696858824,18.093918580213263,18.60706918811923,18.352547785227305
204.97410249181,39990912396.23291,39242551671.599174,18.42797804873797,18.083130327599523,18.602825597016214,18.34629183391007
207.44621858232193,40115452621.144135,39218708971.98615,18.48536670014231,18.072143512876767,18.599367040533544,18.339926138017894
209.94814994164432,40106829135.82081,39194426415.59508,18.48139296239241,18.06095401032908,18.59661881378492,18.33344854413869
212.48025616059775,40061317078.98484,39169694861.14186,18.460420818120824,18.049557607614897,18.593638984156165,18.326856851100636
215.04290116689413,40044880081.81009,39144504953.89675,18.452846581751263,18.037949994036012,18.590392545934513,18.320148808911586
217.63645327744084,40034315474.29127,39118847130.939186,18.4479783668548,18.02612676295902,18.58707582181912,18.313322117614344
220.26128525127794,39970706738.222305,39092711603.22114,18.418667197847885,18.01408340355005,18.58343105584108,18.306374426099037
222.91777434315375,39962053458.8758,39066088337.86372,18.414679730888718,18.001815292616968,18.57947998689126,18.299303330749087
225.60630235774448,39916342300.59652,39038967078.15966,18.393615839847502,17.98931770382658,18.575324557548875,18.292106374133095
228.32725570452996,40031976300.51027,39011337327.72528,18.446900465889172,17.97658580040182,18.57165454041729,18.28478104374916
231.08102545333108,39829962053.89079,38983188346.227234,18.353811464434262,17.963614633152602,18.56758956066658,18.27732477068952
233.86800739051486,40032700539.21272,38954509151.923546,18.44723419808259,17.950399141646745,18.563638084420482,18.269734928327615
236.68860207588085,39947012571.9972,38925288495.902695,18.40774882792541,17.936934142339236,18.560409724751636,18.26200883090856
239.54321490022994,39853060944.9956,38895514859.0767,18.364455529116057,17.923214327186624,18.55627699289985,18.25414373201668
242.4322561436301,39973038717.108475,38865176446.63138,18.419741783376185,17.909234261089694,18.552391239918887,18.24613682303267
245.35614103438468,39962527650.42061,38834261174.01992,18.41489824031636,17.894988375439226,18.549190816845393,18.237985231520188
248.31528980870976,39910272502.15361,38802756690.48542,18.390818851587824,17.880470978955287,18.545722233646202,18.22968601970387
251.31012777113347,39909502147.947174,38770650376.44209,18.390463869179186,17.865676256480484,18.54204806497964,18.221236183096668
254.3410853556237,39850107106.4893,38737929289.1846,18.363094388099466,17.850598243962605,18.538130604664854,18.212632648847357
257.408598187451,39758550234.25781,38704580160.26016,18.320904602205708,17.83523082724365,18.533480911894152,18.20387227381818
260.5131071457995,39719214757.14935,38670589409.367004,18.302778651451966,17.819567748464326,18.528228593471646,18.19495184277014
263.6550584271334,39769722128.31229,38635943128.48498,18.326052657252788,17.80360259875135,18.523164634849035,18.185868066579477
266.8349036093247,39750372742.410324,38600627080.363434,18.317136380096493,17.78732881752066,18.518388444903092,18.176617580402073
270.05309971655794,39803592148.74117,38564626675.56935,18.341660102934185,17.770739681901098,18.513912670056914,18.16719694174705
273.31010928501604,39663059536.746124,38527926971.64157,18.276902093331472,17.753828306344687,18.509059983631722,18.157602628466854
276.6064004293574,39650300056.16522,38490512673.694565,18.271022471838258,17.736587642904826,18.503489680812063,18.14783103679364
279.9424469099964,39725897121.0047,38452368103.97288,18.30585791239055,17.71901046720688,18.498397247051017,18.137878479258358
283.3187282011958,39628504139.08349,38413477198.71701,18.26097882298237,17.701089377003942,18.493300825920244,18.127741182476626
286.7357295599775,39734380096.34593,38373823495.955605,18.3097669025588,17.682816786551438,18.488378104570778,18.117415284903103
290.1939420958668,39591191071.84973,38333390127.86181,18.24378480707441,17.664184923084896,18.483360183393483,18.106896834530808
293.69386284147885,39409174864.1205,38292159822.699295,18.159910984759097,17.64518582771669,18.476684697868656,18.096181786614146
297.2359948239523,39487566667.851135,38250114876.01505,18.19603425256644,17.625811342161555,18.469610239037976,18.085266001298304
300.8208471372484,39369782319.809586,38207237131.60214,18.141758737202128,17.606053099964136,18.46248193830185,18.07414524104392
304.44893501532135,39385256659.80037,38163507986.2619,18.14888937715461,17.58590252869345,18.45496840675007,18.062815168035627
308.1207799061689,39257430151.18477,38118908376.24382,18.089986392609628,17.56535084369431,18.447014905653436,18.051271341603368
311.836909546778,39433128666.97197,38073418738.08304,18.170948996314248,17.544389030041096,18.439521084497496,18.03950921541621
315.5978580389755,39385842418.907364,38027019018.38808,18.14915929737695,17.52300784704796,18.432898465332755,18.02752413458384
319.4041659261899,39153876394.05439,37979688683.24478,18.042268392471108,17.501197832602223,18.424902368237994,18.015311332931528
323.2563802711419,39159218981.97466,37931406671.53463,18.044730279110322,17.478949281653247,18.41586642255081,18.0028659301343
327.15505473447257,39292426823.33694,37882151356.34169,18.10611300407098,17.456252228428607,18.40780503489966,17.990182928453788
331.100749654316,39105549938.33458,37831900570.50206,18.019999361538424,17.433096458207377,18.399631202933175,17.977257209483323
335.0940321268354,39383189765.83689,37780631578.28856,18.1479369438565,17.409471494272314,18.392161664650686,17.964083530953246
339.13547608772984,39324980364.38797,37728321033.52818,18.12111381060306,17.38536657861021,18.38605589525833,17.95065652322828
343.2256623947215,38940361187.851105,37674945004.72384,17.943879701210427,17.3607706834881,18.377666861693356,17.93697068579861
347.36517891104063,38685251507.80971,37620478962.38003,17.826324104147673,17.33567250561287,18.365988769008055,17.923020383920797
351.5546205899174,39187161350.16121,37564897705.90863,18.057606238089942,17.310060432449152,18.355959313512315,17.90879984486809
355.79458956008955,38725374564.660126,37508175372.0928,17.84481297490816,17.28392254611951,18.34635495885274,17.8943031539195
360.08569521234466,38978993284.77328,37450285431.63505,17.96168153146138,17.257246621813803,18.335865242604807,17.87952425047083
364.428554287106,38988857032.957504,37391200627.70986,17.966226787473953,17.230020099473943,18.327054326118322,17.86445692388168
368.82379096307136,38774033626.374344,37330892987.63915,17.867235272060505,17.20223008917403,18.317326003788686,17.8490948091516
373.2720369469261,39009842462.35958,37269333804.35406,17.975896960250537,17.173863362577844,18.30795745935686,17.833431382660162
377.7739315641329,38852055093.87868,37206493588.42421,17.903187887401074,17.144906330833745,18.299223884954092,17.817459957643994
382.3301218508199,38996425955.07105,37142342040.87283,17.96971457812947,17.115345032047756,18.290633875323586,17.8011736793714
386.94126264677766,38884009665.2882,37076848049.29341,17.9179126862418,17.085165129494108,18.282413404745128,17.78456552026243
391.60801668957356,38890196408.918884,37009979653.14389,17.920763563328318,17.054351895622663,18.273811703939224,17.767628274913
396.33105470980524,38568112713.73577,36941704021.40348,17.772346062725106,17.022890201763072,18.26367868489097,17.750354554925813
401.11105552750286,38570650804.38852,36871987426.95236,17.773515625409026,16.990764506318847,18.252052073218383,17.732736783601823
405.94870614969005,38497624476.5032,36800795191.45865,17.73986479109154,16.957958829371044,18.24031367458896,17.714767190315886
410.84470186912574,38533022047.93617,36728091666.382965,17.756176138601756,16.92445674392508,18.228651525522327,17.696437804622224
415.7997463642362,38317856303.64428,36653840228.1477,17.657026872554383,16.890241373684727,18.21627618593433,17.677740450370006
420.81455180024926,38484939144.02995,36578003193.840096,17.73401933735341,16.855295354207723,18.203944080318504,17.65866673946921
425.88983893155137,38493255592.3327,36500541793.60156,17.737851591172678,16.81960082018267,18.192856390648462,17.639208065195113
431.02633720527984,38262910784.737236,36421416209.57234,17.63170774989313,16.783139423374898,18.18081160688498,17.619355595715597
436.22478486616023,38242409687.8074,36340585467.055954,17.62226075952555,16.745892282474568,18.167689774843197,17.599100267385303
441.48592906261183,38177579584.4747,36258007382.014084,17.592386779425386,16.70783995890213,18.15441157995974,17.578432777319925
446.81052595413337,38162892218.30165,36173638541.351074,17.585618780267254,16.66896244772332,18.141015552912314,17.55734357575317
452.1993408199794,37921473333.14625,36087434262.85834,17.474371958186403,16.62923915919137,18.12653149189889,17.535822858247982
457.65314816915196,37868608894.634964,35999348587.491035,17.450011805990012,16.58864891518809,18.11079036774436,17.513860557832427
463.17273185171797,37969837742.81861,35909334160.95918,17.496658478457604,16.54716989466054,18.09569122470249,17.49144633662985
468.7588851714661,37666556276.31369,35817342222.36397,17.356905122696002,16.504779628384618,18.079833639826877,17.468569576982397
474.41241099992544,37886563569.128876,35723322581.18179,17.45828539435348,16.461454988359186,18.06391430799614,17.445219372596835
480.1341218917604,37573515601.1008,35627223472.5834,17.314031594243463,16.41717212113655,18.047846816758025,17.421384518980688
485.9248402015522,41505376191.06192,35528991472.97631,19.125849237326964,16.37190640890405,18.052052672549802,17.39705350285625
491.7853982019932,37655718667.471855,35428571629.517746,17.351911107659305,16.32563252916415,18.056352989693863,17.372214492078278
497.7166382035078,37079820745.63387,35325907346.93256,17.086534960278783,16.27832440257969,18.03650103932804,17.346855325871726
503.71941267531,37578388763.93601,35220940129.85321,17.316277167859425,16.22995507424304,18.016732457797925,17.320963503271834
509.79458436792675,37106468868.21541,35113609644.89697,17.098814525523682,16.180496742281594,17.997545937439913,17.29452617078086
515.9430264371982,36817060771.34534,35003853716.68726,16.965454075944365,16.12992075602433,17.97466413838734,17.267530110632258
522.1656225697697,36882098275.425415,34891608176.73437,16.995423627167842,16.078197546365438,17.95111128984457,17.239961728481454
528.4632671101007,37202476656.80931,34776806726.332535,17.14305531211006,16.025296562586746,17.930228650771983,17.21180703981541
534.8368651890073,36961962427.82384,34659380882.35494,17.032225359338817,15.971186247379798,17.910258355852477,17.18305165564262
541.2873328537482,36554373818.23955,34539259939.22839,16.844406840073365,15.915834019323649,17.887217967872232,17.153680768019132
547.8155971996863,36802663605.78173,34416370859.68385,16.958819802428888,15.859206222542255,17.86387535373717,17.12367913511138
554.4225965035367,36918069274.80711,34290638106.381084,17.011999212651595,15.801268049116409,17.843066701581623,17.093031065095367
561.1092803582181,36523571662.550156,34161983619.45564,16.83021307916904,15.741983528737297,17.821210897883056,17.06172039940049
567.8766098093348,36433960908.66551,34030326650.310425,16.78892007266908,15.681315452116971,17.797240301132156,17.02973049531585
574.7255574933044,36162400823.5178,33895583502.311485,16.66378406080637,15.619225251499888,17.771860156678663,16.99704420668278
581.6571077771479,36184788511.185684,33757667635.735107,16.674100399999087,15.555673049022968,17.745730789461657,16.963643864214223
588.6722568999686,35561332281.65349,33616489730.038715,16.386809187477255,15.490617685410283,17.71691832647297,16.929511257191727
595.7720131161401,36047811683.040565,33471957031.507366,16.610980910320183,15.424016419365865,17.68807709253377,16.894627612351677
602.9573968402125,36406004331.00119,33323973273.963676,16.776037565903252,15.3558248910365,17.66452571998264,16.858973569296683
610.229440793577,35179201937.58831,33172438852.921593,16.210721942394716,15.285997202262518,17.636739034913017,16.822529157015644
617.5891901528903,35842420030.2218,33017250344.502926,16.516335586101608,15.214485694892533,17.606596105217317,16.785273769263277
625.0377027002941,35379332177.575615,32858300457.23854,16.302942785791178,15.14124092857324,17.578222901188756,16.747186137647866
632.5760489754474,35399581822.988205,32695477874.831562,16.312273906258266,15.066211608294033,17.548120430723266,16.708244304231762
640.2053124293863,35221843489.523575,32528666921.725517,16.23037134612028,14.98934443027944,17.517864989849958,16.668425592091292
647.9265895802449,34624809783.45018,32357747414.30183,15.9552557418333,14.910584013420296,17.484083435523104,16.627706573942458
655.7409901708554,34895654237.15952,32182594277.185524,16.08006198776552,14.82987272246583,17.449350074774163,16.586063038595572
663.6496373282415,34000016828.577293,32003077420.046898,15.66734856073862,14.747150611253367,17.411990924026963,16.543469955446202
671.6536677250424,34063346567.507122,31819061645.59894,15.696531166708398,14.662355380313153,17.371004990007748,16.49990143863373
679.7542317428836,34449807946.031815,31630405909.846466,15.87461417040623,14.57542203598809,17.333455905620607,16.45533070748758
687.9524936377117,34351928196.29705,31436963063.591915,15.829510776373688,14.486282771318548,17.298355841101127,16.409730042477296
696.249631707129,33990594294.65342,31238579883.854088,15.663006618084443,14.39486698052024,17.261572058888063,16.363070740976163
704.6468384597479,32957700993.913166,31035096484.914543,15.187045107525789,14.301100987591964,17.218027196092834,16.315323071009168
713.145320786579,34850828430.843765,30826345841.282078,16.059406070575655,14.20490782649566,17.180305434646527,16.26645622028163
721.746300134495,33240910388.46903,30612153338.772385,15.317549169407693,14.106207034292062,17.144908687065737,16.216438241361868
730.451012681785,34225619859.75156,30392336213.713043,15.7713073718059,14.004914392724029,17.107022661040652,16.16523599264721
739.2607095158205,32957601308.151344,30166703134.57758,15.186999171913907,13.90094173543179,17.068414032009173,16.112815075388497
748.176656812871,33354730897.4995,29935053688.17098,15.369998131340036,13.7941967111851,17.02602072702364,16.05913976711493
757.2001360200866,32746973442.94665,29697177696.741787,15.089940979342881,13.684582469205667,16.983449174274078,16.00417295009839
766.3324440396711,36301144987.935455,29452854268.037704,16.727717946358826,13.571997221428841,16.958105802320752,15.947876032590715
775.5748934152812,48881849771.68857,29201851543.563755,22.52495881187341,13.456334126499927,17.021732648259942,15.890208865390344
784.9288125206746,32700976401.120678,28943925712.82629,15.068745351979405,13.337480835533746,17.063258966973848,15.831129653606531
794.3955457506266,31707268612.341736,28678819872.874866,14.610840687613626,13.215318966586809,17.010548564892407,15.770594858902788
803.9764537141556,31754076124.673653,28406262933.078125,14.632409783142686,13.089723599973501,16.953952226919768,15.708559091853964
813.6729134300795,30350887993.576637,28125968648.20928,13.98581488123339,12.960562832707877,16.89124532363114,15.644974995601387
823.4863185249237,31487379220.119427,27837634858.48751,14.509514745037613,12.827697428311584,16.828651355671866,15.579793122844817
833.4180794332223,29696342193.439026,27540941471.550255,13.684197465823638,12.690979886898338,16.763871633964495,15.512961800543467
843.4696236002361,31045480291.35089,27235548810.31741,14.305885888600859,12.550253683862904,16.698317240246265,15.444426977800333
853.6423956871075,29384672739.350113,26921096205.63534,13.540578890645703,12.405352621365628,16.632516171529595,15.37413206065793
863.9378577784973,29390926412.479225,26597201209.664185,13.543460609122278,12.256100465858049,16.55929698436612,15.302017738852044
874.3574895927261,29588401114.460484,26263455741.06094,13.63445776960803,12.1023091717673,16.48893082688354,15.22802179123385
884.9027886944416,29498619116.065292,25919423327.39061,13.593085852928423,11.943777610787754,16.420810226007212,15.152078859743096
895.5752707098593,29478944444.78486,25564638019.947063,13.584019682922607,11.780291071825959,16.353708333727106,15.074120207814655
906.3764695445994,28420985515.56261,25198600304.290848,13.096507826953788,11.611619376559553,16.282279821615774,14.994073456164099
917.307937604142,28569719846.028206,24820773568.56986,13.165045222393957,11.437515252024786,16.207619934347317,14.911862283250228
928.3712460169497,27277416778.90686,24430580336.70671,12.569546617179032,11.257712594853665,16.128439395598292,14.827406092986593
939.5679848602816,30011937419.648796,24027396568.713673,13.829625053052881,11.07192384483547,16.05913908597968,14.7406196385881
950.8997633887208,26498074588.110687,23610546938.71314,12.210422508127694,10.879837809009041,15.987022031276885,14.651412598473389
962.368210265473,26389190134.820652,23179298717.079185,12.160248101122502,10.681116842528258,15.896949705539587,14.55968910299824
973.9749737964391,26838348299.33143,22732853564.813015,12.367222043452353,10.475393067476267,15.810887044380689,14.465347194146673
985.7217221671224,26245067771.578194,22270336468.552063,12.093835919278547,10.262263274071861,15.726042541401382,14.368278192737955
997.6101436823909,25021709928.048523,21790785580.828773,11.530107558621294,10.041284239018635,15.633271170207482,14.268365964797127
1009.6419470091245,23375017775.466976,21293149934.710587,10.771304995175399,9.811971672401643,15.527017304985602,14.165486137630944
1021.8188614217956,24967643132.53078,20776265360.561447,11.50519335533694,9.573789120031348,15.423091643386341,14.059505189826488
1034.1426370510137,22722843095.118534,20238828437.60877,10.470780201584144,9.326135960217815,15.317942621104468,13.95027928909437
1046.6150451350566,20916032504.774624,19679383555.593105,9.638194398910104,9.068341441725295,15.193182824897336,13.83765294525987
1059.2378782744452,21537672449.715717,19096295826.768986,9.92464865997048,8.799652201510023,15.064988853562692,13.72145747621474
1072.0129506895892,19741585605.88216,18487719408.255356,9.097004404099247,8.519217667528117,14.93334203906574,13.601509189282789
1084.9420984815295,19958648948.736023,17851546674.113987,9.197028091422606,8.22606663701882,14.796260726667482,13.477607154677683
1098.027179895836,21041049234.617775,17185343849.111725,9.695802625760452,7.919077616275563,14.669548730543342,13.349530402465296
1111.270075589688,20718001021.21322,16486300627.900116,9.546940671166388,7.596955604955309,14.549937809808828,13.217034560030031
1124.6726889021647,19704667688.273117,15751112894.796545,9.079992474774807,7.2581780528679944,14.425843277411351,13.07984765181596
1138.2369461278074,17663889948.49553,14975843949.54131,8.139593640700767,6.900930912230675,14.287983863583072,12.93766460016769
1151.9647967934795,16391101023.9225,14155764687.990873,7.553087233187094,6.523034992269113,14.135328155537895,12.790140225853682
1165.8582139385567,14133394054.315672,13285087263.603224,6.512726511626851,6.121823229327222,13.966985210872192,12.636880084693443
1179.919194398505,15170504992.074253,12356576491.346031,6.990631526790283,5.693961620178638,13.796075627057608,12.477427942230452
1194.1497590918812,13197162984.255934,11360955471.190857,6.081307357278361,5.235175330871321,13.624006149248649,12.311248172728407
1208.5519533107824,10663731509.997562,10286023747.653866,4.913891642101708,4.739842340991908,13.431394136761398,12.137700507627784
1223.1278470148095,16722798859.22168,9115142789.02731,7.705934969371352,4.200295546223405,13.26287176199759,11.956002280688207
1237.879535128577,9177157450.807037,7824456489.58258,4.228872159196216,3.605541954249474,13.089782169279273,11.765168086730352
1252.8091378427982,16081013508.975166,6377376155.884283,7.410197622116969,2.9387213436083277,12.917762892572089,11.56390550373346
1267.918800919016,10853873563.900797,4710126181.231226,5.001509887986011,2.1704456506146457,12.758574719804537,11.350403987585862
1283.210695998004,7461541240.034578,2697300620.331756,3.438309104296973,1.2429272963275309,12.556167460591503,11.121861199159904
1298.6870209118815,0.0,0.0,0.0,0.0,12.299175086564114,10.87299973131164
1314.35,0.0,0.0,0.0,0.0,12.007785614966533,10.615398906533672
