R_kpc,Sigma_bar,Sigma_eff,kappa_bar,kappa_eff,kappa_bar_mean,kappa_eff_mean
1.0,39625486921.47069,39618550164.628654,18.25958847661102,18.256391990330645,0.0,0.0
1.0120606264911474,39625531510.19401,39618593609.88372,18.25960902327939,18.2564120100841,0.43260257796368945,0.4325268412032526
1.0242667116936537,39625580610.813156,39618638117.65562,18.259631649048032,18.256432519449714,0.8549565381213131,0.8548068275145223
1.0366200099307066,39625619176.34126,39618683714.03786,18.259649420203097,18.25645353045148,1.2673046552015093,1.26708273700971
1.0491222966837304,39625666283.925674,39618730425.917564,18.259671127573085,18.2564750554791,1.669883975280787,1.6695915962067882
1.0617753688475675,39625714621.109604,39618778280.80199,18.259693401547622,18.256497107208023,2.0629259917455327,2.062564816338208
1.0745810449887383,39625764316.81134,39618827306.938354,18.259716301532787,18.2565196986547,2.446656674520625,2.4462283263945075
1.0875411656068144,39625814844.46308,39618877533.293625,18.259739584883963,18.25654284316721,2.8212966377068924,2.8208027030163865
1.1006575933989453,39625865843.24486,39618928989.44127,18.25976308533381,18.256566554373144,3.1870612638237423,3.1865032973086986
1.113932213527575,39625920606.20778,39618981705.67645,18.259788320333918,18.256590846232633,3.544160848718726,3.5435403586499925
1.127366933891388,39625973255.2474,39619035713.11283,18.25981258122941,18.25661573308298,3.8928006915434286,3.8921191555699663
1.1409636853995222,39626027282.43896,39619091043.65482,18.259837477183027,18.256641229625874,4.233181214827204,4.232440093763472
1.1547244222490889,39626084649.88922,39619147730.04449,18.25986391234169,18.25666735094899,4.5654981224532865,4.564698831308646
1.1686511222060412,39626144358.48786,39619205805.814705,18.259891426311217,18.25669411250442,4.889942486889399,4.8890863911553595
1.1827457868894284,39626200933.043915,39619265305.284645,18.25991749610094,18.256721530106574,5.206700818267187,5.2057892709483005
1.19701044205908,39626262394.61887,39619326263.71378,18.259945817849218,18.256749620003173,5.515955222298031,5.5149895502489805
1.2114471379067577,39626325515.32093,39619388717.30105,18.25997490413013,18.256778398874825,5.817883516079186,5.816864995218309
1.2260579493508208,39626390953.60426,39619452703.1353,18.260005058362093,18.256807883812236,6.112659290004126,6.111589160818744
1.2408449763344431,39626455118.3587,39619518259.19933,18.260034625746666,18.256838092318034,6.400452005651852,6.399331490594852
1.2558103441274293,39626524037.568794,39619585424.390175,18.260066384004094,18.25686904231613,6.681427123369996,6.680257414090043
1.2709562036316695,39626590396.16889,39619654238.63915,18.260096962321835,18.25690075220704,6.955746175992117,6.9545284419560875
1.2862847316902777,39626661616.37685,39619724742.93743,18.260129780888608,18.256933240879672,7.223566870416929,7.222302258810083
1.3017981314004599,39626735561.947235,39619796979.31326,18.260163855313678,18.25696652770081,7.485043205725898,7.483732813891528
1.3174986324301545,39626807994.480606,39619870990.82773,18.260197232525027,18.257000632513186,7.740325497620953,7.738970409571391
1.3333884913384921,39626885641.40006,39619946821.60283,18.260233012547076,18.257035575648395,7.989560514501486,7.98816178776439
1.34946999190012,39626960691.85407,39620024516.90785,18.26026759610709,18.257071377966714,8.232891541171064,8.231450214294624
1.3657454454334392,39627041074.41095,39620104123.213905,18.260304636722193,18.25710806088222,8.47045846891738,8.468975561263218
1.3822171911327976,39627124745.246574,39620185688.183914,18.26034319258976,18.25714564635819,8.70239790654952,8.700874387464745
1.3988875964046932,39627206134.83496,39620269260.67912,18.260380697249154,18.257184156910085,8.928843184695486,8.927280016898454
1.415759057208029,39627293127.89099,39620354890.78199,18.26042078400964,18.257223615616113,9.149924488220066,9.148322615419543
1.4328339983984741,39627378428.231606,39620442629.8304,18.260460090759853,18.257264046132978,9.365768920391451,9.364129265574789
1.4501148740769754,39627468998.273766,39620532530.54892,18.260501825810366,18.257305472756382,9.576500571818542,9.574824039666062
1.467604167942475,39627562086.29485,39620624647.07477,18.26054472115599,18.25734792043298,9.78224061584842,9.780528071083689
1.4853043936488803,39627656374.9362,39620719034.886024,18.26058816975241,18.2573914147273,9.98310733284998,9.981359623949569
1.5032180951663396,39627755929.476234,39620815750.82332,18.260634044896747,18.25743598183174,10.179216216094499,10.177434161110021
1.5213478471468749,39627851661.58541,39620914853.241234,18.260678158649114,18.257481648636336,10.370679994761524,10.368864410518732
1.5396962552944244,39627954624.783104,39621016402.059685,18.26072560451702,18.257528442752427,10.557608738660882,10.555760430048077
1.5582659567393489,39628058569.27669,39621120458.70869,18.260773502570135,18.257576392487223,10.740109935507236,10.738229670764891
1.5770596204174525,39628164557.97738,39621227086.20233,18.26082234260235,18.257625526877877,10.918288498364857,10.916377038707266
1.5960799474535783,39628273473.048805,39621336349.20585,18.260872531118316,18.257675875722395,11.09224686533129,11.09030495519849
1.615329671549826,39628385738.02868,39621448314.07222,18.260924263285972,18.257727469596503,11.262085054674554,11.260113415732619
1.6348115593784562,39628500453.72279,39621563048.88959,18.2609771247529,18.257780339875502,11.42790071241115,11.425900047465401
1.65452841097953,39628618999.733,39621680623.506294,18.261031751245344,18.2578345187458,11.589789173845615,11.58776016534353
1.6744830601633456,39628745472.14637,39621801109.57722,18.26109003025719,18.257890039226258,11.747843545597167,11.74578682690448
1.6946783749177292,39628861434.63432,39621924580.70688,18.261143466251884,18.257946935234145,11.902154649407134,11.900070885779092
1.7151172578202367,39628989459.09052,39622051112.47412,18.261202460451493,18.2580052415965,12.052811179203564,12.050701043927475
1.7358026464553273,39629118705.26616,39622180782.37979,18.26126201762448,18.258064994026043,12.199899790542155,12.197763902637208
1.7567375138365704,39629251834.39522,39622313669.94522,18.261323364078486,18.25812622916653,12.343505041748882,12.341344012313561
1.7779248688339402,39629387660.62478,39622449856.822716,18.261385953367572,18.258188984643674,12.48370949573932,12.481523921091219
1.7993677566062685,39629526965.02088,39622589426.84394,18.261450145410205,18.258253299087464,12.620593757220574,12.618384222295207
1.8210692590389104,39629669769.66889,39622732466.070175,18.261515950383412,18.25831921215529,12.754236525589242,12.752003600777876
1.8430324951866892,39629816847.99441,39622879062.85657,18.261583724684915,18.258386764561568,12.88471464007935,12.882458878158745
1.8652606217221832,39629967296.389404,39623029307.906784,18.261653051928388,18.258455998102928,13.012103118700441,13.009825056993161
1.88775683338942,39630122561.024536,39623183294.34375,18.261724598515265,18.258526955690794,13.136475205189688,13.134175363895219
1.9105243634630407,39630278519.04608,39623341117.79437,18.26179646461747,18.258599681390443,13.25790239321576,13.25558129163984
1.9335664842130058,39630439860.82207,39623502876.4699,18.261870811576017,18.258674220458026,13.376454486020583,13.374112640268349
1.9568865073748998,39630607691.16384,39623668671.23656,18.261948148492554,18.258750619373117,13.49219966459881,13.48983755722092
1.9804877846259143,39630776005.83589,39623838605.68157,18.262025708590482,18.25882892586914,13.605204467638503,13.602822576519019
2.0043737080665673,39630952979.26084,39624012786.198814,18.26210725867761,18.258909188972826,13.715533869717298,13.71313265702037
2.0285477107082346,39631129077.51206,39624191322.05435,18.26218840548106,18.258991459034437,13.823251298048342,13.820831219768392
2.0530132669665586,39631310659.71762,39624374325.48748,18.262272079313377,18.259075787774307,13.928418660330518,13.925980184457682
2.0777738931608125,39631499638.47295,39624561911.853165,18.26235916150646,18.259162228348476,14.031096442565362,14.0286400050369
2.102833148019282,39631691289.74232,39624754199.67343,18.26244747520508,18.259250835372388,14.131343682168993,14.128869704469217
2.1281946331907466,39631892247.059494,39624951310.705025,18.26254007716907,18.25934166495205,14.229218028650354,14.226726908669857
2.153861993762124,39632091571.548065,39625153370.06607,18.26263192671888,18.25943477474242,14.324775741622053,14.322267879640679
2.1798389187823672,39632305787.389046,39625360506.29665,18.262730638265545,18.259530223975297,14.418071779192537,14.415547547820776
2.206129141792668,39632508547.855156,39625572851.49368,18.26282407112803,18.259628073521487,14.509159742393827,14.506619543671635
2.232736441363065,39632727402.42487,39625790541.540405,18.26292492022011,18.259728385996546,14.598091970682427,14.595536228516066
2.2596646416355184,39632952654.174255,39626013716.1521,18.263028717159074,18.259831225781863,14.684919659731365,14.682348724647936
2.2869176128735367,39633182350.29024,39626242518.85274,18.263134562080573,18.259936659013867,14.769692728958232,14.76710694472869
2.314499272018431,39633414787.61272,39626477097.13581,18.263241670161374,18.260044753658182,14.8524598951518,14.84985962048818
2.3424135832522777,39633652118.13849,39626717602.67892,18.263351033050522,18.260155579608462,14.933268723489107,14.930654330747558
2.3706645585676736,39633899645.79426,39626964191.57492,18.2634650948194,18.260269208792952,15.012165693045313,15.009537528780688
2.399256258344359,39634153684.87834,39627217024.447655,18.263582157081412,18.26038571522778,15.089196190262275,15.086554569029232
2.4281927919327986,39634414983.272064,39627476266.5098,18.26370256446337,18.26050517504363,15.164404510404369,15.161749733185722
2.4574783182447963,39634681829.32024,39627742087.5931,18.26382552822747,18.260627666499673,15.237833893960502,15.23516625565916
2.4871170463512398,39634952838.69346,39628014662.35297,18.263950410468997,18.26075327007785,15.309526540085868,15.30684634843863
2.5171132360870474,39635231260.98266,39628294170.578674,18.264078708612907,18.260882068625797,15.379523658495543,15.376831225370559
2.547471198663417,39635519006.95907,39628580797.31477,18.264211303150493,18.261014147412816,15.447865510697447,15.445161125863287
2.578195297287452,39635815079.310135,39628874732.99901,18.264347734516004,18.2611495941934,15.514591409223382,15.511875338031329
2.6092899477892684,39636117998.366684,39629176173.65051,18.26448732087176,18.26128849929399,15.579739721684197,15.577012221293153
2.6407596192566607,39636423375.02881,39629485321.08625,18.264628039702338,18.261430955712665,15.643347874562677,15.640609228435789
2.6726088346774195,39636741130.71492,39629802383.10034,18.26477446283844,18.261577059201827,15.70545243830841,15.702702927158814
2.7048421715894047,39637064538.70736,39630127573.675514,18.264923490580703,18.261726908365596,15.766089133845561,15.76332902111008
2.7374642627384485,39637399832.088394,39630461113.21732,18.26507799515925,18.261880604767764,15.825292833535135,15.822522370425505
2.770479796744201,39637741013.59155,39630803228.74684,18.26523521300886,18.262038253020588,15.88309758443654,15.880317011784534
2.803893518774003,39638091361.54256,39631154154.16299,18.265396654795598,18.262199960905654,15.939536612435202,15.93674617799299
2.837710231224885,39638453778.97059,39631514130.50668,18.265563658247334,18.26236583949562,15.994642389965332,15.991842317104789
2.8719347944137956,39638823772.899345,39631883406.17799,18.26573415298198,18.26253600325426,16.04844661121013,16.04563711109331
2.9065721272761507,39639201031.84764,39632262237.20639,18.265907995467717,18.26271057016102,16.10098019337188,16.098161494083
2.941627208072808,39639589954.02555,39632650887.51484,18.266087212417965,18.26288966183269,16.15227334363108,16.14944567015204
2.977105075105571,39639985174.20882,39633049629.30018,18.26626933151516,18.26307340369871,16.202355547908024,16.199519130716684
3.013010827441318,39640396328.58952,39633458743.38817,18.266458793156527,18.26326192516474,16.251255617353277,16.24841067150778
3.0493496256448713,39640815383.44215,39633878519.446266,18.26665189536807,18.263455359710754,16.299001688698834,16.296148409148195
3.086126692520694,39641247907.74064,39634309256.27613,18.26685120435605,18.26365384502579,16.345621219058,16.342759797340186
3.123347313863546,39641688776.13066,39634751262.21562,18.267054358335965,18.26385752319321,16.391141017107596,16.388271642673153
3.161016839218183,39642143258.57272,39635204855.56664,18.26726378572744,18.26406654088785,16.43558725750838,16.432710120061337
3.1991406826482205,39642607441.47215,39635670365.00016,18.267477683129844,18.264281049562655,16.47898550189996,16.476100787820307
3.237724323514275,39643086306.13349,39636148129.93712,18.267698345948936,18.2645012056242,16.52136071244025,16.51846860239067
3.2767733072614837,39643578139.77419,39636638500.9549,18.26792498492743,18.264727170619995,16.56273727751161,16.559837932717063
3.3162932462165258,39644080400.69566,39637141840.27834,18.268156428840086,18.264959111464744,16.603138984441152,16.60023257429152
3.356289820394258,39644595674.61192,39637658522.26794,18.26839386919463,18.265197200665312,16.64258905739971,16.639675762869448
3.396768778314074,39645126954.44373,39638188933.910355,18.268638685141347,18.26544161654676,16.681110200800966,16.678190187865933
3.4377359378261105,39645672504.60487,39638733475.35788,18.268890076914914,18.26569254350092,16.71872458785905,16.715798005440345
3.4791971869474256,39646229194.30586,39639292560.52688,18.26914660183458,18.265950172262166,16.755453839855527,16.752520851277144
3.521158484708249,39646804211.04529,39639866617.68489,18.269411571929457,18.26621470017795,16.791319088306807,16.78837985307035
3.56362586200845,39647391710.22447,39640456090.04851,18.269682293984268,18.26648633148432,16.826340970989865,16.823395642718694
3.606605422484327,39648001387.57131,39641061436.50517,18.26996323583058,18.266765277638505,16.86053965826618,16.857588368239067
3.6501033433858567,39648620922.13049,39641683132.30907,18.270248719921163,18.267051757639603,16.893934827574736,16.890977705405454
3.6941258764645224,39649260374.00844,39642321669.79941,18.270543381994717,18.267345998359563,16.926545678551904,16.92358286911986
3.7386793488718437,39649918939.88577,39642977559.20884,18.27084685187835,18.267648234915697,16.95839100613431,16.955422624522093
3.7837701640687524,39650591851.43653,39643651329.52414,18.271156932307704,18.267958711067312,16.989489129429554,16.98651529784558
3.8294048027459335,39651280882.07729,39644343529.395706,18.27147444048049,18.268277679634775,17.01985791739871,17.01687878702553
3.875589823755259,39651993797.14111,39645054728.07731,18.27180295469433,18.268605402932582,17.04951486791983,17.046530572065958
3.922331865052462,39652722216.2312,39645785516.44733,18.272138613227686,18.26894215323994,17.07847706042919,17.075487725171726
3.9696376446511854,39653472210.17197,39646536508.098625,18.27248421354158,18.269288213302982,17.106761157586394,17.103766920652134
4.017513961588521,39654250175.55142,39647308340.50132,18.272842703210262,18.269643876870575,17.134383495348565,17.131384444602126
4.06596769690221,39655041534.60701,39648101676.25244,18.273207364740376,18.270009449270177,17.161359977300403,17.158356204367333
4.115005814619619,39655852638.41521,39648917204.38053,18.273581124734264,18.270385248008992,17.187706086020523,17.184697737798782
4.164635362758645,39656692538.94329,39649755641.749344,18.27396815437593,18.27077160342081,17.213437021445543,17.210424222303168
4.214863474340702,39657553267.05443,39650617734.59127,18.27436478145412,18.271168859372597,17.23856762875222,17.235550483694738
4.265697368415905,39658440553.43357,39651504260.13943,18.2747736466922,18.271577374016605,17.26311238963787,17.260091004854708
4.317144351100639,39659354493.14043,39652416028.36945,18.275194793894066,18.271997520592958,17.287085474318715,17.284059934204006
4.369211816627631,39660289431.580666,39653353883.89868,18.27562561739924,18.27242968830482,17.310500686757578,17.30747109399508
4.421907248408684,39661255341.33723,39654318708.01193,18.27607071261524,18.272874283251884,17.333371527958338,17.330337988428763
4.4752382201102385,39662249379.942986,39655311420.791046,18.276528769721438,18.273331729411677,17.355711217563343,17.352673811601466
4.529212396741896,39663264730.212616,39656332983.53275,18.27699664733061,18.273802469753708,17.377532609159367,17.37449145528897
4.583837535758073,39664318978.19888,39657384401.425446,18.277482449168698,18.274286967472953,17.398848311390516,17.395803516573565
4.639121488172954,39665403989.10479,39658466726.19944,18.277982426687554,18.2747857072111,17.419670684928935,17.416622305319613
4.695072199688863,39666514737.11148,39659581059.049545,18.278494263969037,18.275299196403278,17.440011725863048,17.43695985150242
4.75169771183828,39667663266.65591,39660728554.02246,18.279023511139577,18.275827966838982,17.459883184943056,17.456827912397895
4.8090061631396015,39668853134.914116,39661910421.59154,18.27957180736063,18.276372576309345,17.47929661940874,17.476237979639983
4.867005790266854,39670062321.181335,39663127932.542465,18.28012900540023,18.276933610397677,17.49826321106555,17.49520128615149
4.925704929233514,39671316923.31029,39664382422.2242,18.280707131257007,18.277511684438306,17.51679390063207,17.513728812955232
4.9851120165906035,39672608317.40429,39665675295.19652,18.28130221100364,18.278107445658197,17.534899463869568,17.531831295872383
5.0452355906392325,39673943103.93355,39667008030.39575,18.28191728616415,18.278721575557334,17.552590410695228,17.549519232115692
5.106084292657776,39675316458.74617,39668382186.795494,18.282550133749353,18.279354792517204,17.569877011349963,17.5668028867856
5.1676668681438365,39676733698.3898,39669799409.56177,18.283203203646433,18.280007854637123,17.586769295773887,17.583692299277025
5.229992168071196,39678255423.91279,39671261436.91119,18.28390442106943,18.28068156289451,17.603277417909066,17.60019728960534
5.293069150161929,39679709179.14012,39672770107.84592,18.284574317498702,18.281376764709176,17.61941067293029,17.616327464662227
5.356906880173848,39681261219.24564,39674327370.59491,18.285289504006872,18.28209435783309,17.63517811302662,17.632092224411583
5.4215145332034815,39682870241.47655,39675935292.01278,18.286030948114405,18.282835294681416,17.650589251203243,17.64750076803613
5.486901395004776,39684526672.69734,39677596068.18773,18.286794238480816,18.283600587220697,17.665653098410388,17.662562100047552
5.5530768633236836,39686244214.700554,39679312036.27126,18.287585688948848,18.28439131242002,17.680378475411135,17.67728503637447
5.620050449248863,39688018709.06271,39681085687.766464,18.28840338329974,18.28520861837433,17.694774045498306,17.691678210443307
5.687831778578659,39689848953.19957,39682919683.55964,18.289246767377694,18.286053731231053,17.70884823754873,17.70575007926972
5.756430593204574,39691750636.93175,39684816870.962555,18.29012307111703,18.28692796304324,17.722609360377355,17.719508929580886
5.825856752511429,39693708703.30973,39686780303.07539,18.29102535621305,18.28783272069211,17.736065528397,17.732962883991537
5.896120234794399,39695742005.93167,39688813260.86653,18.29196231048187,18.288769516061464,17.7492246856096,17.746119907259953
5.967231138693149,39697846464.02486,39690919278.47639,18.292932053486517,18.28973997769785,17.762094667698552,17.758987812654517
6.039199684643272,39700031413.473816,39693102172.39599,18.29393888724125,18.29074586425614,17.77468315383065,17.771574268467
6.11203621634521,39702295362.336395,39695366075.229454,18.29498212425294,18.291789080057427,17.786997683702417,17.78388680471515
6.1857512022509145,39704640225.07167,39697715474.96228,18.296062646712265,18.29287169318401,17.799045620799284,17.795932820085444
6.2603552370684294,39707083113.9451,39700155260.89315,18.297188340022007,18.293995956644974,17.810834258509818,17.807719589176564
6.335859043284609,39709612852.97834,39702690777.69808,18.298354054245074,18.29516433328916,17.8223707489076,17.819254270117348
6.412273472706223,39712247696.09034,39705327889.48203,18.299568200862904,18.296379525320422,17.833662114219624,17.83054391264947
6.489609508019627,39714996409.2317,39708073056.14659,18.300834819261837,18.29764450948816,17.84471535748501,17.841595466785343
6.567878264369249,39717852605.08584,39710933425.123,18.302150966139944,18.29896257935829,17.85553732831662,17.85241579217915
6.647090990955133,39720835637.29847,39713916942.58854,18.30352555973732,18.300337396562213,17.866134785668457,17.863011668384274
6.727259072649714,39723946631.44021,39717032489.458496,18.304959118721563,18.301773053462476,17.876514439555006,17.8733898062179
6.808394031634124,39727208934.32136,39720290049.20981,18.30646240139955,18.30327415048659,17.88668297533144,17.883556860515927
6.89050752905422,39730614716.223114,39723700917.31451,18.30803179980443,18.30484589263485,17.89664700364697,17.893519444646248
6.973611366696582,39734190786.00538,39727277965.812004,18.30967966756987,18.306494211396323,17.906413083266315,17.90328414726752
7.057717488684729,39737942065.820435,39731035981.95706,18.31140827284403,18.308225920799245,17.915987790057308,17.912857551986008
7.142837983195795,39741896956.29783,39734992108.14317,18.313230702754616,18.310048920129525,17.925377726758864,17.922246260799973
7.228985084197899,39746061386.90204,39739166423.27822,18.31514968962342,18.311972461831076,17.934589526339497,17.931456922568213
7.3161711732084855,39750477969.074165,39743582725.77192,18.31718486897897,18.314007512309647,17.943629930788262,17.940496268258237
7.404408781073854,39755161381.03793,39748269611.409836,18.319343004607546,18.316167248621657,17.95250583417396,17.949371155526748
7.493710589770156,39760144778.03623,39753261996.076294,18.321639374582375,18.318467760151194,17.961224228942672,17.958088626454288
7.58408943422613,39765476731.22835,39758603332.24524,18.324096360694814,18.320929069978213,17.96979238849614,17.96665598434565
7.67555830416779,39771213079.46797,39764348953.19678,18.326739693719883,18.323576675907336,17.978217984090385,17.97508089910164
7.768130345985381,39777414514.00687,39770571344.79266,18.329597340437747,18.32644397972385,17.986509141490043,17.983371557188974
7.861818864622859,39784191378.01094,39777368921.84784,18.332720147436223,18.329576331382054,17.994674729185284,17.991536884855524
7.956637325490131,39791674276.5794,39784881702.4008,18.336168298085905,18.33303825177395,18.002724721468095,17.999586899750156
8.052599356398389,39800062860.10517,39793322072.8434,18.34003379211468,18.336927609428464,18.010670661325783,18.007533308201598
8.149718749518765,39809689660.85419,39803043906.72554,18.344469861767823,18.34140747074292,18.0185267276117,18.015390634831885
8.24800946336461,39821168453.006836,39814734966.294106,18.349759336729516,18.346794759408937,18.026311938002824,18.02317875698574
8.3474856247977,39835956831.546234,39826445695.07806,18.35657388280439,18.352191111730864,18.03405619407637,18.030910107107808
8.448161531058608,39860722529.756424,39832679683.60223,18.36798601910319,18.35506375945996,18.041833212684445,18.038556062214383
8.550051651821585,39865901785.02644,39833397223.01727,18.370372641380744,18.355394404593998,18.04958879757812,18.046058636331875
8.653170631274223,39855759950.75486,39832869302.859116,18.365699242147468,18.355151136798813,18.057133048558935,18.05338445535132
8.757533290222188,39875805897.03685,39832352285.80776,18.374936497211582,18.3549128932004,18.06455361343115,18.060531009029393
8.863154628219347,39878686478.3201,39831849399.89537,18.37626388099641,18.354681161289342,18.071922957791113,18.06750268124136
8.970049825723585,39866610635.80052,39831329771.19532,18.370699282753044,18.35444171423239,18.07906702622191,18.074303599975945
9.078234246278617,39872023243.11687,39830803179.420746,18.373193434619942,18.354199058561864,18.086006038921308,18.080937681606937
9.187723438722127,39872182894.97994,39830277175.425705,18.37326700285962,18.35395667374258,18.09281089905597,18.08740884425056
9.298533139420517,39858614241.7628,39829742008.555145,18.367014511264557,18.35371006663231,18.099380895807563,18.093720900621857
9.410679274530622,39859357166.37548,39829194420.70574,18.367356854002793,18.35345773588355,18.10572569484893,18.099877502308154
9.524177962288718,39878412186.08538,39828641243.38331,18.37613748599871,18.35320282948247,18.112028843216272,18.105882234220175
9.639045515327101,39854682801.833115,39828084584.8588,18.36520288746347,18.352946318929057,18.118155743150812,18.11173864498017
9.755298443018628,39866800874.12139,39827521078.85882,18.370786945359143,18.352686653030585,18.124075276845502,18.117450192091038
9.872953453849549,39857779555.92093,39826950748.77303,18.366629884571893,18.352423842565116,18.129870778569178,18.12302023300459
9.992027457820912,39868815473.81012,39826372374.00109,18.37171528123888,18.35215732507495,18.13554062772558,18.128452039052736
10.112537568878977,39865205263.65068,39825784923.73262,18.370051681446252,18.3518866255584,18.141116203032425,18.133748791780267
10.234501107374921,39885125601.32629,39825189957.92613,18.379231055544356,18.351612462850806,18.146649483972595,18.138913600328674
10.357935602554209,39878536259.60843,39824589122.9127,18.376194659591967,18.351335595588342,18.15212357326093,18.143949517683115
10.48285879507597,39868803557.58152,39823981232.296684,18.371709790191396,18.351055477074993,18.15737877260638,18.148859526916013
10.60928863956282,39871744232.85919,39823366026.32727,18.373064865537724,18.3507719876165,18.162472806334417,18.153646532561776
10.737243307181362,39867408035.48091,39822741888.183235,18.371066727828083,18.35048438217495,18.167438297537505,18.158313360053285
10.866741188253847,39878577869.35098,39822109323.49381,18.376213833533654,18.350192893746392,18.172323957067537,18.1628627618877
10.997800894901342,39852170421.274025,39821469883.28215,18.364045172097182,18.34989823704871,18.177009460439244,18.167297436611324
11.130441263718758,39874600203.7813,39820822989.45218,18.374380908766224,18.349600145692843,18.181563841168767,18.171620024078248
11.264681358482123,39862008556.84738,39820165933.15816,18.368578625712594,18.349297371431454,18.186062877381765,18.17583308358777
11.400540472888565,39859382929.817825,39819500238.220055,18.367368725903724,18.348990616447097,18.190372583880816,18.179939107474674
11.538038133329287,39892429886.232635,39818828969.832466,18.382596900278838,18.348681293194137,18.194747411933026,18.18394055412606
11.677194101695985,39857550744.48654,39818150002.59652,18.36652444731534,18.348368422279968,18.19900636870219,18.187839828645604
11.818028378221166,39860647089.58217,39817459644.61152,18.367951255958467,18.348050302461463,18.202992174956005,18.19163924735
11.960561204352672,39850004103.939575,39816759341.8008,18.36304692409798,18.34772760002608,18.206841906400335,18.195341059586386
12.104813065662881,39832978422.604904,39816051914.481155,18.355201419629577,18.34740161458748,18.210449188753056,18.198947484743655
12.250804694792999,39861944589.49135,39815336075.30059,18.368549149290022,18.34707175292853,18.214037691764258,18.20246069786291
12.39855707443289,39844828544.82382,39814609148.69154,18.360662005023613,18.34673678213662,18.217604354427916,18.205882800777076
12.548091440336803,39854805514.2425,39813872238.59641,18.36525943384991,18.34639721091298,18.22104843332873,18.209215837067617
12.699429284375467,39888985532.30334,39813127388.708084,18.381009727723924,18.34605398099975,18.22465274474444,18.212461819112452
12.852592357625056,39872721175.45537,39812373046.83669,18.37351504473191,18.345706377141415,18.228267808131555,18.21562271417794
13.007602673493352,39877776429.32037,39811609061.56024,18.375844526648503,18.345354329562092,18.231736735344622,18.21870043366882
13.164482510883603,39869639734.418335,39810835485.18689,18.372095103940705,18.3449978623656,18.235106225353377,18.221696843170864
13.32325441739661,39866483184.88,39810051868.94816,18.370640552841046,18.344636768757557,18.238334403336225,18.224613761890257
13.483941212571365,39868890369.46178,39809258100.01693,18.371749793465334,18.34427099674677,18.241482191538356,18.227452962878367
13.646565991164776,39852539598.05329,39808454320.46389,18.364215290285962,18.34390061179999,18.244478676258773,18.230216177347778
13.811152126471006,39854347468.80974,39807640598.04179,18.365048364617564,18.343525645137973,18.247325378621305,18.232905096638465
13.977723273680795,39855076061.73188,39806816171.14552,18.36538410325345,18.34314574580993,18.250118447831326,18.235521368204914
14.146303373281274,39862509802.501465,39805980697.550095,18.368809601785834,18.342760756117165,18.252890118845176,18.238066594458772
14.316916654496875,39870816926.83703,39805134981.11016,18.37263755908241,18.342371046479233,18.255682076264534,18.240542342405064
14.489587638771654,39859029618.884964,39804278453.28785,18.367205918762675,18.341976354911527,18.25838823266536,18.242950143163252
14.664341143293623,39859953578.57678,39803410860.74496,18.36763168321511,18.341576564674753,18.260971392210305,18.245291487101834
14.84120228456165,39848628004.95426,39802532769.10164,18.362412811986633,18.341171936409022,18.263436172638364,18.247567831011246
15.020196481995317,39849150524.889275,39801641925.61316,18.362653591336628,18.34076143204023,18.265783975722545,18.249780587866326
15.201349461588306,39859244410.81706,39800739069.68177,18.367304895774513,18.340345392288,18.268134419434872,18.251931129003122
15.384687259605924,39872027482.9499,39799825712.89116,18.37319538835256,18.339924513696353,18.27055414193865,18.25402080558087
15.570236226327143,39851754284.9012,39798900498.76748,18.363853414733217,18.33949817119652,18.27287456940301,18.256050937500255
15.758023029831811,39860964959.4012,39797963400.72511,18.368097731687488,18.339066352537746,18.27508060019404,18.258022805885062
15.948074659833509,39835271982.78794,39797013880.68956,18.356258301660368,18.338628809773063,18.27714325320887,18.25993765840794
16.14041843155869,39871307779.62776,39796051959.80528,18.372863746081173,18.338185552645932,18.279215515752004,18.261796710378505
16.335081989672556,39857729045.15773,39795078050.05771,18.36660660900303,18.337736771000944,18.28135964426135,18.263601150690604
16.532093312252265,39863284447.754944,39794091530.14235,18.369166561526715,18.337282178538416,18.28340980413748,18.26535213889465
16.731480714808132,39846013875.97382,39793091886.12121,18.361208210526414,18.336821538433593,18.285346696330027,18.267050800875868
16.933272854353273,39848926993.96667,39792079436.25084,18.36255058736177,18.336354997340415,18.28715998835491,18.268698234804322
17.13749873352231,39851677378.85681,39791054142.49506,18.363817976109466,18.33588253773165,18.288961229930464,18.270295514350433
17.34418770473983,39855311757.726166,39790014757.90614,18.365492712943716,18.335403585008613,18.29075467790389,18.27184368069362
17.553369474439055,39866649646.23982,39788961638.61576,18.37071725892503,18.334918303278265,18.292587616122837,18.273343745535723
17.765074107331372,39852206262.609825,39787895312.05876,18.36406168793315,18.334426935584762,18.29435933341999,18.2747967014382
17.979332030727445,39867388555.2033,39786815109.77204,18.371057751235483,18.33392917389754,18.296094078350976,18.27620351663803
18.196174038910378,39856126353.31,39785720688.67191,18.365868081962276,18.333424860122214,18.297808257160092,18.277565130921904
18.415631297561585,39866593850.16515,39784611928.24266,18.37069154786275,18.332913938724648,18.299478196993753,18.278882459287917
18.637735348240156,39857880373.05295,39783488702.31368,18.366676341523846,18.332396351564896,18.301117519920513,18.28015639370949
18.862518112916142,39861425197.304955,39782350713.66443,18.368309811219547,18.331871961682506,18.302690191642352,18.281387802710857
19.090011898558522,39844486985.22858,39781197963.047104,18.360504612947608,18.33134076942409,18.304151824103418,18.282577532630796
19.320249401778593,39865860416.03998,39780030151.52927,18.37035357838046,18.330802637040353,18.30560429168267,18.28372640811933
19.553263713529255,39857375657.31663,39778846818.59062,18.366443766422343,18.330257352321624,18.307091725333873,18.284835230138192
19.789088323861044,39874064791.38223,39777647914.804794,18.3741341885154,18.32970489249203,18.30858952741933,18.285904777902736
20.027757126735455,39869453601.96936,39776433421.06892,18.372009333337374,18.329145248748887,18.31011707606722,18.28693581179422
20.269304424896426,39935050348.53391,39775202952.11553,18.402236585813718,18.328578243559356,18.311943629601615,18.287929071959823
20.513764934800466,39848784331.24461,39773956100.04271,18.36248484778863,18.328003688960543,18.313609113811548,18.288885276680936
20.76117379160629,39844580542.95644,39772692833.566154,18.360547724736062,18.32742157053651,18.31474398292615,18.28980512483657
21.011566554224647,39855546624.92234,39771412899.86437,18.365600940720384,18.326831771786072,18.315889374227506,18.29068929718992
21.264979210429043,39866389304.59516,39770116000.370514,18.370597292417003,18.326234155128382,18.317126671243958,18.2915384553644
21.52144818202804,39858088603.0234,39768802057.9906,18.366772294756583,18.325628685038215,18.318347903845257,18.29235324326499
21.78101033010006,39879882959.694855,39767470754.77417,18.376815224568954,18.325015215002686,18.31961484494111,18.29313428737717
22.043702960291224,39855361990.2489,39766121773.32433,18.365515860298224,18.32439359876399,18.32083537090754,18.293882195875703
22.309563828177094,39856051091.94504,39764754898.71626,18.36583340121362,18.32376373728388,18.321897715776725,18.294597559624233
22.578631144689147,39876433741.122574,39763369962.88952,18.37522581036641,18.323125553119404,18.32305055921531,18.295280953398716
22.85094358160664,39837197822.42174,39761966489.615105,18.357145736539206,18.322478826822273,18.324071225848023,18.295932934830642
23.126540277114675,39844595280.40513,39760544244.15014,18.36055451581345,18.321823450221995,18.32489544229084,18.29655404446715
23.405460841429427,39862374569.806915,39759103187.04446,18.368747286000136,18.321159405139767,18.325837902000174,18.29714480855854
23.687745362491093,39828102619.49336,39757642904.600235,18.35295462936335,18.32048650094192,18.326666302580133,18.297705738401465
23.9734344117255,39862077609.912544,39756163126.42026,18.368610445650994,18.319804613028303,18.327475688909896,18.298237329449517
24.26256904987534,39867952764.44152,39754663634.59336,18.371317741189046,18.31911364098454,18.32848250749597,18.298740062754337
24.555190832901552,39874235222.41792,39753144080.0257,18.374212723842458,18.31841342394675,18.32953185007346,18.299214404871197
24.851341817956033,39859485839.5908,39751604176.67817,18.367416147153293,18.31770383010692,18.330509425812657,18.299660807836965
25.15106456942623,39834848505.798965,39750043610.28896,18.35606316171008,18.316984714651916,18.33124851969325,18.30007970970119
25.454402165052805,39865776942.81042,39748462093.66963,18.370315113570584,18.316255945244105,18.332006262079542,18.300471534853035
25.76139820212097,39837589471.7745,39746859521.57833,18.357326210182915,18.315517473387615,18.332759079860505,18.300836695490922
26.072096803726463,39876269718.03401,39745235526.95892,18.37515022784792,18.314769129941453,18.333553526207,18.30117559146092
26.38654262511724,39804463946.47286,39743589269.70224,18.34206183093937,18.31401052777984,18.334144715364413,18.30148860653105
26.70478086011153,39872471324.148254,39741920739.40569,18.373399912214868,18.313241662109213,18.334705738821167,18.30177611076168
27.02685724759327,39839916571.52307,39740230082.5148,18.358398547384404,18.31246260041228,18.335443703263504,18.302038466193565
27.35281807808605,39825500511.95639,39738516551.64766,18.35175556743406,18.311672998292366,18.33590838087095,18.302276022980493
27.68271020040616,39840148566.58591,39736779529.86206,18.358505451670133,18.310872571459935,18.336364266788397,18.30248911553742
28.016581028395926,39847680501.05989,39735019002.40673,18.361976198268156,18.31006131311755,18.33693019163215,18.302678066927925
28.354478547738374,39826056467.886894,39733234809.7417,18.35201175422925,18.30923914974853,18.337404831063097,18.30284319160549
28.696451322853907,39841312586.95528,39731426428.8759,18.359041837076962,18.308405840356425,18.337834672019948,18.302984792836078
29.042548503880234,39861358783.21644,39729593481.75045,18.368279207332513,18.30756121073013,18.338447188546652,18.303103161786943
29.39281983373656,39842500932.737946,39727735613.06604,18.359589431734975,18.306705097146263,18.339050407269596,18.303198578724693
29.747315655272857,39870350075.657196,39725852533.7406,18.372422432125347,18.305837366394602,18.339689943118856,18.30327131376064
30.10608691850536,39850198319.81648,39723943897.926056,18.363136419578375,18.30495785910692,18.340354773875948,18.303321627138963
30.469185187939466,40030155437.55142,39722009006.420364,18.446061404696895,18.304066253088028,18.341882720693,18.30334976722208
30.8366626499808,39884543969.31947,39720047537.061966,18.37896303710687,18.303162399884535,18.34355129556523,18.303355970925324
31.208572120435743,39818285345.9209,39718059353.47662,18.348430789044347,18.302246236654636,18.34402641332092,18.303340467054213
31.58496705210235,39836455722.45355,39716044085.813156,18.356803773800568,18.301317592969372,18.344230540897083,18.303303476222485
31.965901542452947,39876759727.07015,39714001235.85447,18.375376026041074,18.300376239248244,18.344749746983844,18.303245209074486
32.35143034140928,39807629198.51152,39711930058.52616,18.343520392187216,18.29942183215788,18.345095717910244,18.30316586446925
32.74160885921138,39850119005.39106,39709830341.59868,18.36309987116267,18.29845427390202,18.345291722340697,18.30306563134636
33.13649317438156,39846949438.48467,39707701861.599815,18.361639321605907,18.297473461503756,18.345696224035617,18.302944691790387
33.53614004178425,39828189394.95057,39705544072.25921,18.352994615853397,18.296479143239434,18.345970926448633,18.302803219359642
33.94060690078302,39844552135.68994,39703356514.02737,18.360534634550014,18.295471107346746,18.34622718387988,18.302641378013014
34.34995188349621,39844054841.28139,39701138696.20557,18.36030547922708,18.29444912770969,18.34656342217324,18.302459322636793
34.764233823151955,39852299224.45701,39698890172.25268,18.36410452513732,18.293412998560264,18.346934268955955,18.302257199333145
35.1835122625439,39812853146.20799,39696610535.47051,18.345927608919972,18.292362532490255,18.347124450542616,18.302035146086595
35.60784746258914,39866421944.9879,39694299241.561676,18.370612333245152,18.291297478685177,18.347390260643248,18.301793292416903
36.03730041098919,39836636871.533714,39691955779.45517,18.35688724804691,18.29021760164139,18.34777687262321,18.301531759015536
36.4719328309954,39840138912.359055,39689579707.734055,18.35850100296242,18.289122697952145,18.348011944681176,18.3012506585175
36.91180719028024,39831381344.880486,39687170484.36584,18.3544654796001,18.28801251784662,18.34821235831261,18.30095009551773
37.356986709915475,39838445446.522125,39684727560.71756,18.35772064689152,18.28688680851248,18.348399297455117,18.300630166179346
37.807535373458514,39826927397.69813,39682251479.29205,18.352413082293094,18.28574581993728,18.348556887184255,18.30029096438942
38.26351793614863,39836099898.33343,39679741655.47864,18.35663980857242,18.284589282729986,18.348698616827885,18.299932581543953
38.724999934213855,41174476584.46768,39677194418.9126,18.97336932823569,18.283415505571345,18.356236262624957,18.29955508354627
39.19204769429011,39771019213.58895,39674610726.74396,18.326650359519963,18.282224929520048,18.3631503634785,18.299158520079292
39.66472834295417,39799893917.68033,39671992113.741646,18.33995594274566,18.28101826180398,18.36244417437551,18.29874295327025
40.143109816371364,39865859455.06746,39669336556.07649,18.370353135560343,18.27979456983427,18.36227362826085,18.298308440988404
40.62726087005974,39814309672.64189,39666643542.20387,18.346598782332705,18.27855361788904,18.36218196796955,18.297855025941807
41.11725108877194,39817963303.58975,39663912587.11321,18.34828239060446,18.27729518247341,18.36183283780353,18.29738274438772
41.61315089649633,39812298375.344986,39661143067.6581,18.345671968208794,18.27601897643893,18.361480695310213,18.296891625670835
42.11503156657874,39818035538.34157,39658334361.64639,18.34831567667725,18.27472471307689,18.361137663082395,18.296381691642807
42.62296523196612,39815203907.72414,39655485878.56278,18.347010849561947,18.27341212027538,18.36081833777909,18.2958529570189
43.13702489557402,39843031256.69608,39652596942.59302,18.359833807211146,18.272080886616408,18.360644023589117,18.295305429250522
43.65728444077888,39834432231.343544,39649666882.23913,18.35587134071708,18.270730702670914,18.360577607791242,18.29473910825817
44.18381864203688,39807927243.91077,39646695085.919014,18.3436577327415,18.269361286619343,18.360320559541197,18.294153986962346
44.71670317563108,39815141083.00012,39643680913.65606,18.346981899668943,18.26797234355782,18.359965401119027,18.293550051618535
45.25601463054789,39753553420.647156,39640623820.6273,18.31860204980034,18.266563622429658,18.359319598864165,18.292927282343573
45.80183051948482,39833068466.96459,39637522996.60216,18.355242912443426,18.265134749877262,18.358791572788032,18.29228565231993
46.35422928999115,39816312631.170715,39634377640.4464,18.34752175391775,18.263685356734655,18.358615486389585,18.291625126569883
46.91329033574276,39792721486.65671,39631187203.02676,18.3366508568264,18.262215189958948,18.358223108604548,18.29094566358201
47.479094007952895,39768787559.04202,39627951007.61235,18.325622003862666,18.260723937709756,18.357580593597536,18.290247216132652
48.05172162692088,39827471053.91929,39624668253.00885,18.35266360133128,18.25921123079341,18.357145689450565,18.289529730045427
48.631255493719785,39839960297.08766,39621338102.16653,18.35841869630565,18.257676683493933,18.3571080836589,18.28879314348374
49.21777890202509,39832381757.05413,39617959794.08764,18.354926473672776,18.25611994514041,18.357097517946244,18.288037387355338
49.811376150086275,39790587810.52816,39614532669.65922,18.335667650030054,18.254540712010854,18.35681657652302,18.287262386456355
50.41213255284251,39793853176.24247,39611056006.29132,18.337172344074244,18.252938651132833,18.356333451891047,18.28646805982034
51.02013445418457,39806263946.307106,39607528956.9426,18.34289127831743,18.25131337218618,18.355947642925504,18.28565431982698
51.6354692393646,39838032636.78677,39603950705.16286,18.357530422455877,18.249664498947265,18.355812767513182,18.284821071852413
52.2582253475557,39849707588.999,39600320328.852005,18.36291028878539,18.247991606508545,18.355917573168632,18.283968214021055
52.8884922845628,39910826146.1405,39596636772.882126,18.39107397302982,18.246294208662714,18.356418866960055,18.283095636073586
53.526360635686835,39769732739.4374,39592899496.62274,18.326057546903183,18.244572056285005,18.356465114124294,18.2822032216691
54.171922078744295,39786968700.89533,39589107836.46322,18.33399994932323,18.242824843580888,18.35583935325646,18.281290850645483
54.825269397243595,39862305945.549866,39585260500.06615,18.368715663658293,18.24105197503593,18.35573564242553,18.280358394990085
55.48649649372027,39856250736.354324,39581356519.77992,18.365925398184217,18.23925300475227,18.356009911042978,18.27940571739727
56.15569840323338,39816725966.50796,39577395232.33121,18.347712220552918,18.237427627090806,18.356027782042368,18.278432674921756
56.83297130702432,39814385522.045425,39573375721.76666,18.346633734051974,18.235575419976445,18.355817919289922,18.277439119376183
57.51841254634043,39848630119.949684,39569296832.285194,18.362413786585282,18.233695850811255,18.355788378830155,18.276424894767228
58.21212063642555,39815856641.89234,39565157613.43504,18.347311632169863,18.231788481623134,18.3557653757164,18.275389837306754
58.91419528067912,39788546021.86758,39560957155.4473,18.334726785359486,18.229852893186795,18.355415119024745,18.27433377693415
59.6247373849859,39806462120.425804,39556694354.53922,18.342982597772036,18.227888576874584,18.355023359071826,18.273256536620224
60.34384907221895,39765556700.868835,39552368306.62041,18.324133211036333,18.225895116077893,18.354513465606004,18.27215793257622
61.07163369691718,39772877809.038666,39547978216.18357,18.327506808000294,18.223872144223677,18.353833905820558,18.271037776093713
61.808195860139854,39847628964.73204,39543522716.82113,18.361952450114853,18.22181903166566,18.35362065506513,18.269895871115356
62.553641424500675,39976245335.36076,39539000164.14141,18.421219406346584,18.21973502066135,18.354524328664247,18.268732009784763
63.308077529382736,39793781349.87462,39534409875.591965,18.33713924618648,18.217619796687753,18.35510247946813,18.267545976499594
64.07161260633724,39771184889.087524,39529751076.69757,18.326726703475828,18.21547300286348,18.35455281307733,18.2663375528091
64.84435639466776,39799057553.18412,39525022296.77718,18.33957054252213,18.21329396149261,18.354046621496945,18.265106513159772
65.62641995720267,39759638520.79989,39520222431.137344,18.321406089151278,18.211082163527823,18.353487193279765,18.26385262329577
66.41791569625771,39791017894.12823,39515350236.90842,18.335865834334093,18.20883703624965,18.352899449856963,18.262575641692198
67.21895736979077,39797375451.98022,39510404389.601685,18.33879542332119,18.2065579693282,18.35253080463995,18.261275318529382
68.02966010775216,39731968499.686386,39505383891.9815,18.308655628830802,18.204244503233156,18.35184621591907,18.259951397243555
68.85014042863149,39791228470.05449,39500287390.14911,18.335962868592983,18.20189601408237,18.35114837128406,18.258603614503752
69.68051625620426,39804355536.77002,39495113380.60714,18.342011875299338,18.19951180905802,18.350860684960658,18.257231697615417
70.52090693648064,39785824780.6891,39489860633.51428,18.333472826154818,18.197091321444145,18.35054928181668,18.255835365433253
71.37143325485853,39788151280.36893,39484527930.74057,18.334544886842142,18.194633989921403,18.35015748565888,18.254414330110592
72.23221745348323,39775299322.01892,39479114067.77447,18.32862265120994,18.192139259445895,18.34971702055166,18.252968297396503
73.10338324881701,39849001002.95088,39473617494.55581,18.362584691008195,18.18960641574348,18.349621979458714,18.251496964963863
73.98505584942022,39899704690.541046,39468036437.3249,18.385949160231696,18.187034641458336,18.35020752136801,18.250000019497378
74.87736197394675,39873760245.53362,39462369342.30579,18.373993852527125,18.184423220604085,18.350911834544508,18.24847713694815
75.78042986935695,39775789654.37912,39456615040.508484,18.32884859839216,18.181771614505276,18.350920697331055,18.246927986094548
76.69438932934987,39669833091.990204,39450772415.58302,18.28002337563964,18.179079308743244,18.34981592444578,18.245352231089083
77.61937171301778,39749612685.89993,39444839808.96773,18.31678614290884,18.176345539045887,18.348600512310966,18.2437495288761
78.55550996372601,39745609391.04919,39438815431.67537,18.314941408062552,18.173569481040484,18.347824789433684,18.242119525704375
79.50293862822011,39844628434.25959,39432697495.90936,18.36056979324689,18.170750310902967,18.34758947223038,18.240461856679346
80.4617938759637,39754290047.515335,39426484509.67704,18.31894149051183,18.167887341116934,18.34740091889752,18.238776147657955
81.43221351870939,39806788257.20573,39420174785.444,18.343132882950872,18.16497979405954,18.34701495053419,18.237062015998976
82.41433703030589,39742013082.384,39413766599.47782,18.313284214136043,18.162026875427756,18.346567273767665,18.235319069504595
83.40830556674398,39700519002.61769,39407258579.44489,18.294163570338025,18.15902795284456,18.345550879690023,18.233546908380053
84.41426198644395,39750747628.24529,39400648767.78516,18.31730912904178,18.15598212425818,18.344609245691625,18.23174512410662
85.4323508707883,39768667256.42301,39393935131.27575,18.32556656791761,18.152888452751096,18.344060860148044,18.229913296057394
86.46271854490156,39743449805.89522,39387115937.87813,18.313946262279995,18.14974614019277,18.343484219228753,18.22805099302753
87.50551309868081,39716594597.69237,39380189423.5462,18.301571271123176,18.14655437370347,18.342636940612916,18.226157774943278
88.56088440808018,39718514221.397896,39373153662.854706,18.30245584167653,18.143312266039246,18.341674562740803,18.224233192012292
89.62898415665175,39694903828.6806,39366006568.28299,18.29157607493339,18.140018855261946,18.340615747937456,18.222276783188057
90.70996585734608,39714516804.21944,39358746090.6472,18.30061381528597,18.13667319709916,18.33956161216869,18.220288075767574
91.80398487457624,39606164511.10402,39351370727.53398,18.250684629893108,18.133274599232596,18.338043867980282,18.218266588878038
92.91119844654749,39701025315.95795,39343878266.88874,18.29439688162204,18.12982204233833,18.336495085854168,18.216211832740225
94.03176570785615,39765753855.880974,39336265952.640335,18.324224060882415,18.126314256407372,18.335853151594268,18.214123302041646
95.16584771236167,39663440799.34704,39328532115.205475,18.277077780716915,18.122750472088825,18.33501580005833,18.212000479319094
96.31360745633391,39661919644.130135,39320674877.8941,18.276376826093323,18.119129824596133,18.333634791472214,18.209842840004384
97.47520990187972,39745304624.593994,39312691611.21304,18.314800970417853,18.115451102247967,18.332736144520158,18.207649847335052
98.65082200065248,39732701435.79853,39304580037.33206,18.308993368826627,18.111713255410706,18.33224201952988,18.20542095048968
99.84061271784705,39762129612.47046,39296337681.21321,18.322553994509573,18.10791514357662,18.331852818019325,18.20315558574617
101.04475305648423,39765665684.85339,39287962109.031204,18.32418343130776,18.104055645228932,18.33165193008412,18.200853175943674
102.26341608198875,39618921393.755264,39279451508.98308,18.256563054249575,18.100133925481344,18.330669162628247,18.1985131344403
103.49677694706244,39765440584.63117,39270803147.15198,18.32407970419314,18.096148724533638,18.329718045527745,18.196134863649142
104.74501291685849,39703164623.0085,39262014223.28921,18.295382683170562,18.092098752019623,18.32924248356552,18.19371774993004
106.00830339445916,39769150424.37172,39253082081.00935,18.325789213709346,18.087982783865897,18.328802635910044,18.19126116439999
107.28682994666,39674961537.24287,39244004167.77474,18.282386584450776,18.08379964385253,18.328214017699942,18.1887644646451
108.58077633006585,39619583386.14679,39234778322.22031,18.256868103085136,18.079548336013545,18.32682418256047,18.18622699775275
109.89032851750162,39665529330.86025,39225401682.77582,18.278040184687555,18.075227541725535,18.32541910343073,18.183648098837697
111.21567472474072,39710711944.34343,39215871086.62787,18.298860520097833,18.07083580355098,18.32454472592406,18.181027085872227
112.5570054375567,39744510643.66467,39206183458.373085,18.314435100717464,18.06637170433127,18.32412182185534,18.17836325893778
113.91451343910114,39661633105.82688,39196336105.421875,18.276244788056527,18.061834003309972,18.323437215911053,18.175655903225252
115.28839383761098,39646250652.62565,39186326275.65163,18.269156489917204,18.057221432297585,18.322234672278782,18.172904291138025
116.67884409445062,39605763841.26918,39176151214.04985,18.250499999573897,18.05253272177295,18.320754827584036,18.17010768225595
118.08606405249265,39662874390.013435,39165807715.76883,18.27681677695029,18.047766394928956,18.31940397939801,18.16726532115336
119.51025596483952,39807228409.70273,39155292121.73885,18.343335707044318,18.04292076565114,18.31918771186456,18.16437643281946
120.95162452389278,39716834413.949425,39144601255.723755,18.301681779447595,18.037994370316714,18.319263435352255,18.161440223309192
122.410376890773,39854032251.09448,39133731506.949844,18.364903110988948,18.03298554506621,18.319600296816688,18.158455880425425
123.88672272509324,39607457135.77774,39122680156.08743,18.251280276695976,18.027893036821247,18.319319569480136,18.155422576688885
125.38087421509283,39691756538.41304,39111443892.02395,18.29012579054405,18.02271531980744,18.31817051500376,18.152339471287366
126.89304610813464,39691198378.52855,39100018495.143776,18.289868588157738,18.017450449608432,18.317503020229765,18.149205702191793
128.42345574156886,39582505561.38428,39088401023.10816,18.239782487882145,18.01209707038235,18.316251439963906,18.14602038874338
129.97232307397022,39625684961.43366,39076587804.50779,18.259679734246117,18.00665349032857,18.314676867139408,18.142782635021806
131.53987071675215,39638513799.46713,39064574513.02136,18.265591315940707,18.001117715860325,18.31344433435899,18.139491522654577
133.12632396616075,39618404768.16237,39052357387.92168,18.25632499103684,17.99548801401894,18.31220018482414,18.136146110901322
134.731910835656,39481198689.793846,39039933339.44481,18.193099861905583,17.989762961028408,18.310122953857544,18.132745443937093
136.3568620886835,39567184668.747986,39027298230.51596,18.232722557106094,17.983940650507524,18.307822647098156,18.1292885490992
138.00141127184006,39648052402.74076,39014447138.81601,18.269986743831936,17.97801881423126,18.306487465179018,18.125774427291418
139.66579474844085,39571263707.052475,39001376305.64324,18.234602194849547,17.97199572017429,18.30520102358502,18.122202055739443
141.35025173249107,39542470173.15831,38988081818.243805,18.221334015186876,17.96586956532344,18.30337029538418,18.118570394019574
143.05502432306622,39597825379.772385,38974559067.78511,18.24684192364019,17.95963822590957,18.301730684297656,18.114878379818595
144.78035753910876,39524235564.25339,38960803631.46098,18.212931431887505,17.95329966388527,18.300026163334753,18.11112492669704
146.5264993546428,39613350364.14935,38946810753.98788,18.253995900735564,17.946851687996194,18.298452094477387,18.10730892384437
148.2937007344144,39449814020.848816,38932576331.66433,18.17863767648067,17.94029240723971,18.29650081116448,18.1034292384305
150.0822156699622,39535644862.461464,38918095764.1314,18.218188883751736,17.933619701751372,18.294179750374624,18.099484716935546
151.8923012161215,39571833443.53314,38903363346.750946,18.234864731779318,17.92683094281029,18.292578115164666,18.09547417688119
153.72421752796987,39536483022.6209,38888374232.928116,18.218575111424325,17.919923897085493,18.291016660017103,18.091396406236868
155.57822789821867,39403573049.981476,38873124081.58974,18.157329645604737,17.912896564192483,18.28857053390581,18.087250171551588
157.45459879505376,39428608154.72636,38857607974.192474,18.168865925550424,17.905746677646118,18.28559867906748,18.083034218033227
159.35359990043426,39455713099.182724,38841820348.13518,18.18135599620711,17.898471674176758,18.28298191413938,18.078747263384095
161.2755041488532,39553042859.62323,38825755146.14264,18.226205952895157,17.891068762566896,18.281108686749974,18.07438799224155
163.22058776656405,39523160913.69513,38809406908.4052,18.21243622845975,17.88353542691363,18.27964385027116,18.069955057558207
165.189130311282,39362837636.4833,38792771076.73494,18.138558598364977,17.875869566785095,18.277171188999738,18.06544708954553
167.1814147123639,39506928196.39132,38775841128.90842,18.204956125100715,17.868068176713713,18.274678461396352,18.0608626903195
169.1977273114714,39464924891.63307,38758610650.809456,18.18560082831753,17.860128301048192,18.27279595929691,18.056200424503242
171.23835790372596,39286853441.44591,38741075063.30379,18.10354476661424,17.852047829704492,18.269752296597037,18.051458830778383
173.30359977936027,39378220854.70813,38723227955.2959,18.145647249030343,17.843823808423252,18.266316273846694,18.046636422396197
175.3937497658705,39473581134.49643,38705061914.75463,18.189589660877537,17.83545282170982,18.263981066048515,18.041731672343484
177.5091082706783,39331406690.34221,38686571280.17493,18.124075088216465,17.826932260719214,18.261437869820487,18.03674301847832
179.64997932430765,39340134503.8387,38667750000.02255,18.12809690082062,17.8182593368794,18.258231427207626,18.03166887171872
181.81667062408056,39396452838.41023,38648590788.61321,18.154048622625385,17.809430692916887,18.255457571459623,18.026507607787458
184.00949357834142,39393065349.404625,38629086587.985886,18.152487653662806,17.800443076494002,18.25303641004106,18.021257562600066
186.22876335121506,39372451956.03766,38609230584.78922,18.142988916631936,17.791293347990226,18.250541034523607,18.01591703578672
188.4747989079024,39301808709.63756,38589015963.57169,18.110436216132026,17.78197836681727,18.247605005032014,18.01048429286767
190.74792306052458,39348176787.22654,38568435164.82513,18.131802818311687,17.772494649522464,18.244609854597183,18.004957561964016
193.04846251451977,39319499898.973236,38547480683.152275,18.118588389443396,17.762838737587675,18.241779778955618,17.999335030943804
195.37674791559772,39284053157.76687,38526145224.11183,18.102254384297975,17.753007269704135,18.238666503717308,17.993614849827637
197.73311389726268,39368640741.87308,38504420289.711006,18.141232693361307,17.742996329961574,18.23589915710765,17.987795126220917
200.11789912890913,39314535378.10323,38482297637.57147,18.116300717666658,17.732802120237928,18.233359227250826,17.981873921191994
202.53144636449608,39180066834.92926,38459770115.19693,18.054337056090155,17.722421344633275,18.22984748680767,17.975849257746603
204.97410249181,39180175437.686584,38436829637.1467,18.054387100690494,17.71185027734307,18.225689926941495,17.969719122520118
207.44621858232193,39302190854.90748,38413466736.73563,18.110612310255004,17.701084556079593,18.222301486646753,17.96348145399223
209.94814994164432,39293742193.759056,38389672398.46442,18.10671913220891,17.690120026463426,18.219608975531965,17.957134138610957
212.48025616059775,39249152804.20737,38365438116.476166,18.086172156843013,17.67895276896048,18.216689556811346,17.950675017272104
215.04290116689413,39233049034.76608,38340754709.837456,18.078751473193048,17.66757855295862,18.213508934444402,17.94410188545664
217.63645327744084,39222698603.85026,38315612647.53287,18.073981951762228,17.655992986526467,18.21025945107477,17.93741248872133
220.26128525127794,39160379409.582855,38290002461.20196,18.04526500895792,17.644191706604317,18.206688576228387,17.9306045223261
222.91777434315375,39151901558.42638,38263914571.10184,18.041358380035227,17.632170298806976,18.20281760808334,17.923675632153945
225.60630235774448,39107117103.820854,38237338787.87042,18.020721517884688,17.619924067834194,18.19874642253426,17.916623411928793
228.32725570452996,39220406852.209015,38210264436.37985,18.07292590311499,17.607448094542846,18.19515080840436,17.90944539847597
231.08102545333108,39022488046.43031,38182681737.359604,17.981724097760182,17.594737872604576,18.191168238729244,17.902139075353986
233.86800739051486,39221116408.39868,38154579356.65666,18.07325286954571,17.58178817919473,18.18729687148411,17.894701870438954
236.68860207588085,39137165595.8956,38125945891.0016,18.034567987474194,17.568593759639544,18.18413396103798,17.88713114842761
239.54321490022994,39045118653.02751,38096771245.684906,17.992152375001538,17.555149962255054,18.18008501275911,17.879424219144866
242.4322561436301,39162664112.19159,38067043213.02143,18.046317809381787,17.541451161689395,18.176278036327393,17.871578334340896
245.35614103438468,39152366136.67186,38036749520.39377,18.041572459614727,17.527491702669643,18.173142496076167,17.863590677245583
248.31528980870976,39101170358.582634,38005878493.2126,18.017981233051334,17.513266205496688,18.16974423210443,17.855458367123607
251.31012777113347,39100415621.78998,37974417561.195786,18.017633447211647,17.49876887773246,18.166144550492913,17.847178459116144
254.3410853556237,39042224697.777275,37942353921.81903,17.990818828437334,17.483993819920745,18.162306509479585,17.838747939624803
257.408598187451,38952523960.74449,37909675056.31297,17.949484357330057,17.46893526336078,18.15775108056861,17.830163728238247
260.5131071457995,38913985932.935455,37876367865.301445,17.93172587451601,17.453587171805776,18.152605243041787,17.821422677666433
263.6550584271334,38963469366.65793,37842418439.688965,17.95452804570378,17.43794313588693,18.147643946679466,17.81252156772831
266.8349036093247,38944512251.43288,37807812582.688705,17.945792528499936,17.42199661366608,18.14296458503958,17.803457101105433
270.05309971655794,38996652739.153496,37772535661.21483,17.969819081173853,17.405740862156673,18.138579548164167,17.794225901212652
273.31010928501604,38858969148.98862,37736573610.14804,17.906373912629288,17.38916940009349,18.133825240838657,17.784824514827637
276.6064004293574,38846468341.7377,37699911788.26468,17.90061348887779,17.372275480740026,18.12836786536673,17.775249413824707
279.9424469099964,38920532825.02927,37662534262.9702,17.93474270950584,17.35505176229074,18.12337867108949,17.765496986732153
283.3187282011958,38825114293.93238,37624425512.42154,17.89077345521441,17.337491092216062,18.11838557026859,17.75556353595557
286.7357295599775,38928843824.75865,37585568726.501785,17.93857245259994,17.319585724344506,18.11356264779838,17.74544527497258
290.1939420958668,38788557675.622406,37545947410.83464,17.873928014103253,17.301328057999164,18.108646455479754,17.735138325183463
293.69386284147885,38610231487.895676,37505545784.94733,17.791754568286773,17.282710821472826,18.10210630265568,17.724638723726137
297.2359948239523,38687034052.253586,37464345940.927795,17.82714550800956,17.263725762725457,18.09517526491438,17.71394241766354
300.8208471372484,38571637549.80928,37422329785.97166,17.773970321785377,17.244364544517865,18.088191476797306,17.70304525355901
304.44893501532135,38586798178.04437,37379479507.938385,17.780956402061644,17.22461895894193,18.080830267651724,17.691942980395364
308.1207799061689,38461563100.046555,37335776906.71661,17.723247559477368,17.204480619310967,18.073038008468505,17.680631251279085
311.836909546778,38633699674.58823,37291201819.66393,17.802568805904787,17.183940234595845,18.065696110112594,17.66910561282977
315.5978580389755,38587372062.039536,37245733802.30927,17.781220850183274,17.162988383899627,18.059207751835885,17.65736149550685
319.4041659261899,38360108691.319885,37199354453.67961,17.676496947777427,17.141616587977747,18.051373760180276,17.645394226054
323.2563802711419,38365342968.796074,37152043212.726555,17.678908924515454,17.119815372213946,18.042521000806058,17.63319902918249
327.15505473447257,38495850283.62146,37103777974.612495,17.739047235664074,17.097574550607515,18.034623042216264,17.620771009790605
331.100749654316,38312761959.27678,37054538056.00279,17.65467937757235,17.074884592192195,18.026614918890775,17.608105155231744
335.0940321268354,38584773186.283806,37004299899.154526,17.780023277472168,17.051734641462485,18.019296811075275,17.595196330027825
339.13547608772984,38527743865.76482,36953038804.55575,17.75374393039837,17.028113316780992,18.013314824415577,17.58203925691321
343.2256623947215,38150922085.25369,36900734148.25602,17.580102893386186,17.004011114545943,18.00509586225905,17.56862853637914
347.36517891104063,37900984251.35683,36847363390.75833,17.46493050444528,16.97941764846377,17.99365452016908,17.554958661164594
351.5546205899174,38392718860.51982,36792898894.38397,17.691523848795036,16.954320182977668,17.9838283923913,17.541023980419606
355.79458956008955,37940293892.280235,36737316305.21137,17.483044549777954,16.928707495699715,17.97441874736143,17.52681869347709
360.08569521234466,38188770992.52392,36680590103.41242,17.597543826602056,16.902567826987433,17.964141689698867,17.512336864817293
364.428554287106,38198434772.64731,36622692113.19438,17.601996936504058,16.875888193318847,17.95550939743411,17.49757240635173
368.82379096307136,37987966487.38652,36563596511.41406,17.50501227903206,16.848656695282624,17.94597829791629,17.48251907954597
373.2720369469261,38218994763.81385,36503274572.013626,17.611471065579817,16.820860095792355,17.936799682502475,17.467170495808347
377.7739315641329,38064406223.35547,36441697243.03565,17.54023602593061,16.792485007585743,17.928243164345766,17.451520102504464
382.3301218508199,38205850249.777336,36378834938.110374,17.605414019075695,16.763517797141073,17.919827300462924,17.43556118214072
386.94126264677766,38095712978.78671,36314656495.01943,17.554662308485707,16.733944104779066,17.91177348395055,17.41928684471685
391.60801668957356,38101774298.37943,36249130550.84116,17.55745538965611,16.703749478335542,17.903346165897258,17.40269002216042
396.33105470980524,37786220215.54532,36182225819.01944,17.412046761464758,16.672919500835867,17.893418574056838,17.38576347187599
401.11105552750286,37788706851.41064,36113909682.620636,17.41319261356954,16.641439142261945,17.882027669234876,17.368499773988635
405.94870614969005,37717160988.44637,36044147353.5602,17.38022398361881,16.609292372120347,17.870527243711507,17.35089131640299
410.84470186912574,37751840943.85901,35972903810.85608,17.396204650694948,16.576463052597504,17.859101521936513,17.33293028629781
415.7997463642362,37541037261.11206,35900144132.48568,17.299065440672326,16.542935091480786,17.8469770681682,17.314608674161327
420.81455180024926,37704732826.09631,35825830762.28817,17.37449703493847,16.508691182735745,17.834894971883916,17.295918264523134
425.88983893155137,37712880674.794846,35749924536.20917,17.378251597361885,16.473713279403935,17.824032063459438,17.276850617711542
431.02633720527984,37487205654.346924,35672387587.39576,17.274259613339172,16.437983932282705,17.81223146413426,17.257397073564466
436.22478486616023,37467120176.765976,35593180096.20337,17.265004142088785,16.401484792314935,17.799375651558407,17.237548752968234
441.48592906261183,37403604376.04976,35512260043.385284,17.23573579807729,16.36419649685772,17.786366646085305,17.217296540370466
446.81052595413337,37389214767.28878,35429584487.040146,17.229105006767757,16.326099258105074,17.773242197259183,17.196631072380235
452.1993408199794,37152690174.38525,35345110549.956924,17.12011349482557,16.28717331806059,17.75905177220814,17.175542738988806
457.65314816915196,37100897458.211006,35258793292.60806,17.09624719672047,16.247397968403853,17.743629768490667,17.154021678438525
463.17273185171797,37200074090.939285,35170585238.6968,17.141948199807278,16.2067513318607,17.72883673097989,17.132057758066974
468.7588851714661,36902941058.64116,35080438998.1081,17.005028067991013,16.165211570869868,17.713300627545603,17.10964056743406
474.41241099992544,37118488137.05394,34988310973.762314,17.104353054380535,16.1227585957165,17.69770402895049,17.08675944619971
480.1341218917604,36811786599.80902,34894150776.23815,16.963023715858217,16.07936918674659,17.681962274584585,17.063403473325877
485.9248402015522,40663936462.879265,34797887548.33661,18.738110325880005,16.035010692669385,17.68608286507679,17.039561324002417
491.7853982019932,36892323160.96628,34699474666.613106,17.000135296769948,15.989661629208543,17.69029600190014,17.015221301232888
497.7166382035078,36328100434.85672,34598871306.86231,16.740139127932213,15.943303184401177,17.670846510849223,16.99037150798837
503.71941267531,36816560968.86888,34496010229.34124,16.965223764893356,15.89590437389526,17.651478698491953,16.964999738355623
509.79458436792675,36354208319.25517,34390831697.140976,16.752169749185033,15.847437670675767,17.632681147160213,16.93909338272733
515.9430264371982,36070667401.35593,34283278336.443874,16.62151291997354,15.797876636649924,17.610263231625968,16.912639491052644
522.1656225697697,36134386398.17797,34173286531.232613,16.650874897592107,15.747191957293493,17.587187870804886,16.88562475944673
528.4632671101007,36448269739.09034,34060788296.6786,16.79551364098678,15.69535230491591,17.566728586214964,16.858035480713347
534.8368651890073,36212631462.23527,33945716895.686867,16.686930547150272,15.642326926787428,17.547163149795118,16.829857537046955
541.2873328537482,35813305908.67726,33828006241.901382,16.502919678321977,15.588085370041506,17.524589860399875,16.80107642010431
547.8155971996863,36056562109.958755,33707583447.335247,16.61501314328271,15.532594047591921,17.501720471886994,16.7716772064377
554.4225965035367,36169628156.41744,33584372136.553642,16.667114445737475,15.475817765322015,17.481333674264295,16.74164451127359
561.1092803582181,35783128206.00791,33458297097.2339,16.48901366795537,15.417721865082017,17.45992095403046,16.710962486906713
567.8766098093348,35695334133.60675,33329279975.363003,16.44855779580652,15.358270241018241,17.436436314004364,16.67961482272655
574.7255574933044,35429279394.15642,33197237965.748096,16.325958670040755,15.297424736154893,17.411570702075807,16.647584714694837
581.6571077771479,35451213215.56517,33062086144.87621,16.33606586578164,15.235146217385497,17.385971056396777,16.614854841251532
588.6722568999686,34840396332.75029,32923740120.254086,16.054598916571162,15.17139579629966,17.357742709424265,16.58140736699805
595.7720131161401,35317013322.73829,32782106631.796776,16.274225999397654,15.106130498264015,17.32948617477332,16.54722390905715
602.9573968402125,35667944320.47438,32637087335.68678,16.435936456484193,15.039305006040182,17.306412259990697,16.51228547401229
610.229440793577,34466012928.535995,32488589950.85354,15.88208149345474,14.970876796128678,17.279188895304305,16.476572478081163
617.5891901528903,35115785581.016815,32336512449.162785,16.18149942265694,14.9007988535427,17.24965705420724,16.440064740473925
625.0377027002941,34662085922.20511,32180747689.841187,15.972432740945283,14.829021807370186,17.22185906107408,16.402741416575225
632.5760489754474,34681925045.95291,32021187337.064,15.98157469132912,14.755495736014439,17.192366858971976,16.364580979368224
640.2053124293863,34507790007.01836,31857717289.436905,15.901332544233112,14.680168061080419,17.16272478763373,16.325561197456885
647.9265895802449,33922859983.056934,31690221136.579285,15.631794366788972,14.602985140182644,17.12962808784314,16.285659107790963
655.7409901708554,34188213599.086357,31518574404.85299,15.75407041197878,14.523889615353164,17.095598877628536,16.244850976193618
663.6496373282415,33310733474.374016,31342651935.748558,15.349723936554877,14.442823813032495,17.058997110132726,16.20311226811935
671.6536677250424,33372779327.6196,31162323224.59713,15.378314922684329,14.359727596128758,17.018842085248455,16.160417634542437
679.7542317428836,33751405963.102757,30977446026.115856,15.552787644342173,14.274535417426527,16.982054234639527,16.116740837773683
687.9524936377117,33655510532.45072,30787873737.71935,15.508598632760721,14.187179721847325,16.947665754843815,16.072054684883355
696.249631707129,33301501963.761127,30593459806.66625,15.345470018233499,14.097592977281007,16.91162769141183,16.0263310269639
704.6468384597479,32289548539.682053,30394051786.156128,14.87915768955977,14.005704935610595,16.868965614984155,15.979540749682785
713.145320786579,34144296547.67764,30189479340.994682,15.733833252813556,13.91143710567314,16.83200858799667,15.931653665942978
721.746300134495,32567016421.743805,29979571560.041504,15.00701603870675,13.814710730907336,16.79732943979779,15.882638441074922
730.451012681785,33531762848.5754,29764150470.09296,15.451575187547919,13.715443800523898,16.76021147836918,15.832462578119237
739.2607095158205,32289450874.85265,29543027483.866364,14.879112685201918,13.61354941272196,16.722385563284988,15.78109234875962
748.176656812871,32678529444.203396,29316011562.12969,15.05840170127111,13.50893953583224,16.68085169909368,15.72849275144019
757.2001360200866,32083093074.634956,29082910393.722225,14.784022156260754,13.401525552075459,16.63914320075919,15.67462752124216
766.3324440396711,35565210793.99492,28843494263.888813,16.38859642202648,13.291201607941103,16.614313615796956,15.619458947517268
775.5748934152812,47890866574.82231,28597496282.80597,22.0683096507445,13.177844719493228,16.67665055284768,15.562947501049285
784.9288125206746,32038028532.20841,28344705679.43996,14.763256228482344,13.061357762566612,16.71733500731875,15.505051983598634
794.3955457506266,31064466211.03911,28084894918.91234,14.314634679020616,12.941635888146964,16.665693204841684,15.445729779884203
803.9764537141556,31110324793.278885,27817780904.5744,14.335766503633362,12.818548644126158,16.610244246166282,15.38493649508681
813.6729134300795,29735583536.971886,27543084750.19802,13.702280039435905,12.691967518575307,16.54880860184639,15.322625718656974
823.4863185249237,30849034643.016975,27260507766.33151,14.215362920297476,12.561754874158092,16.487483603313382,15.258748986170037
833.4180794332223,29094307363.342785,26969737537.815704,13.406777322875506,12.42776674867535,16.424017162881974,15.193255645162681
843.4696236002361,30416094344.39784,26670438528.195385,14.015862237734428,12.289848525538941,16.35979175538733,15.126092705529608
853.6423956871075,28788956393.382877,26362257790.39435,13.2660703313513,12.14783756527447,16.29532467374274,15.057204673844344
863.9378577784973,28795083285.610306,26044825404.860256,13.268893628663333,12.001563407420251,16.22358986138657,14.986533424996805
874.3574895927261,28988554577.0745,25717737109.21771,13.358046001003279,11.850839766199508,16.154650239154517,14.914017983862639
884.9027886944416,28900592731.807846,25380563472.201553,13.317512818423202,11.69546875790683,16.087910649291697,14.839594268272503
895.5752707098593,28881316925.7245,25032847086.67593,13.308630447152046,11.535239607439728,16.022169115714377,14.763194872433665
906.3764695445994,27844806029.396477,24674099654.267036,12.8310019335648,11.369927304885337,15.952188675997602,14.684748824242993
917.307937604142,27990525064.34897,24303798063.42477,12.89814986834512,11.19929079827498,15.879042370887591,14.604181310994354
928.3712460169497,26724420895.81181,23921377013.330616,12.314723824096722,11.023069594650373,15.801467061598236,14.521413349799598
939.5679848602816,29403504518.12838,23526212884.964443,13.549256652295805,10.84097632778441,15.733571679258837,14.436361337226014
950.8997633887208,25960878332.470314,23117649624.17002,11.96288024880836,10.652708685204953,15.662916655791395,14.348936664222698
962.368210265473,25854201296.946056,22694978179.648453,11.913723029051338,10.457939933137032,15.574670369033235,14.259045367695913
973.9749737964391,26294253664.60495,22257404590.18514,12.116500982481508,10.256304210964887,15.490352458803166,14.166587503527179
985.7217221671224,25713000730.667778,21804071249.178978,11.848657223348676,10.047406330015075,15.407228010994793,14.071456478060687
997.6101436823909,24514444057.15018,21334044489.14498,11.296357344543429,9.830816052443868,15.31633739660651,13.973538442630579
1009.6419470091245,22901135343.641457,20846290622.90249,10.552938008074953,9.606057050917551,15.212237619192607,13.872711503501215
1021.8188614217956,24461473359.388897,20339653030.35606,11.27194822764458,9.372596350106171,15.110418845659146,13.768844694702056
1034.1426370510137,22262182220.019398,19812858874.153778,10.258505762578373,9.129847421286694,15.007401512669883,13.66179688775078
1046.6150451350566,20492001154.607815,19264491235.744083,9.442798996689003,8.8771573425226,14.885170975558724,13.551415610634812
1059.2378782744452,21101038574.423225,18692939422.028816,9.72344596197994,8.613783899763801,14.759575884454021,13.437535470701858
1072.0129506895892,19341363852.689487,18096397760.703697,8.912580562767817,8.33889503173456,14.630597949778618,13.319976338667733
1084.9420984815295,19554026663.926228,17472803844.80401,9.010576466897843,8.051540372764377,14.496295690939096,13.198541229990758
1098.027179895836,20614483416.56196,16819760439.635801,9.499239330239966,7.750615267178478,14.372152530915251,13.07301347252313
1111.270075589688,20297984369.213043,16134507692.425392,9.353395258486762,7.434847963389222,14.254966485967433,12.943153364932401
1124.6726889021647,19305194373.124107,15413807301.554394,8.895913516793444,7.1027462385999,14.133387725748841,12.808694127434778
1138.2369461278074,17305789381.270428,14653801110.597286,7.974579416301966,6.752532238351638,13.998323139950203,12.669336543463823
1151.9647967934795,16058803744.488281,13849859906.22927,7.399963270662899,6.3820728019731545,13.848762225647588,12.524742130725809
1165.8582139385567,13846867335.545135,12996323629.429075,6.380693813008608,5.988759750827135,13.683832102539261,12.37452422704189
1179.919194398505,14862952892.3616,12086091559.786404,6.8489102455603525,5.569321043541913,13.516387373833412,12.218235627345507
1194.1497590918812,12929616505.863918,11110105494.086473,5.958020832030449,5.119582622562884,13.347806265698138,12.055351451904196
1208.5519533107824,10447545363.367298,10056489748.9066,4.8142721704309634,4.634072123787459,13.159099082301625,11.885244893640554
1223.1278470148095,16383777059.68943,8909047465.095892,7.5497123201373615,4.105325967441965,12.993993166684692,11.70715061643798
1237.879535128577,8991108664.371525,7644820358.247019,4.143140107912712,3.5227648809931074,12.824412624458398,11.520107461395899
1252.8091378427982,15755002642.970592,6229241812.613089,7.259970464935423,2.8704604247520997,12.65588069969434,11.322862653790256
1267.918800919016,10633832661.74643,4570488405.998513,4.90011412900585,2.1060999854978517,12.499919753516943,11.113501308537487
1283.210695998004,7310273192.157194,2544142653.3129797,3.3686041613804303,1.172351470843809,12.301615902720807,10.888972460418863
1298.6870209118815,0.0,0.0,0.0,0.0,12.049833542768845,10.644797521142177
1314.35,0.0,0.0,0.0,0.0,11.764351418630135,10.392603215173045
