R_kpc,Sigma_bar,Sigma_eff,kappa_bar,kappa_eff,kappa_bar_mean,kappa_eff_mean
7.999999999999999,18786262345.310417,20234944437.98184,6.592428264920521,7.100796166904777,0.0,0.0
8.057510445906795,18786979662.063023,20236074179.841736,6.5926799839239,7.1011926130968055,0.09377280937536052,0.10100489154660142
8.115434323237139,18787708256.029133,20237207091.100773,6.5929356602988785,7.101590171486466,0.18621539856542682,0.20057873172662194
8.173774604069223,18788448320.50761,20238342913.358856,6.5931953618774095,7.10198875139664,0.2773467454592845,0.2987418910554114
8.232534281846931,18789200052.658295,20239481386.636917,6.593459157846332,7.102388261596125,0.36718555897813804,0.39551444900339017
8.291716371533429,18789963653.59846,20240622249.327667,6.593727118781219,7.102788610282343,0.4557502829206311,0.49091619812787635
8.351323909765874,18790739328.502445,20241765238.145462,6.593999316681335,7.103189705063754,0.5430590997539799,0.5849666481459141
8.411359955011212,18791527286.70446,20242910088.074993,6.5942758250057185,7.103591452941847,0.6291299343516568,0.6776850299488841
8.47182758772312,18792327741.80479,20244056532.318977,6.594556718710449,7.103993760292787,0.7139804576784577,0.7690902995597826
8.53272991050005,18793140911.77953,20245204302.24473,6.594842074287152,7.1043965328486625,0.7976280904236716,0.8592011420339228
8.594070048244438,18793967019.093903,20246353127.329506,6.595131969802771,7.104799675678306,0.8800900065831391,0.9480359753038989
8.655851148323034,18794806290.81948,20247502735.10476,6.595426484940692,7.105203093167738,0.9613831369909365,1.0356129539695804
8.718076380728396,18795658958.755302,20248652851.099068,6.595725701043255,7.105606689000131,1.0415241728014115,1.12194997303391
8.780748938241544,18796525259.55313,20249803198.77987,6.596029701155707,7.1060103661353695,1.1205295689223116,1.2070646715852813
8.84387203659578,18797405434.847095,20250953499.49379,6.596338570071693,7.106414026789108,1.1984155473997156,1.2909744364272437
8.907448914641687,18798299731.387753,20252103472.405685,6.5966523943803015,7.106817572411378,1.2751981007554691,1.3736964056562708
8.971482834513317,18799208401.18089,20253252834.43623,6.596971262514773,7.1072209036646905,1.3508929952778392,1.4552474721883377
9.035977081795568,18800131701.631226,20254401300.198036,6.5972952648029315,7.107623920401616,1.4255157742660605,1.5356442872350202
9.100934965692772,18801069895.69125,20255548581.9303,6.597624493519405,7.108026521641851,1.4990817612294633,1.6149032637298206
9.166359819198489,18802023252.015423,20256694389.431843,6.597959042939747,7.108428605548723,1.5716060630418567,1.693040579705439
9.232254999266518,18802992045.1199,20257838429.992516,6.598299009396481,7.108830069405118,1.6431035730518178,1.7700721816226535
9.29862388698315,18803976555.54822,20258980408.323006,6.598644491337246,7.109230809588848,1.7135889741495611,1.846013787651512
9.365469887740646,18804977070.043045,20260120026.48276,6.5989955893850585,7.109630721547357,1.7830767417910258,1.9208808909055008
9.432796431411974,18805993881.724304,20261256983.806263,6.599352406400834,7.110029699771854,1.8515811469798165,1.9946887626293361
9.50060697252679,18807027290.274086,20262390976.82729,6.599715047548263,7.110427637770729,1.9191162592076383,2.067452455341048
9.568904990448692,18808077602.128498,20263521699.20133,6.600083620361137,7.110824428042331,1.985695949353852,2.1391868059289862
9.63769398955375,18809145130.67696,20264648841.625896,6.60045823481329,7.111219962047007,2.05133389254475,2.209906438704376
9.706977499410309,18810230196.46913,20265772091.758865,6.600839003391208,7.111614130178435,2.116043570973186,2.2796257684100594
9.776759074960097,18811333127.429955,20266891134.134506,6.601226041169491,7.112006821734169,2.1798382766791473,2.348359003186022
9.84704229670063,18812454259.08321,20268005650.07731,6.601619465889309,7.112397924885396,2.2427311142918773,2.4161201474923186
9.917830770868921,18813593934.78392,20269115317.613518,6.602019398039947,7.112787326645891,2.304735003734115,2.4829230049899746
9.98912812962652,18814752505.960148,20270219811.380165,6.602425960943663,7.113174912840091,2.3658626828890728,2.548781181380477
10.060938031245884,18815930332.3646,20271318802.53157,6.6028392808439795,7.113560568070294,2.4261267102307,2.6137080872044076
10.133264160298081,18817127782.3365,20272411958.64323,6.603259486997575,7.113944175682921,2.4855394674178166,2.6777169405997983
10.206110227841842,18818345233.074368,20273498943.612976,6.603686711770016,7.11432561773384,2.544113161852684,2.740820770020757
10.279479971613977,18819583070.920204,20274579417.559235,6.604121090735468,7.114704774952657,2.6018598292045643,2.8030324169169334
10.353377156221164,18820841691.655617,20275653036.716373,6.604562762780628,7.115081526705996,2.6587913358988495,2.8643645383743523
10.427805573333101,18822121500.810658,20276719453.326904,6.605011870213086,7.115455750959668,2.7149193815722783,2.9248296097181496
10.50276904187707,18823422913.98593,20277778315.530502,6.60546855887437,7.115827324239724,2.7702555014948156,2.984439927077752
10.578271408233874,18824746357.188736,20278829267.249653,6.605932978257897,7.116196121592335,2.82481106895872,3.0432076099149925
10.654316546435203,18826092267.184017,20279871948.071785,6.6064052816321315,7.116562016542419,2.878597297635347,3.1011446035156958
10.730908358362406,18827461091.860886,20280905993.127792,6.6068856261692,7.116924881051022,2.9316252439002186,3.158262681445227
10.808050773946702,18828853290.615677,20281931032.9667,6.607374173079318,7.117284585471332,2.9839058091268917,3.214573447968487
10.885747751370822,18830269334.752296,20282946693.42638,6.607871087751276,7.117640998503306,3.035449741950155,3.2700883404348615
10.9640032772721,18831709707.901043,20283952595.50011,6.6083765398994085,7.117993987146853,3.0862676404990754,3.324818631628582
11.042821366947035,18833174906.456802,20284948355.19881,6.608890703717371,7.118343416653485,3.1363699546004247,3.378775432084981
11.12220606455731,18834665440.037815,20285933583.40871,6.609413758039123,7.118689150476369,3.1857669879530035,3.4319696923731096
11.202161443337305,18836181831.96618,20286907885.744297,6.609945886507548,7.119031050218725,3.2344689002733764,3.484412205345147
11.282691605803084,18837724619.771397,20287870862.396313,6.610487277751157,7.119368975580488,3.282485709413547,3.5361136083530846
11.363800683962907,18839294355.7183,20288822107.97454,6.611038125569346,7.119702784303135,3.3298272934510824,3.587084385433102
11.445492839529237,18840891607.360897,20289761211.345184,6.611598629126748,7.120032332112619,3.3765033927522157,3.637334869458071
11.527772264132281,18842516958.123627,20290687755.4625,6.612168993157212,7.120357472660293,3.422523612008423,3.6868752442586232
11.61064317953506,18844171007.911777,20291601317.19454,6.612749428178004,7.120678057461747,3.4678974222470154,3.7357155467131813
11.694109837850029,18845854373.752827,20292501467.142548,6.613340150714864,7.120993935833445,3.512634162816256,3.7838656688073904
11.778176521757253,18847567690.470753,20293387769.453865,6.613941383538637,7.121304954827059,3.55674304334552,3.831335359663326
11.862847544724152,18849311611.395214,20294259781.627907,6.614553355914135,7.121610959161387,3.600233145681032,3.8781342275388933
11.948127251226829,18851086809.10809,20295117054.314903,6.615176303862113,7.121911791151733,3.643113425797697,3.924271741797796
12.034020016972978,18852893976.229656,20295959131.10702,6.6158104704351475,7.122207290636599,3.685392715687572,3.969757234850474
12.120530249126404,18854733826.246952,20296785548.321526,6.616456106008329,7.122497294901597,3.7270797252254884,4.014599904066342
12.20766238653316,18856607094.387344,20297595834.775475,6.617113468585806,7.122781638600387,3.76818304401241,4.058808813657758
12.2954208999493,18858514538.540134,20298389511.5516,6.617782824124204,7.123060153672516,3.808711143197031,4.102392896536027
12.383810292270278,18860456940.229603,20299166091.754833,6.618464446874068,7.123332669257983,3.848672377276198,4.145360956139815
12.47283509876198,18862435105.642925,20299925080.259003,6.61915861974059,7.1235990116083485,3.8880749858747286,4.187721668236323
12.562499887293445,18864449866.71697,20300665973.44314,6.6198656346649765,7.1238590039942,3.9269270955051745,4.229483582695546
12.652809258571233,18866502082.28787,20301388258.916893,6.62058579302786,7.124112466608795,3.965236721308142,4.270655125237946
12.74376784637549,18868592639.30808,20302091415.234344,6.621319406076382,7.124359216467635,4.003011768773781,4.311244599155881
12.835380317797707,18870722454.135693,20302774911.595608,6.622066795376634,7.124599067303748,4.040260035445013,4.35126018700907
12.927651373480186,18872892473.901325,20303438207.535534,6.622828293293327,7.124831829458454,4.076989212603187,4.3907099522944435
13.020585747857242,18875103677.958267,20304080752.598793,6.62360424349867,7.125057309767345,4.1132068869367755,4.429601841090623
13.114188209398106,18877357079.42226,20304701986.000385,6.624395001512712,7.125275311441147,4.148920542193814,4.467943683677382
13.208463560851621,18879653726.80758,20305301336.270954,6.625200935277462,7.125485633941262,4.184137560818741,4.505743196130327
13.30341663949265,18881994705.76694,20305878220.88573,6.626022425767459,7.125688072849553,4.218865225574406,4.54300798189107
13.399052317370288,18884381140.94324,20306432045.87633,6.626859867639582,7.125882419732118,4.253110721149941,4.579745533313196
13.495375501557842,18886814197.94206,20306962205.42414,6.627713669925228,7.126068461996601,4.286881135755343,4.615963233184243
13.59239113440462,18889295085.434486,20307468081.434322,6.628584256768239,7.126245982742706,4.320183462703517,4.651668356223956
13.690104193789518,18891825057.400894,20307949043.08902,6.629472068212273,7.126414760605407,4.353024601980682,4.686868070559051
13.788519693376431,18894405415.52733,20308404446.378593,6.630377561041748,7.126574569590448,4.385411361806012,4.721569439174725
13.887642682871519,18897037511.767002,20308833633.609306,6.63130120968071,7.126725178901586,4.417350460181477,4.755779421343111
13.987478248282292,18899722751.08121,20309235932.885994,6.632243507154666,7.126866352759049,4.4488485264328625,4.789504874028897
14.08803151217858,18902462594.374607,20309610657.567932,6.63320496612063,7.126997850208587,4.479912102743049,4.8227525532723
14.189307633955377,18905258561.642193,20309957105.696198,6.63418611997145,7.12711942492053,4.51054764567866,4.8555291155496
14.29131181009756,18908112235.34627,20310274559.390385,6.635187524020846,7.127230824978077,4.5407615277112665,4.887841119111345
14.394049274446527,18911025264.044308,20310562284.21268,6.636209756776489,7.127331792654146,4.570560038734462,4.919695025298477
14.497525298468751,18913999366.29017,20310819528.496822,6.637253421309007,7.127422064175889,4.5999493875781345,4.951097199836441
14.601745191526248,18917036334.83419,20311045522.639477,6.6383191467258715,7.127501369476025,4.628935703521419,4.982053914107457
14.706714301149008,18920138041.149837,20311239478.351204,6.639407589759877,7.127569431929994,4.657525037805929,5.0125713464010575
14.812438013309373,18923306440.318134,20311400587.864044,6.640519436483173,7.127625968077881,4.685723365150931,5.042655583142978
14.918921752698395,18926543576.304287,20311528023.09233,6.641655404158928,7.127670687329932,4.713536585272355,5.072312620102512
15.026170983004178,18929851587.664986,20311620934.74324,6.642816243244111,7.127703291654429,4.7409705244075955,5.101548363578365
15.134191207192217,18933232713.729244,20311678451.37292,6.644002739558469,7.127723475246473,4.768030936848308,5.130368631563068
15.242987967787757,18936689301.30075,20311699678.384075,6.645215716636492,7.127730924176214,4.794723506483555,5.158779154885984
15.35256684716018,18940223811.935352,20311683696.96006,6.646456038281208,7.1277253160148115,4.8210538483559,5.18678557833486
15.462933467809437,18943838829.85375,20311629562.930332,6.647724611340893,7.127706319436295,4.847027510233288,5.214393461755979
15.57409349265454,18947537070.55717,20311536305.56138,6.649022388732456,7.127673593793285,4.872649974199817,5.2416082811327716
15.686052625324123,18951321390.2219,20311402926.26686,6.650350372738146,7.127626788664358,4.897926658268836,5.2684354296428735
15.798816610449103,18955194795.958508,20311228397.22981,6.651709618605692,7.127565543370549,4.922862918022171,5.294880218693486
15.912391233957429,18959160457.032696,20311011659.929085,6.6531012384859025,7.127489486458264,4.947464048279635,5.320947878934876
16.026782323370963,18963221717.15741,20310751623.561436,6.6545264057461715,7.1273982351455505,4.971735284803492,5.346643561251874
16.14199574810449,18967382107.98085,20310447163.34957,6.6559863597036655,7.12729139472837,4.995681806043024,5.371972337733065
16.258037419766872,18971645363.911713,20310097118.72538,6.657482410827758,7.127168557943059,5.01930873492496,5.396939202617483
16.37491329246439,18976015438.44323,20309700291.376534,6.659015946468422,7.127029304280848,5.04262114069619,5.421549073218386
16.492629363106232,18980496522.16007,20309255443.1429,6.660588437175161,7.126873199249677,5.065624040825962,5.445806790823796
16.6111916717122,18985093062.639324,20308761293.7479,6.6622014436806225,7.1266997935780845,5.08832240297565,5.4697171215733
16.730606301722624,18989809786.48777,20308216518.347977,6.663856624633851,7.1265086223552805,5.110721147045196,5.493284757310605
16.850879380310513,18994651723.794228,20307619744.881233,6.665555745181055,7.126299204100728,5.1328251473064705,5.516514316411231
16.972017078695913,18999624235.318962,20306969551.193844,6.667300686506836,7.12607103975576,5.1546392346352174,5.539410344584637
17.094025612462605,19004733042.792633,20306264461.92032,6.669093456466629,7.125823611588802,5.17616819885475,5.561977315649989
17.216911241876968,19009984262.757153,20305502945.089966,6.670936201462046,7.125556382004527,5.197416791206409,5.584219632284615
17.340680272209223,19015384444.452003,20304683408.42877,6.67283121973585,7.1252687922461115,5.2183897269639345,5.606141626744129
17.46533905405696,19020940612.33413,20303804195.321125,6.674780976292929,7.124960260978146,5.2390916882113725,5.6277475615530035
17.590893983670984,19026660313.920525,20302863580.39103,6.676788119689097,7.124630182735993,5.259527326807017,5.649041630164188
17.717351503283492,19032551673.76413,20301859764.656307,6.678855500972181,7.12427792622532,5.279701267559385,5.6700279575862504
17.84471810143865,19038623454.519463,20300790870.202656,6.6809861951110205,7.123902832453129,5.299618111645167,5.690710600976171
17.9730003133255,19044885126.23127,20299654934.31591,6.683183525310067,7.123504212668668,5.319282440303982,5.7110935501958
18.10220472111329,19051346945.193794,20298449903.001453,6.685451090682483,7.1230813460892755,5.338698818850398,5.731180728329549
18.232337954289203,19058020043.990204,20297173623.807976,6.687792797846551,7.122633477382113,5.357871801050502,5.750975992160645
18.36340668999852,19064916534.642677,20295823837.859344,6.6902128971228425,7.122159813868009,5.376805933918492,5.77048313260279
18.495417653387225,19072049627.199024,20294398170.98164,6.692716024148347,7.121659522407782,5.395505762998579,5.789705875083674
18.628377617947063,19079433766.571594,20292894123.79274,6.695307247895629,7.121131725924499,5.413975838209388,5.808647879876095
18.7622934058631,19087084791.05468,20291309060.597977,6.697992126299368,7.120575499506771,5.432220720342556,5.827312742371966
18.89717188836376,19095020116.71089,20289640196.90614,6.700776770960759,7.119989866027895,5.450244988324921,5.845703993293496
19.033019986073406,19103258952.781048,20287884585.344456,6.7036679227386164,7.119373791203178,5.468053247375483,5.863825098835079
19.16984466936741,19111822554.495197,20286039099.707718,6.706673040465186,7.118726177992498,5.485650138215211,5.881679460728162
19.307652958729822,19120734521.224995,20284100416.82209,6.709800405573032,7.1180458602359895,5.503040347521328,5.899270416220106
19.4464519251136,19130021149.92912,20282064995.836998,6.7130592461252165,7.117331595387214,5.520228619859606,5.91660123795639
19.58624869030339,19139711856.45221,20279929054.47379,6.716459884656479,7.116582056178392,5.537219771381072,5.933675133753484
19.72705042728098,19149839680.64989,20277688541.652943,6.720013915430441,7.115795821014815,5.554018705636783,5.950495246247356
19.868864360593324,19160441895.814053,20275339105.78547,6.723734418297602,7.114971362847743,5.570630431950181,5.967064652399455
20.01169776672324,19171560748.868526,20272876057.839577,6.727636218442968,7.114107036213849,5.587060086897576,5.983386362838389
20.155557974462777,19183244365.871105,20270294328.067123,6.731736204142547,7.113201062049779,5.603312959591825,5.999463321010721
20.300452365289228,19195547868.327618,20267588414.978466,6.7360537184975025,7.112251509786524,5.6193945216541215,6.015298402108443
20.446388373743908,19208534760.915794,20264752324.763107,6.740611046410745,7.111256276091075,5.635310463011357,6.030894411733065
20.593373487813597,19222278672.243034,20261779498.830288,6.745434025449302,7.110213059439142,5.651066734995272,6.046254084246599
20.741415249314763,19236865559.9575,20258662726.43682,6.750552819656392,7.109119329454734,5.666669602680565,6.0613800807469325
20.89052125428052,19252396534.092854,20255394038.399292,6.756002910312516,7.107972289611911,5.682125709033758,6.0762749865885475
21.040699153350403,19268991514.518322,20251964576.53956,6.7618263793986895,7.106768831420919,5.69744215433139,6.090941308347156
21.19195665216289,19286794030.263657,20248364431.60714,6.76807359376358,7.10550547755233,5.712626595564636,6.105381470096926
21.34430151175081,19305977607.387737,20244582439.683414,6.7748054467384025,7.1041783103917,5.727687372364432,6.119597808827642
21.497741548939544,19326754406.54609,20240605923.057823,6.782096389210538,7.102782881108503,5.742633668655046,6.133592568771754
21.65228463674811,19349387110.6057,20236420355.555664,6.790038601195638,7.10131409221379,5.757475723262701,6.147367894329467
21.80793870479314,19374205613.54364,20232008923.076046,6.7987478482642505,7.099766043345267,5.772225108890787,6.160925821161504
21.964711739695726,19401630983.831654,20227351935.56441,6.808371890712894,7.098131824918164,5.786895108649201,6.174268264842903
22.12261178549124,19432210771.995087,20222426023.012897,6.8191028736044546,7.0964032359876885,5.801501235253814,6.18739700620213
22.281646944042055,19466672606.646893,20217203008.26365,6.831196134554593,7.094570388695974,5.8160619648839536,6.200313672046101
22.44182537545326,19506008438.92074,20211648279.448414,6.844999766577809,7.092621137132655,5.830599804888528,6.213019709279752
22.60315529849135,19551612554.6565,20205718355.8555,6.861003048978909,7.090540223154973,5.845142901478949,6.225516349249626
22.76564499100595,19605519247.70026,20199357088.438644,6.8799198510738595,7.088307943079844,5.859727563055886,6.2378045570249565
22.929302790354516,19670838111.396454,20192489404.550587,6.902841383593114,7.0858979526013774,5.874402428951353,6.2498849562842524
23.094137093830167,19752615919.584717,20185010279.689674,6.931538647808534,7.083273396783745,5.8892358200844965,6.261757712092554
23.26015635909252,19859727164.30439,20176763423.546463,6.969125858303178,7.08037943062188,5.904329863559855,6.273422334536606
23.427369104601667,20009651031.42135,20167494310.04167,7.021736767328131,7.077126736459702,5.919851082494342,6.284877314505353
23.595783910055257,20243381256.71406,20156722735.057056,7.10375679426396,7.073346802267309,5.936109774393867,6.296119328645324
23.7654094168287,20692372887.32494,20145457774.19641,7.261315815954658,7.069393730335496,5.953843017893995,6.307146434108919
23.93625432841862,22338350842.01911,20137371929.14522,7.838918289108166,7.06655626578393,5.976563208219211,6.317968423460638
24.108327410889345,18468679860.97971,20133514417.531845,6.480983012657871,7.065202597442413,5.993361178184131,6.328606710680332
24.28163749332275,18473152379.340607,20131117691.400047,6.4825524976312945,7.064361544293888,6.000308336508333,6.339078082543317
24.45619346827127,18477714890.22669,20128708132.175453,6.484153562556906,7.063515987788489,6.007179227953167,6.349388513792989
24.63200429221416,18482369874.638115,20126285563.720352,6.485787078061086,7.06266586611641,6.013975392751178,6.3595402291591485
24.809078986017074,18487119916.132885,20123849806.27337,6.487453950759555,7.061811116196238,6.020698361867274,6.36953542083867
24.987426635394918,18491967706.96264,20121400676.32076,6.489155125410534,7.060951673629788,6.027349657657837,6.379376248939842
25.16705639137803,18496916054.694717,20118937986.46028,6.4908915872385435,7.060087472654335,6.033930794552289,6.389064841919732
25.34797747078173,18501967889.368565,20116461545.257137,6.492664364445709,7.059218446092055,6.040443279759371,6.398603297014614
25.530199156679235,18507126271.2396,20113971157.091316,6.4944745309292164,7.058344525296465,6.046888614000559,6.407993680663557
25.71373079887797,18512394399.17058,20111466621.99565,6.496323209225998,7.057465640095585,6.053268292273325,6.41723802892518
25.898581814399314,18517775619.73729,20108947735.483814,6.498211573708068,7.056581718731583,6.05958380464722,6.426338347887661
26.08476168796178,18523273437.12392,20106414288.3674,6.500140854054994,7.055692687796587,6.065836637096054,6.435296614072022
26.272279972467675,18528891523.8928,20103866066.561153,6.502112339033174,7.054798472164333,6.072028272369824,6.444114774828726
26.46114628949327,18534633732.723972,20101302850.875263,6.5041273806154685,7.053898994917282,6.078160190910438,6.452794748727654
26.65137032978248,18540504109.232624,20098724416.793674,6.506187398479055,7.052994177268818,6.084233871815688,6.461338425941438
26.842961853744097,18546506905.986534,20096130534.237022,6.508293884924398,7.0520839384800675,6.090250793856512,6.4697476686222
27.035930691952583,18552646597.862236,20093520967.30878,6.510448410263995,7.051168195770809,6.096212436553113,6.478024311271726
27.23028674565251,18558927898.897778,20090895474.023125,6.512652628736304,7.050246864223981,6.102120281316138,6.486170161105032
27.426039987266552,18565355780.82184,20088253806.012558,6.514908285007937,7.049319856683082,6.1079758126599755,6.494186998407381
27.623200460907213,18571935493.46495,20085595708.213554,6.517217221336314,7.048387083641858,6.113780519495993,6.502076576884678
27.821778282892158,18578672587.28836,20082920918.527664,6.519581385475433,7.047448453125375,6.119535896514548,6.509840624007276
28.021783642263298,18585572938.301205,20080229167.45588,6.522002839419746,7.046503870561712,6.125243445665782,6.517480841347113
28.223226801309583,18592642775.67791,20077520177.703224,6.5244837690955855,7.045553238643211,6.130904677750506,6.524998904908162
28.426118096093575,18599888712.435883,20074793663.75045,6.527026495126504,7.04459645717617,6.136521114133941,6.532396465450131
28.630467936981766,18607317779.591022,20072049331.389137,6.529633484819042,7.043633422917704,6.142094288596949,6.539675148805324
28.83628680917877,18614937464.275986,20069286877.216206,6.532307365539093,7.042664029398363,6.147625749341331,6.5468365561885635
29.04358527326528,18622755752.38672,20066505988.083008,6.535050939677316,7.041688166728806,6.153117061168201,6.553882264500079
29.25237396573997,18630781176.418724,20063706340.4937,6.537867201435727,7.040705721388678,6.158569807851266,6.560813826621212
29.46266359956522,18639022869.26941,20060887599.946747,6.540759355707873,7.039716575995537,6.163985594730035,6.56763277170276
29.674464964716833,18647490624.92103,20058049420.212532,6.5437308393735485,7.038720609051349,6.16936605155196,6.574340605445777
29.887788928737635,18656194967.085503,20055191442.538864,6.546785345387457,7.037717694663693,6.17471283559695,6.580938810374599
30.102646437295117,18665147227.09465,20052313294.775017,6.5499268501122625,7.036707702238364,6.180027635123281,6.5874288461018
30.31904851474305,18674359632.565536,20049414590.403343,6.553159644432807,7.035690496139555,6.185312173180236,6.593812149584804
30.537006264687125,18683845408.672264,20046494927.465847,6.556488369294158,7.03466593531317,6.19056821184066,6.600090135373707
30.75653087055472,18693618894.225784,20043553887.370613,6.559918056436044,7.033633872867981,6.195797556915915,6.606264195849966
30.97763359616868,18703695675.22191,20040591033.5608,6.563454175257192,7.032594155608548,6.201002063226902,6.6123357014553505
31.2003257863253,18714092739.087067,20037605910.02553,6.5671026869428575,7.031546623512677,6.206183640518582,6.618306000910614
31.424618867376406,18724828653.563446,20034598039.62816,6.570870107238759,7.030491109144763,6.211344260121963,6.624176421423163
31.650524347815644,18735923775.071022,20031566922.222908,6.574763579568955,7.0294274369949035,6.216485962488078,6.629948268882911
31.878053818868988,18747400492.517704,20028512032.525085,6.5787909605930945,7.0283554227315035,6.221610865743603,6.635622828045296
32.10721895508948,18759283513.97453,20025432817.692947,6.5829609208057605,7.02727487235272,6.226721175449122,6.641201362700371
32.33803151495627,18771600205.48797,20022328694.57063,6.5872830634316335,7.026185581218954,6.2318191957801155,6.646685115826569
32.57050334147791,18784380993.701996,20019199046.530407,6.59176806571263,7.025087332944742,6.236907342399859,6.652075309727489
32.80464636280005,18797659847.092728,20016043219.838936,6.5964278477815546,7.023979898123614,6.241988157355867,6.657373146149818
33.04047259281747,18811474854.736504,20012860519.454247,6.601275775761953,7.022863032853177,6.2470643264107215,6.662579806379989
33.27799413179049,18825868926.998913,20009650204.1378,6.60632690765215,7.021736477019854,6.252138699320718,6.667696451316764
33.51722316696586,18840890649.862427,20006411480.73696,6.611598293123777,7.020599952292502,6.257214313708329,6.672724221516341
33.75817197320208,18856595334.54243,20003143497.45481,6.617109341850399,7.019453159760676,6.262294423348581,6.677664237205712
34.000852913599225,18873046317.653492,19999845335.874508,6.622882279758623,7.0182957771358305,6.267382531919766,6.682517598259121
34.245278440133276,18890316586.073364,19996516001.438343,6.628942719221311,7.0171274554102565,6.272482433577061,6.6872853841312
34.491461094295076,18908490827.20353,19993154411.99189,6.635320378529891,7.015947814837028,6.277598262124997,6.6919686537386625
34.7394135077338,18927668043.194122,19989759383.88047,6.642049999271636,7.0147564400509985,6.282734551136803,6.696568445280376
34.98914840290509,18947964922.565643,19986329614.91523,6.64917252949074,7.01355287409131,6.2878963081645,6.701085775982758
35.24067859372385,18969520243.51837,19982863663.286552,6.656736668886658,7.012336611001731,6.29308910730678,6.705521641753608
35.49401698622174,18992500704.651993,19979359921.16047,6.664800914915673,7.0111070865651826,6.298319206014379,6.709877016722308
35.749176579209355,19017108765.003105,19975816581.194923,6.67343631399728,7.009863666553701,6.303593694370516,6.714152852637018
36.00617046494324,19043593367.4262,19972231593.47074,6.6827302245362645,7.008605631614772,6.308920688603105,6.718350078079328
36.26501182979761,19072264889.591187,19968602609.202774,6.692791563489402,7.007332157518576,6.31430958595862,6.7224695974419735
36.52571395494097,19103516446.046207,19964926905.83096,6.7037582816321555,7.006042288871135,6.319771406485369,6.7265122895934955
36.788290217017554,19137854998.75072,19961201285.248146,6.715808280789237,7.004734903400675,6.325319260850797,6.7304790061207065
37.05275408883371,19175948104.155933,19957421932.1849,6.729175818203331,7.003408662262374,6.330969005956149,6.734370568988372
37.31911914004917,19218696523.65933,19953584211.559494,6.744176986814458,7.00206193892493,6.336740189341431,6.7381877673724455
37.58739903787329,19267351507.946854,19949682368.68381,6.761250872388424,7.000692713967558,6.3426574544832635,6.741931353283486
37.857607547766385,19323713347.52638,19945709067.55616,6.78102922837416,6.999298413058868,6.348752715069831,6.745602035350422
38.12975853414594,19390487375.257458,19941654643.505253,6.804461403422373,6.997875644696546,6.355068683772936,6.749200469672632
38.40386596109809,19471969990.922535,19937505814.190384,6.833055079414777,6.996419747874766,6.361664954398622,6.752727245715155
38.67994389309403,19575500132.113003,19933243260.821205,6.869385618002492,6.994923943291864,6.36862933898622,6.756182863140743
38.958006495711736,19714945157.30546,19928836515.685246,6.91831931798943,6.993377539294272,6.3761013841528875,6.759567690151422
39.23806803636276,19920761879.54019,19924230947.653824,6.990544008144054,6.99176136486275,6.384329421208278,6.762881877111873
39.520142885024306,20279150310.19776,19919448683.280815,7.116308781181904,6.990083184592324,6.393849891806395,6.766125491811322
39.80424551497656,21218154293.48294,19914892164.49611,7.445821713903588,6.988484222399962,6.406478078490383,6.769299664084061
40.09039050354529,18205090600.80006,19910988647.084076,6.388484927770241,6.987114409818477,6.413715014990471,6.772407578619832
40.37859253284984,18215034663.849297,19907443574.625004,6.39197447354092,6.985870381844695,6.413381047649431,6.775452699539522
40.66886639055646,18225226877.3139,19903879605.160286,6.395551099635622,6.984619722580885,6.413102087675913,6.778436764070843
40.96122697063706,18235677223.54947,19900296507.97963,6.399218309037644,6.983362351066768,6.412878616279709,6.781360545781127
41.2556892741334,18246396346.927887,19896694048.37176,6.402979837043383,6.98209818493805,6.412711159310584,6.784224806072843
41.552268409926846,18257395618.197918,19893071987.47684,6.406839673847599,6.980827140374633,6.412600290088959,6.787030294336285
41.850979595513564,18268687207.100826,19889430082.126556,6.410802090025502,6.979549132044499,6.4125466325382625,6.789777748099336
42.151838157785335,18280284164.555023,19885768084.670464,6.414871665372789,6.978264073042775,6.412550864659119,6.792467893174258
42.45485953381599,18292200515.97445,19882085742.786686,6.41905332165269,6.976971874825295,6.412613722392278,6.79510144380148
42.7600592716535,18304451367.591297,19878382799.274967,6.423352359906482,6.975672447135989,6.412736003924907,6.797679102790368
43.06745303111773,18317053028.030655,19874658991.829517,6.42777450311615,6.974365697927165,6.412918574504592,6.800201561656895
43.37705658460391,18330023147.849533,19870914052.788807,6.432325945171079,6.973051533271706,6.4131623718366635,6.802669500758181
43.68888581789202,18343380880.330944,19867147708.858948,6.43701340729351,6.971729857266004,6.4134684121544945,6.805083589423781
44.00295673096177,18357147067.545986,19863359680.80655,6.441844203330982,6.970400571922175,6.413837797069359,6.807444486083657
44.31928543881365,18371344456.605423,19859549683.116318,6.446826315642794,6.969063577047906,6.414271721327169,6.809752838392717
44.63788817229572,18385997952.17162,19855717423.60756,6.451968483710867,6.967718770111875,6.414771481625133,6.8120092833517525
44.95878127893651,18401134912.76676,19851862603.002846,6.457280308119478,6.966366046092398,6.415338486673091,6.8142144474246535
45.281981223783724,18416785500.29359,19847984914.44026,6.462772373208212,6.965005297306256,6.415974268724055,6.8163689466516155
45.607504590249086,18432983094.61665,19844084042.91918,6.468456392555771,6.963636413214215,6.416680496848275,6.818473386758185
45.935368080959265,18449764788.223793,19840159664.667156,6.474345382565355,6.962259280198857,6.417458992288477,6.820528363259737
46.26558851861285,18467171980.158924,19836211446.412323,6.480453870886062,6.960873781309253,6.418311746314393,6.8225344615611325
46.59818284684357,18485251093.955868,19832239044.54249,6.4867981483484405,6.95947979596587,6.4192409410985,6.824492257050979
46.93316813108961,18504054451.729416,19828242104.126625,6.493396575698344,6.958077199617197,6.420248974269523,6.826402315190056
47.2705615594693,18523641346.644333,19824220257.768875,6.50026995994507,6.956665863337598,6.421338487976509,6.828265191593154
47.61038044366301,18544079369.778854,19820173124.256237,6.50744201998099,6.955245653352759,6.422512403529895,6.830081432103519
47.95264221980141,18565446066.545395,19816100306.950428,6.514939967848566,6.953816430475364,6.423773962998255,6.8318515728588505
48.29736444936013,18587831024.75645,19812001391.859447,6.522795241479217,6.952378049428373,6.425126779562475,6.83357614034753
48.64456482006084,18611338534.8429,19807875945.303738,6.531044438210492,6.9509303580260395,6.426574899009249,6.835255651453397
48.994261146778804,18636091018.417675,19803723511.063866,6.539730517929063,6.94947319617298,6.4281228755527495,6.836890613486969
49.34647137245695,18662233503.492912,19799543606.856686,6.548904373502749,6.948006394627597,6.429775866312873,6.838481524200264
49.701213569026564,18689939548.05437,19795335719.930046,6.558626909466466,6.946529773456186,6.431539750415198,6.840028871781632
50.058505938334505,18719419203.03188,19791099301.4832,6.568971836367923,6.945043140074959,6.433421281072199,6.84153313482574
50.418366813077206,18750929903.010418,19786833759.496223,6.580029492508757,6.943546286733764,6.435428282581188,6.842994782272131
50.78081465774125,18784791652.083572,19782538449.363605,6.591912172926304,6.942038987229244,6.437569909638702,6.844414273303364
51.14586806955088,18821408666.89012,19778212661.43208,6.604761724313941,6.940520992531647,6.4398569949391975,6.845792057190123
51.513545779422124,18861301001.01924,19773855604.06738,6.618760642578389,6.938992024842654,6.442302524860063,6.847128573065089
51.883866652923956,18905152099.267982,19769466380.081184,6.634148760460974,6.93745176932318,6.444922306131683,6.848424249598913
52.25684969124625,18953882736.155388,19765043952.971237,6.651249193856353,6.9358998622464405,6.447735926474218,6.849679504537586
52.63251403217474,19008770603.62907,19760587096.918304,6.670510307231843,6.934335873451012,6.4507681849681315,6.850894744037215
53.01087895107299,19071653108.71232,19756094319.649918,6.692576878871267,6.932759279272368,6.454051307410841,6.852070361690716
53.39196386187141,19145291800.221542,19751563737.301624,6.718417984588518,6.931169418629498,6.457628547247631,6.853206737063076
53.77578831806337,19234076675.562218,19746992857.92918,6.749574151309432,6.929565417055551,6.461560405594966,6.8543042333940445
54.16237201370853,19345522184.62749,19742378173.56181,6.788682331023731,6.927946043542185,6.465936261255854,6.8553631937733615
54.55173478444328,19493879952.965244,19737714292.639523,6.8407436685763,6.9263094060966335,6.470898604251576,6.856383934182946
54.943896608498605,19710653941.128315,19732991709.870487,6.916813455125539,6.924652169145623,6.476702245783452,6.8573667288948315
55.33887760772505,20086134356.991566,19728216074.036415,7.048576104925803,6.922976314945527,6.4839028638694005,6.858311838790428
55.73669804862528,21085088523.97813,19723455367.503166,7.399126606390842,6.92130569969839,6.494436855553819,6.859219705361254
56.137378343393884,17965254654.550095,19718774037.91636,6.304322296484678,6.919662939211061,6.499491044515987,6.860091094297469
56.54093905096473,17981990760.964886,19714121508.07573,6.310195289150572,6.918030285058735,6.4967568734346255,6.860926793986804
56.94740087806597,17999231491.32463,19709438719.851326,6.31624536319097,6.916387012709944,6.494146394976724,6.861727307906536
57.35678468028229,18017004386.37581,19704725315.333153,6.322482183135843,6.914732996567804,6.491660437526957,6.862492984610541
57.76911146312517,18035339572.725407,19699980931.842415,6.328916320938877,6.91306810936198,6.489299961632476,6.863224165896419
58.18440238311063,18054270119.698578,19695205201.845417,6.335559381205067,6.911392222118464,6.487066071924081,6.863921186877551
58.60267874884476,18073832461.33432,19690397752.862785,6.342424149276384,6.909705204127727,6.484960030812216,6.864584376053742
59.023962022117104,18094066898.37195,19685558207.373367,6.349524767387624,6.908006922910985,6.482983274294859,6.865214055380346
59.44827381900181,18115018199.172455,19680686182.711693,6.356876945540219,6.9062972441842305,6.481137430294032,6.865810540335941
59.875635910966814,18136736323.94264,19675781290.958008,6.364498215645168,6.904576031819631,6.479424340039797,6.866374139988503
60.30607022599089,18159277303.89187,19670843138.819252,6.372408240034527,6.902843147803767,6.4778460831530795,6.866905157060061
60.73959884968879,18182704316.777336,19665871327.499306,6.38062918888907,6.901098452192101,6.476405007251881,6.867403887989819
61.17624402644447,18207089013.74286,19660865452.55594,6.38918620584924,6.899341803058776,6.47510376313433,6.867870622995694
61.61602816055244,18232513170.990265,19655825103.7416,6.398107987615554,6.897573056440745,6.473945346897768,6.868305646134237
62.05897381736731,18259070765.98671,19650749864.823967,6.407427512526085,6.895792066274802,6.472933150766303,6.868709235358828
62.50510372446168,18286870615.17949,19645639313.381065,6.417182966176755,6.893998684325682,6.472071024965116,6.869081662576117
62.9544407727922,18316039764.113373,19640493020.563934,6.4274189310728485,6.892192760102779,6.471363353765238,6.8694231937005386
63.407008017874226,18346727900.21262,19635310550.817505,6.438187935151454,6.890374140762195,6.47081514992979,6.869734088706765
63.86282868096469,18379113177.519,19630091461.546627,6.449552495783983,6.888542670989547,6.470432173379519,6.870014601679883
64.32192615025363,18413410024.92145,19624835302.70926,6.461587859820621,6.886698192857204,6.47022108221245,6.870264980863011
64.78432398206425,18449879794.919647,19619541616.311092,6.474385740427844,6.884840545646949,6.470189627664536,6.870485468701957
65.2500459020616,18488845568.834984,19614209935.76444,6.488059512496085,6.882969565624993,6.470346909860674,6.8706763018863795
65.7191158064699,18530713193.382492,19608839785.0559,6.502751594741013,6.8810850857499055,6.470703719435163,6.870837711386692
66.19155776329869,18576001920.435196,19603430677.63859,6.518644201733113,6.879186935283868,6.471273003349121,6.870969922485579
66.66739601357779,18625390321.677658,19597982114.91615,6.535975456153252,6.87727493926069,6.47207051527807,6.871073154802537
67.146654972601,18679787406.683475,19592493584.102043,6.555064345370811,6.875348917734602,6.473115749056203,6.871147622308908
67.629359231179,18740447155.86734,19586964555.08686,6.576350913061192,6.873408684680933,6.474433322566823,6.8711935333295555
68.11553355690098,18809161780.073853,19581394475.65584,6.600464077378067,6.87145404631786,6.4760551108202185,6.871211090524731
68.60520289540557,18888606937.438354,19575782763.80629,6.628342773592035,6.869484798410449,6.478023693942519,6.871200490841063
69.09839237166068,18983003970.536415,19570128794.592033,6.661468344697222,6.86750072165415,6.480398273290783,6.871161925411193
69.59512729125278,19099513001.93528,19564431875.630123,6.702353403023054,6.865501573079669,6.483265639512673,6.871095579360783
70.09543314168529,19251552501.27666,19558691195.84757,6.7557067244245665,6.863487068067297,6.486762763366306,6.871001631428965
70.59933559368633,19468268956.751083,19552905696.99305,6.831756321746389,6.8614568352581236,6.491131038712738,6.870880253144941
71.10686050252588,19830647682.84413,19547074892.419186,6.95892135929299,6.859410703879065,6.49688374882048,6.87073160974752
71.61803390934244,20722004463.809784,19541202300.76834,7.271714054772057,6.857349908683312,6.505688350244356,6.870555871728005
72.13288204247921,17731933711.058193,19535292379.208824,6.2224458936962375,6.855276013769236,6.509095189291338,6.870353227066506
72.65143131882986,17756434230.90192,19529341666.225452,6.231043554931569,6.853187804430576,6.505079241866888,6.870123863483398
73.17370834519397,17781804774.235374,19523345363.783356,6.239946522637096,6.851083596952916,6.501244890134675,6.869867945403334
73.6997399196422,17808106124.07477,19517302928.19696,6.249176126637068,6.848963200547472,6.497594046004212,6.8695856216186995
74.22955303289137,17835406539.201126,19511213810.000465,6.258756320132448,6.846826422397078,6.494128916310689,6.869277036077175
74.76317486968934,17863783110.913357,19505077454.07306,6.268714155809322,6.844673067700127,6.490852039333195,6.868942327922127
75.30063281020978,17893323447.582634,19498893299.80589,6.279080376978507,6.842502939729158,6.48776632838673,6.868581631533126
75.84195443145715,17924127786.867077,19492660781.321503,6.289890158788652,6.840315839907869,6.4848751242737,6.8681950765668605
76.38716750868164,17956311672.609287,19486379327.759613,6.301184047596443,6.838111567911395,6.482182258946737,6.867782787998736
76.9363000168043,17990009387.1667,19480048363.647865,6.313009165431389,6.835889921796413,6.479692133519733,6.867344886165526
77.48938013185247,18025378408.939884,19473667309.382526,6.325420774220529,6.83365069816983,6.477409814869404,6.866881486809527
78.04643623240547,18062605283.274155,19467235581.853287,6.338484335990556,6.831393692408032,6.4753411566524015,6.866392701124848
78.6074969010507,18101913476.070133,19460752595.259663,6.352278268837226,6.8291186989433745,6.473492952871561,6.865878635806666
79.17259092585026,18143574063.03693,19454217762.186356,6.366897697971391,6.82682551164155,6.471873135561172,6.865339393104461
79.741747301818,18187920562.98724,19447630495.034805,6.382459660981861,6.824513924303939,6.470491033394912,6.864775070880796
80.3149952324073,18235369976.373363,19440990207.95527,6.399110490625932,6.822183731345612,6.4693577161973295,6.864185762677631
80.89236413100953,18286453375.578274,19434296319.498657,6.417036549497921,6.819834728725907,6.468486463492129,6.863571557793154
81.47388362246318,18341861670.870262,19427548256.332413,6.436480290103681,6.817466715252396,6.467893417086335,6.862932541373414
82.05958354457395,18402516387.34851,19420745458.5801,6.457765091729575,6.815079494454637,6.467598515455653,6.862268794525274
82.64949394964574,18469683474.412594,19413887387.734188,6.481335198177289,6.812672877360912,6.467626875902234,6.861580394460841
83.24364510602263,18545165050.10563,19406973538.836098,6.507823004209857,6.810246686772419,6.468010920330145,6.8608674146900475
83.84206749964191,18631641362.582752,19400003460.139194,6.538169055816157,6.807800764163356,6.46879380411393,6.860129925290008
84.44479183559842,18733325622.517628,19392976786.853424,6.573851842363611,6.805334981522508,6.47003528672338,6.859367993303973
85.05184903971988,18857338639.060272,19385893303.96813,6.617370180415452,6.802849263398873,6.4718225902906745,6.858581683375883
85.66327026015385,19016975555.8708,19378753077.420742,6.673389568581252,6.80034363293105,6.474292704265437,6.857771058860638
86.2790868689658,19240988583.515835,19371556781.296173,6.751999660786538,6.797818326667231,6.477685746711719,6.856936184064316
86.89933046374898,19608751266.771725,19364303776.392517,6.88105402313469,6.7952731203002825,6.482508725805677,6.856077122453616
87.52403286924549,20490204778.095783,19356982963.46663,7.19037148796381,6.792704118911517,6.490385405108273,6.855193907202961
88.1532261389794,17501341204.63794,19349580183.99598,6.141526947230911,6.790106354027568,6.492855917028556,6.854286507950891
88.78694255690131,17534525925.124344,19342102145.186066,6.153172046467624,6.787482179324241,6.487941713921973,6.853354876357822
89.42521463904485,17569076198.263924,19334559408.619453,6.165296342031023,6.784835301045709,6.483266471380076,6.8523990079045
90.06807513519514,17605109926.020897,19326951185.5789,6.17794120778394,6.78216544241729,6.478833901833513,6.8514189224249655
90.71555703056912,17642763213.925476,19319276680.232468,6.191154405539122,6.779472324167628,6.474648299004907,6.850414635516462
91.36769354750803,17682194543.373066,19311535090.19477,6.204991549192052,6.776755664725646,6.470714630953265,6.849386158565599
92.02451814718209,17723590228.434948,19303725607.260544,6.219518019611317,6.774015180477971,6.467038655838099,6.84833349877736
92.6860645313074,17767171661.54261,19295847418.36619,6.2348115072760635,6.771250586106357,6.463627067754961,6.847256659207941
93.35236664387507,17813205097.65309,19287899706.857582,6.250965445710864,6.7684615950325755,6.460487683021262,6.846155638802707
94.02345867289306,17862015116.820446,19279881654.176476,6.268093735737672,6.765647920010212,6.457629681862873,6.845030432440942
94.6993750521402,17914003543.760113,19271792442.130203,6.286337384682103,6.762809273921142,6.455063927528944,6.843881030989878
95.38015046293313,17969676681.17875,19263631255.992798,6.305874063025522,6.75994537086376,6.452803396127276,6.842707421371353
96.06581983590569,18029685599.68416,19255397288.821613,6.32693224283962,6.7570559276677695,6.450863768982385,6.8415095866460485
96.75641835280128,18094887663.756817,19247089747.60555,6.349812788326682,6.754140666051696,6.449264270863001,6.840287506122656
97.45198144827802,18166444039.593136,19238707862.270782,6.374923173028425,6.751199315783157,6.448028893514235,6.839041155503344
98.15254481172693,18245981197.68632,19230250899.3358,6.402834153908337,6.7482316194706495,6.447188248779194,6.837770507083747
98.85814438910306,18335873084.35582,19221718183.523994,6.434378790280083,6.745237340147795,6.446782503732727,6.836475530038205
99.56881638476996,18439767837.988533,19213109133.881653,6.4708372777554395,6.742216273947767,6.4468662950199285,6.835156190845143
100.2845972633575,18563657570.12035,19204423328.555923,6.514312353149726,6.739168272835016,6.447517562579121,6.833812453958491
101.00552375163227,18718308763.50418,19195660632.619637,6.568582163702104,6.736093289461237,6.448855005390206,6.832444282950778
101.73163284038309,18925725794.881096,19186821487.40218,6.64136843034425,6.732991478696636,6.451077521839082,6.8310516426825245
102.46296178631758,19241059221.99946,19177907724.890415,6.752024449066797,6.729863483417468,6.454574035613406,6.829634504200096
103.19954811397544,19868649342.432526,19168909132.22738,6.972256806769425,6.726705719753473,6.460376891920245,6.82819281793762
103.94142961765213,24470847138.45844,19159801963.605885,8.587248563703438,6.723509854885296,6.479184892809415,6.8267264501615035
104.68864436333986,17297417377.857037,19150588984.67194,6.0699665072215785,6.7202768593265265,6.491203000807118,6.825235216916468
105.44123069067895,17341433734.720802,19141286652.47899,6.085412617244627,6.7170125081452605,6.485321559460109,6.823718984960942
106.19922721492682,17387595700.859688,19131895992.87848,6.101611659116,6.713717161330725,6.479748856264495,6.822177666443329
106.96267282893764,17436137534.465683,19122415903.534855,6.11864583813539,6.71039043205408,6.47449179619249,6.82061117455173
107.7316067051596,17487339881.558743,19112845274.091953,6.136613637903225,6.7070319306719135,6.469558471478037,6.819019418186702
108.50606829764314,17541543522.011337,19103182987.78863,6.155634644041281,6.703641265293195,6.464958410701761,6.817402301986256
109.28609734406707,17599168655.17802,19093427923.659153,6.175856311857641,6.700218042551427,6.460702906820628,6.815759726360029
110.0717338677758,17660742619.48435,19083578959.56178,6.197463693635611,6.696761868667433,6.456805457919606,6.814091587536029
110.86301817983464,17726940851.45261,19073634976.42417,6.220693811872743,6.693272350939144,6.453282373215902,6.8123977776248745
111.65999088109645,17798649374.022945,19063594864.316765,6.245857587526412,6.689749099872847,6.450153628812844,6.81067818470889
112.46269286428664,17877063766.88919,19053457531.384617,6.273374570436909,6.686191732317535,6.447444114565362,6.808932692967421
113.27116531609953,17963853048.088165,19043221917.424957,6.303830448245465,6.682599876229497,6.4451855197985966,6.807161182856575
114.08544971931353,18061446050.635822,19032887015.425636,6.338077540968209,6.678973178230546,6.443419317023467,6.805363531374107
114.90558785491778,18173566360.166656,19022451907.61573,6.377422519976618,6.6753113162588,6.442201755215149,6.803539612464419
115.73162180425774,18306320277.55128,19011915830.21691,6.424008193122176,6.671614022291078,6.44161283733687,6.801689297669609
116.56359395119254,18470674178.011997,19001278301.38942,6.481682853410183,6.667881127241373,6.441774080679458,6.799812457252757
117.40154698427162,18689067461.538216,18990539411.29207,6.558320879044188,6.664112662747992,6.442888748534162,6.797908962349911
118.24552389892312,19017971820.10385,18979700640.196026,6.673739175137818,6.660309148263996,6.44535445822915,6.79597868986188
119.09556799966195,19669051755.90009,18968751222.16632,6.9022145201836205,6.65646680583437,6.450233755074683,6.794021495156438
119.95172290230977,24995053627.005836,18957666997.269463,8.771201795497694,6.652577157315593,6.4700026395254415,6.792037148373232
120.81403253623492,17067933442.06461,18946450986.997276,5.989436577592397,6.648641263002031,6.4828801684163535,6.790025370408488
121.6825411466044,17122772822.425297,18935119337.82864,6.008680675991287,6.644664788975725,6.475998758014503,6.7879859340838955
122.55729329665617,17180662700.061775,18923672285.282032,6.028995247275807,6.6406478178842345,6.469496598586184,6.7859186561954115
123.43833386998361,17242000469.274548,18912108350.780712,6.050519744061427,6.636589830869099,6.463384517447149,6.783823353027234
124.32570807284056,17307278548.753754,18900426046.515038,6.073426964685112,6.632490305831876,6.45767540949045,6.781699836073349
125.21946143645881,17377118747.621845,18888623878.75305,6.09793511285119,6.628348718595879,6.452384768163945,6.779547912067884
126.11963981938636,17452323779.042835,18876700352.583946,6.12432587465846,6.624164544570737,6.447531423381115,6.7773673830351076
127.0262894098384,17533957218.292576,18864653978.859924,6.152972477286523,6.6199372611884275,6.443138597308374,6.7751580463679515
127.9394567280692,17623472823.104145,18852483284.663773,6.18438506976842,6.61566635157652,6.439235467879203,6.7729196949488575
128.85918862875712,17722934263.175774,18840186829.68938,6.219287829920792,6.6113513103063895,6.435859582012364,6.7706521173359775
129.7855323034107,17835411687.28276,18827763233.16186,6.258758126684398,6.606991652839962,6.433060774197235,6.768355098054889
130.71853528278805,17965753801.336258,18815211220.995358,6.304497455828296,6.602586932078212,6.430907949324567,6.766028418071218
131.65824543933772,18122246702.810932,18802529715.929016,6.359413553984383,6.5981367699914495,6.42950184387423,6.763671855599567
132.6047109896529,18320690844.27687,18789718032.77293,6.429051076508096,6.593640926134543,6.429001942225536,6.761285187614125
133.5579804969476,18596606797.774452,18776776394.30337,6.525874813829853,6.589099478683587,6.429693720119652,6.75886819311546
134.51810287354627,19056011200.21619,18763700209.616665,6.6870878594063115,6.584510816610129,6.432212461978991,6.756420643302944
135.48512738339562,20323064366.156273,18750472279.00493,7.131718992026769,6.579868904235633,6.439011374519876,6.7539422581341455
136.45910364459024,16800071351.25803,18737081189.725777,5.895439081652241,6.575169736629045,6.440040538064421,6.751432690192654
137.4400816319206,16864664885.075773,18723536505.31465,5.918106083222008,6.570416669802337,6.432455886709372,6.748891592576082
138.42811167943523,16933175093.294123,18709846067.457737,5.942147514390831,6.565612455540441,6.425311346287572,6.7463186667398185
139.42324448302537,17006172483.701664,18696007949.999897,5.967763576327081,6.560756417921806,6.4186216355270584,6.7437136330620335
140.42553110302407,17084381698.366768,18682020213.568398,5.9952085586156505,6.555847876386598,6.412404497522767,6.741076206250811
141.4350229668284,17168745209.349981,18667880910.39833,6.024813191198273,6.550886147430019,6.40668158561084,6.738406095370903
142.45177187153575,17260523828.64155,18653588091.540684,6.05701991506978,6.545870547131747,6.401479746784909,6.735703003900171
143.47582998660403,17361462593.112667,18639139817.954247,6.092441094210913,6.540800395048286,6.3968329522919785,6.732966629830918
144.50724985652602,17474079824.47945,18624534178.235603,6.131960451788968,6.53567502043472,6.392785337289796,6.730196665841783
145.54608440352786,17602205826.749348,18609769318.45672,6.17692210852034,6.530493772715255,6.389396265361339,6.727392799586011
146.59238693028206,17752076534.85324,18594843495.919704,6.229514363117189,6.525256040346701,6.386749399852858,6.724554714184452
147.64621112264496,17934820733.095154,18579755185.56543,6.29364250077417,6.519961288159114,6.38497059552758,6.721682089111758
148.70761105240882,18173094853.872528,18564503321.39692,6.377257060165435,6.514609142075499,6.384268338925876,6.718774601939265
149.77664118007874,18523715613.990055,18549087977.6531,6.5002960216565535,6.509199628147594,6.385046800218508,6.715831932359577
150.85335635766464,19199323821.203762,18533499007.03518,6.737378766450637,6.50372918551065,6.388378287681784,6.712853739390325
151.93781183149804,24625093960.602722,18517715109.53121,8.64137647331032,6.498190339617671,6.406932262452351,6.7098396083154945
153.03006324506438,16583768133.276033,18501737636.241577,5.819534496599231,6.492583564593426,6.4185742181412,6.706789080733302
154.13016664186063,16662430576.573725,18485578806.7806,5.847138524747644,6.486913148514458,6.410250472323349,6.70370173872834
155.23817846826822,16746633655.719805,18469237554.07471,5.876686858990646,6.481178716925972,6.4024516423450315,6.700577198044653
156.35415557645197,16837358344.976164,18452711403.753136,5.908523740366309,6.475379401527959,6.395200374699558,6.697415071040872
157.47815522727458,16935912518.771776,18435997867.935074,5.943108124902932,6.4695143292795,6.3885247090340735,6.6942149632048915
158.61023509323707,17044100359.505987,18419094454.94917,5.98107313178228,6.463582625809505,6.3824600574595385,6.690976473208485
159.75045326143626,17164517494.586664,18401998685.011387,6.023329612091933,6.457583420918355,6.377052316210957,6.6876991930246215
160.898868236546,17301101266.113518,18384708116.77564,6.071259248088305,6.451515857894977,6.372363045237662,6.684382708148578
162.0555389438188,17460249351.998585,18367220395.386623,6.1271070969265615,6.44537911037943,6.368478744305974,6.6810265980022985
163.22052473210942,17653370281.609993,18349533347.916275,6.194876611240609,6.439172415853224,6.365529167145147,6.677630436691533
164.39388537692,17903717578.476166,18331645200.50373,6.282727859433095,6.432895151837534,6.36372883498867,6.674193794533404
165.57568108346715,18269891316.876938,18313555192.770676,6.411224633220961,6.426547051502302,6.3634938184317456,6.670716241641141
166.7659724897711,18974460365.79577,18295253199.99923,6.658470244258654,6.420124561906815,6.365937458286014,6.667197326992699
167.96482066976697,25847476884.96506,18276719212.461784,9.070332036316929,6.413620661287433,6.387313111620754,6.663636530685481
169.1722871364386,16330370563.201231,18257954150.7461,5.730612854150205,6.407035672694514,6.401639269032466,6.660033292757689
170.3884338449747,16422235115.786304,18238968153.884956,5.762849733518457,6.400373154092119,6.392324648025223,6.656387088896721
171.61332319594783,16521336030.539825,18219758991.39076,5.797625979026583,6.393632322763112,6.383619182247532,6.652697421874867
172.84701803851607,16629151248.151949,18200323547.66265,5.835460225930526,6.386812085388623,6.375554028867952,6.648963788186697
174.08958167364793,16747735015.591827,18180658691.954765,5.877073345446371,6.379911343335129,6.368168722424787,6.645185675899305
175.34107785737027,16880073640.742762,18160761294.94481,5.923513285278443,6.372928998468668,6.361514823328629,6.641362564738092
176.6015708040397,17030763665.30621,18140628257.74569,5.9763930523610975,6.365863963335519,6.355662097758057,6.637493926285195
177.8711251896373,17207432133.85679,18120256566.67934,6.038389110128479,6.358715180383302,6.350709853437623,6.633579224384417
179.14980615508722,17424112555.594166,18099643408.892593,6.114426062581289,6.351481662532608,6.346810101770637,6.629617915966199
180.43767930959908,17710873602.21524,18078786464.03164,6.215055532897128,6.3441625955306735,6.34422290256918,6.625609452878909
181.73481073403437,18150645522.108723,18057681946.97375,6.369379196728421,6.336756651111685,6.343487104250614,6.621553279517123
183.041266984297,19137487269.320057,18036317051.58513,6.715679238095806,6.32925933537915,6.346327109648973,6.617448806690373
184.35711509474848,15993928018.014061,18014677160.479736,5.612549276433407,6.321665518836467,6.343707206542319,6.613295385130881
185.68242258164713,16094003333.733044,17992765141.431217,5.6476674562948395,6.313976207835602,6.333557837276476,6.609092345638473
187.0172574466127,16202173823.561924,17970586555.240543,5.68562637443782,6.306193353758943,6.324072631536473,6.604839049591262
188.36168818011527,16320142058.503746,17948137545.21786,5.727023492826694,6.29831560322652,6.315286813407193,6.600534871619964
189.71578376498965,16450300128.90562,17925414225.052956,5.772698237832,6.290341592464057,6.307245331291713,6.596179175925866
191.07961367997484,16596176454.90247,17902412696.2399,5.8238887938355175,6.2822699534175905,6.300007280419035,6.59177131632494
192.45324790327902,16763312645.290337,17879129079.652252,5.882539808356198,6.274099324833758,6.293653569815842,6.5873106364137834
193.8367569161701,16961173504.762135,17855559577.577454,5.951972647019231,6.265828374028751,6.288301444733172,6.582796469967089
195.2302117065921,17207948466.4761,17831700611.658566,6.038570300281746,6.2574558452944915,6.284135578316412,6.5782281418292365
196.6336837728076,17545485701.088345,17807549198.82077,6.157018023677685,6.248980691817813,6.281488066251789,6.573604970077772
198.0472451270663,18106199810.638367,17783097873.1127,6.353782418659108,6.240400293665709,6.2811220034717055,6.568926256371893
199.47096829930004,19870747404.385223,17758331223.36148,6.972993053430112,6.23170924278788,6.286575141891752,6.564191255137797
200.90492634084416,15745107961.79154,17733241573.11889,5.525233963713422,6.222904845384289,6.286005408633345,6.559399173855351
202.3491928281859,15861655740.260433,17707832500.250763,5.5661326190643,6.213988356990679,6.275476073445175,6.554549221148886
203.8038418667395,15988982350.402882,17682103665.301193,5.610813755106729,6.2049596584860325,6.265705249876435,6.549640624946495
205.26894809464875,16129778554.028917,17656050295.214783,5.66022160725511,6.195817074921667,6.256742690483004,6.544672611359163
206.74458668661651,16288054065.365826,17629667584.592102,5.715763254412116,6.186558919998817,6.248654174530812,6.539644393600143
208.23083335776192,16470199699.147467,17602950727.347607,5.779681345323569,6.177183507177947,6.24153052387167,6.534555172086277
209.72776436750547,16687372495.678823,17575894980.475674,5.855891080709413,6.1676891720553675,6.235505105877778,6.529404134776285
211.2354565234818,16961764963.534727,17548495809.72068,5.952180200254585,6.158074323481421,6.230792721128591,6.524190458027692
212.7539871854806,17347561114.548466,17520749300.277496,6.0875628220710745,6.148337587682467,6.227796016276446,6.518913308832494
214.28343426941632,18039334934.382343,17492645489.17808,6.33031836327341,6.138475468478642,6.227533999285866,6.513571831342136
215.8238762513255,21938937841.51681,17464167321.919212,7.698757276476222,6.128481981146269,6.238763235776359,6.508165114389901
217.37539217139383,15479973013.19863,17435310583.31169,5.432193469708053,6.11835564650168,6.243352670996993,6.502692206800825
218.93806163801148,15613901503.773518,17406078419.77619,5.479191321144127,6.108097568678962,6.23215015095482,6.4971521683279425
220.5119648318579,15761899471.392467,17376466456.479538,5.5311263983270305,6.0977062124725805,6.2218107151880275,6.491544068965393
222.09718251001587,15928099087.492378,17346468828.557602,5.589448752537606,6.087179519799063,6.212402664213129,6.485866966366876
223.69379601011508,16119070091.522392,17316079637.34742,5.656463820335911,6.076515420714336,6.204020057943868,6.48011990223115
225.30188725450574,16346261803.28155,17285293007.46939,5.736189368431997,6.065711853444861,6.196800632769448,6.474301902503221
226.9215387544619,16632441539.627377,17254103218.544327,5.836614846797825,6.05476681060946,6.190965662686713,6.468411978044564
228.55283361441502,17033350155.845888,17222505078.941414,5.977300697161713,6.043678470374014,6.186929504500049,6.462449126557465
230.19585553621832,17751334563.768887,17190487771.496925,6.229253992477284,6.032443036806443,6.185746049942628,6.456412319996963
231.85068882344135,22172905739.302162,17158034085.014706,7.780860706849599,6.021054470196776,6.197439495186643,6.450300474932593
233.51741838569555,15174840888.320002,17125138772.518347,5.325117266490478,6.009510929289155,6.202434295533608,6.444112467401976
235.19612974299116,15324546651.911884,17091802935.014565,5.377651639171109,5.997812800446107,6.190330260303853,6.437847179139538
236.88690903012514,15491562168.515696,17058020568.466717,5.436260307148862,5.98595797674609,6.179189000114435,6.4315034954857975
238.58984300110075,15681627051.491037,17023784509.491215,5.502957401209631,5.973943944432423,6.169097597322008,6.42508028476351
240.30501903357893,15904388373.477957,16989087554.01164,5.581128247991414,5.961768175468602,6.1601803316160595,6.4185763955347435
242.03252513336167,16178074091.80121,16953922551.395638,5.677169356755642,5.949428160572578,6.152629360275675,6.411990656914623
243.77244993890756,16543855898.871817,16918282663.936676,5.805528594979946,5.936921500273453,6.146782558111595,6.405321879764625
245.52488272587985,17129018856.424118,16882157944.650106,6.010872518643147,5.924244704000214,6.143394186898665,6.3985688499426825
247.2899134117272,18820596342.744164,16845532641.515524,6.604476665553361,5.911392244093203,6.145746039422988,6.3917303063869735
249.06763256029734,14803664852.253029,16808395825.623344,5.194865098898456,5.898360285406761,6.142209949184085,6.384804939427706
250.85813138648365,14964038907.377901,16770744807.929962,5.251143161800577,5.885147884308421,6.129136555471912,6.377791424110762
252.66150176090665,15143667007.530338,16732574405.227251,5.314177806098223,5.871753221919733,6.1170978452427445,6.370688434658889
254.47783621462517,15349220040.887243,16693875911.6763,5.386309963210384,5.858173243209449,6.106191915432111,6.363494629457913
256.3072279438879,15592178609.360611,16654640542.302292,5.471568377288067,5.844404865376145,6.096560811915797,6.356208642323719
258.14977081491105,15895048728.662436,16614859535.671078,5.577850803157821,5.83044501387923,6.088429480197397,6.3488290827139116
260.0055593686991,16311981615.165918,16574524449.634811,5.724159850430685,5.8162907262212675,6.082211265037634,6.341354536932528
261.87468882589127,17034285775.313663,16533622336.773771,5.9776290224087045,5.801937458926062,6.078927459828555,6.333783557969156
263.75725509165153,20730417471.957912,16492134891.226582,7.274666326580535,5.787378788146458,6.086744184184214,6.326114641347961
265.65335476058544,14504668343.534843,16450052877.360037,5.089941990780658,5.7726114729371165,6.088047784671516,6.31834623533769
267.56308512170034,14686256987.137774,16407372447.33841,5.153664624089639,5.757634163025132,6.07430550047576,6.310476777674296
269.48654416339343,14892765983.05782,16364084248.22558,5.226132245197012,5.742443576301523,6.061727498258142,6.302504695320629
271.42383057848343,15134463745.686357,16320177619.489473,5.310948220436396,5.727035971798995,6.050447325349865,6.294428387654519
273.3750437692705,15430750684.225378,16275641821.321606,5.414920492953872,5.711407580730777,6.040670756605553,6.28624622341087
275.3402838526408,15825691830.479307,16230466255.933474,5.553512253661102,5.695554684147395,6.032759253228578,6.277956541276087
277.31965166519916,16458264583.484264,16184637310.007692,5.775493104342104,5.679472504897511,6.027526808506257,6.269557643115748
279.31324876844724,18397143996.36611,16138136436.626667,6.45587982570318,5.663154534543121,6.028798126405119,6.261047774642305
281.3211774539906,14106285206.246902,16090949837.641798,4.950142375175889,5.64659593107238,6.024125762248095,6.252425125839057
283.3435407487913,14299621237.906734,16043069966.485147,5.017987372563569,5.629794046262512,6.009333614919055,6.243687859220214
285.38044242045015,14520624969.214329,15994486458.783352,5.095541450013615,5.612745243073502,5.995786200778015,6.234834118710349
287.43198698253525,14781282421.873957,15945186286.78357,5.1870107123282905,5.595444949838859,5.983633938151715,6.225862016230618
289.49827969994016,15104989344.181816,15895156266.384205,5.300605137070553,5.577888540026576,5.973113511268429,6.216769625139102
291.57942659428966,15547986281.506683,15844383295.657862,5.456060515964626,5.560071415941014,5.964657282308145,6.207554980596323
293.675534449375,16310698664.244946,15792850279.96354,5.723709640497572,5.541987578773444,5.959333322216112,6.198216070312508
295.7867108166378,20541600513.78674,15740535556.961428,7.208407151175445,5.523629426829681,5.966578821828497,6.188750813852851
297.91306402068363,13774039949.238195,15687425026.659842,4.833551699344262,5.5049920121758555,5.967292126462004,6.179157071189098
300.0547031648451,13990938105.349083,15633508606.260822,4.909665058599649,5.486071796581689,5.9517090075543555,6.169432672414961
302.2117381367749,14243377970.210224,15578771266.888195,4.998250625526896,5.46686350615149,5.937519204035243,6.159575415772752
304.3842796140894,14549777002.261915,15523196884.408344,5.1057714086456345,5.447361482644555,5.92492643228998,6.149583053063269
306.57243907004215,14950627589.009327,15466769179.91027,5.246436895452449,5.4275600135060955,5.914278731632622,6.139453287195073
308.77632877924896,15566863920.153545,15409469545.246292,5.462685009773081,5.407452568811396,5.906322787616513,6.129183766661013
310.99606182344337,17174482254.54456,15351274942.149342,6.02682642077011,5.387031064029316,5.904039019672368,6.118772069423954
313.23175209728413,13301174788.98894,15292164660.158884,4.667615038255233,5.366288231496767,5.896084188141764,6.108215698733551
315.48351431419394,13524739219.699488,15232123566.08352,4.746067709944607,5.345218760712016,5.879170340214903,6.097512103947017
317.7514640122508,13784965049.172426,15171134777.878872,4.837385508128556,5.323816727470213,5.863704814976895,6.08665869078488
320.03571756011064,14100718006.905685,15109178299.523394,4.9481887474867365,5.302075114817415,5.849897258054649,6.07565280980318
322.3363921629838,14513463541.789661,15046233771.49476,5.093028379786884,5.279986778240893,5.838105105623985,6.064491748523812
324.6536058686436,15147505727.690887,14982278401.276545,5.315524880190044,5.257543719447707,5.8290951666979085,6.053172725333372
326.98747757348826,16819559705.032337,14917285106.789253,5.9022778860880045,5.234736434862155,5.825978065589904,6.041692873672187
329.33812702863656,12879503707.595633,14851228858.28019,4.519643275464921,5.211556141105932,5.817194809315868,6.030049237715782
331.7056748460776,13120403459.070255,14784089313.760422,4.604179214623147,5.187995699819084,5.799341749573797,6.018238790489568
334.0902425048538,13404154674.165194,14715844086.164234,4.7037524823766645,5.164047254988421,5.783052404682528,6.006258441416191
336.49195235729957,13755268131.460316,14646467718.007647,4.82696433993087,5.139701873137241,5.768579815428447,5.994105024444094
338.9109276353137,14232255553.24518,14575934116.711119,4.994347574742934,5.114950397922698,5.756380929298621,5.981775289894911
341.34729245668814,15043901809.682686,14504213273.151997,5.279168452025702,5.089782298618414,5.747574638450355,5.9692658942639225
343.80117183147047,19831606463.90222,14431270835.457037,6.959257812347411,5.064185520550822,5.752903637140842,5.9565733809378765
346.2726916683841,12516625001.593985,14357077640.57063,4.392302786217457,5.038149829893282,5.751741245841612,5.943694184000577
348.7619787812831,12789672007.212975,14281606587.754812,4.488119759514643,5.011665716522508,5.733088421860477,5.930624647856593
351.2691608956644,13120631019.0484,14204825603.673784,4.604259069402365,4.984721925343602,5.716208872301687,5.917361021180676
353.794366655216,13551835149.886974,14126700849.674162,4.755576146095925,4.957306581780829,5.701472470475291,5.903899441492067
356.337725628423,14209450378.356833,14047195339.454515,4.986344839725346,4.929406706693661,5.689665106785415,5.8902359244617495
358.8993683152106,15923767494.55566,13966267247.294167,5.5879287207620845,4.901007622704655,5.683954848249372,5.87636634569694
361.47942615364536,11955944445.652647,13883875272.541903,4.195550165784595,4.872094836692432,5.672650872146349,5.862286432013805
364.07803152667356,12231084701.726507,13799980675.505686,4.292101697303667,4.842654754221011,5.652329657685657,5.84799177127402
366.6953177689198,12563373133.287348,13714541312.324287,4.408707523841303,4.812672586271863,5.6338139841581985,5.833477812203475
369.3314191735225,12992885243.312649,13627510643.077457,4.559430840816767,4.7821320011724024,5.617463798705171,5.818739846895228
371.9864709990302,13635023853.939035,13538837975.482876,4.7847685183642605,4.7510152101135175,5.604022634360836,5.803772991705017
374.66060947633594,15173097962.27929,13448466430.437115,5.324505643237099,4.719302253222285,5.596221896297284,5.788572163928966
377.3539718156733,11432826007.219084,13356336889.081121,4.011978749818961,4.686972384656332,5.582988836392631,5.773132063639766
380.06669621365035,11721367889.524221,13262390427.84038,4.113233146545546,4.654004927102044,5.561365417127846,5.757447171695819
382.79892186034687,12073249177.547462,13166562490.213886,4.236714449341263,4.620377226553316,5.541648462199303,5.741511739236319
385.5507889464501,12536098548.042593,13068780613.813555,4.399136394503466,4.586063854689891,5.524246304755719,5.72531975713923
388.32243867045383,13258006428.821499,12968963483.062393,4.652466505115051,4.551036276452568,5.510050830525045,5.708864917888568
391.1140132458974,15416537072.946487,12867018420.12821,5.409932687981323,4.515261969567932,5.503258921950736,5.69214056934401
393.9256559086688,10947650932.664288,12762845027.076904,3.841722324344929,4.478705702643685,5.490738350488645,5.675139672050891
396.7575109243476,11263270815.982203,12656332927.712662,3.95247886556162,4.441328742740848,5.468073192549848,5.657854760558825
399.6097235956138,11658276317.068441,12547352761.393768,4.091093209505883,4.403085694946098,5.447504666142688,5.640277877117362
402.48244026969815,12205259978.697233,12435750714.264225,4.283039349993563,4.363922583285228,5.429581019910244,5.6224004702207875
405.3758083458938,13191472053.480936,12321338316.642382,4.629118428285204,4.323773270448242,5.415742694667332,5.604213255442109
408.2899762831188,10210764840.488153,12203878094.719755,3.5831360971968005,4.282554422719339,5.397088019385946,5.5857060169369515
411.2250936075334,10508340680.331987,12083062910.379402,3.687560667741226,4.240158259957578,5.372031611015308,5.566867324342615
414.18131092021247,10872862589.22987,11958468558.7926,3.8154777856452595,4.196435921263882,5.348984624193173,5.547684083598838
417.15877990487274,11354788194.603422,11830888191.383986,3.984593915509518,4.15166573735535,5.328379015735761,5.528144318569715
420.1576533356557,12113099363.584301,11699458279.562368,4.250698577102429,4.105544680935357,5.3111642735197355,5.508236033017494
423.1780850849665,14529967805.150127,11559336133.849041,5.098820014667166,4.0563733675062945,5.302133622176584,5.487933124571344
426.22023013136896,9784604349.612427,11412279044.880575,3.433588922042885,4.004768461109645,5.287356100056761,5.467202220802414
429.28424456753794,10137805594.815708,11266199198.73736,3.5575334209157266,3.953506486324641,5.261872681000234,5.446034611426712
432.37028560826803,10597579273.723913,11146625416.78574,3.7188760520675572,3.9115459533888237,5.238781660752214,5.424505327369079
435.4785115985405,11290528820.911074,11034569550.41068,3.962044176576415,3.872223588611697,5.218898062625357,5.402704258170873
438.6090820216479,13016561417.739372,10860670103.230713,4.567739224817105,3.8111992289082646,5.205343659042154,5.380499067337435
441.7621575073773,9076220496.26617,10696777615.859564,3.185004629362711,3.753686486549303,5.1864050811024365,5.357766774955951
444.93789984025193,9431230878.301609,10604521125.042871,3.309583986014508,3.7213120691956476,5.158826250643586,5.3347191884880125
448.1364719678326,9895036427.304096,10551709741.108973,3.472341470950528,3.702779630238075,5.133684221689854,5.311637733795444
451.3580380090786,10597113216.398363,10486239892.07017,3.718712504394819,3.679805114319467,5.111811675685842,5.288589279213666
454.6027632627684,12368992550.907349,10333650548.753448,4.3404959753235905,3.6262588430433222,5.096434143741956,5.265323670567503
457.8708142159812,8374057878.296226,10181343267.208956,2.938603477063719,3.57281155217986,5.0756756416987985,5.241628054810247
461.1623585526398,8743465675.503498,10075273347.075712,3.0682351386911404,3.5355897607084543,5.046203071157196,5.217625059244925
464.4775651621137,9236822051.101685,9962556584.521204,3.241362525895127,3.496035475894575,5.01930405732315,5.193417390737713
467.81660414788564,10021962693.255943,9829796926.566216,3.516882119209422,3.4494477882824017,4.995981052444853,5.168941230349295
471.17964683627906,12646377315.289032,9657111048.317972,4.43783514409255,3.3888492911576917,4.981515577198219,5.144050552455302
474.56686578524915,7671183722.430406,9484456604.50938,2.6919526336633193,3.328261824928039,4.961321012040955,5.118652043577679
477.9784347932366,8071191270.720813,9328909564.699577,2.8323222835202273,3.2736776461851695,4.930043296216458,5.092795853737898
481.41452890808546,8631768109.425343,9160257578.156107,3.029038507759375,3.214494712263153,4.901609274103992,5.06649821202442
484.8753244360247,9647212202.215284,8974220444.422058,3.38537561280497,3.149211025907134,4.877517093133971,5.039689264258685
488.36099895071436,6616229291.341898,8785389755.053253,2.3217506593761286,3.0829470319844634,4.848701183353993,5.0123260530429645
491.8717313023573,6959686316.738507,8597875110.347893,2.4422757409698788,3.0171448611683656,4.813617966337199,4.984412811506942
495.4077016268755,7416794919.519945,8403052199.772008,2.602683150263134,2.9487780919448348,4.781032789091299,4.95594233123137
498.96909135515324,8123970859.180872,8199247146.278498,2.8508435648895265,2.877259331560886,4.7518190842575265,4.926881866923768
502.55608322234616,9987779489.409481,7984426765.819581,3.504886634685636,2.801875100148198,4.729447747765387,4.897189884013593
506.16886127725735,5843680926.788011,7763284641.876485,2.050649916669077,2.724272458300127,4.7016499240594385,4.866832138495801
509.80761089178105,6237021739.108242,7537067541.4944,2.1886800921890095,2.6448889183944635,4.664927163831224,4.835789668176649
513.472518770414,6810293425.183704,7301411455.522994,2.389851160563125,2.562193073238961,4.631140765509825,4.804035950623481
517.1637729598355,7943460913.106107,7055219096.280559,2.787499465423162,2.475799865380749,4.602098768777835,4.771531239917644
520.8815628585555,4677280394.9133005,6799867505.360225,1.6413395550223568,2.3861925228166307,4.568107110710876,4.738237075796464
524.6260792266336,5020929909.346305,6535056982.763341,1.7619321843880316,2.293265875571557,4.527337359368592,4.704118218827865
528.3975141954656,5513444163.133009,6258661111.188606,1.9347640563090696,2.196273726596725,4.489235691560494,4.669133859556453
532.1960612776436,6404898752.002901,5969339764.743128,2.247591074293624,2.094745802260666,4.455133567187934,4.63323512446239
536.0219153768832,18174155333.47248,5665364627.664373,6.377629201018181,1.988075606312332,4.4532115071673415,4.596366173722288
539.8752727980255,3697457688.205162,5345931914.830593,1.2975026178188203,1.8759810764841924,4.444325134357186,4.558465650595724
543.756331257109,4122869049.918648,5009368514.083132,1.4467869104380167,1.7578750884360055,4.400630097422979,4.519466881637162
547.6652898915138,4891226025.882502,4652474255.041037,1.7164168215287356,1.632634646369875,4.360538973968006,4.479291965702608
551.6023492701808,9172432533.047316,4271993255.993355,3.21876711702753,1.4991172044071168,4.333651873622101,4.43784799663346
555.5677114039012,2146829240.2640042,3864448701.757922,0.7533599554467637,1.3561026872470934,4.300196866958531,4.395026584779977
559.5615797556832,2480125865.000445,3425019232.037668,0.8703195746156939,1.2018991951753462,4.250581289055743,4.350700160178212
563.5841592511906,3138786161.8693547,2930962975.336933,1.1014550010377289,1.0285262074427544,4.204150013996921,4.304674016758153
567.6356562892583,7553337660.09244,2360053571.601534,2.650598387779474,0.8281841052877885,4.171074136990209,4.256643993839182
571.7162787524823,0.0,1726512416.1070693,0.0,0.6058634252236826,4.130528183210236,4.206290604666828
575.8262360178859,0.0,990457442.5139018,0.0,0.34756885213303174,4.0717753541625585,4.1532343810759915
579.9657389676634,0.0,0.0,0.0,0.0,4.013858228145582,4.096621642674581
584.1350000000001,0.0,0.0,0.0,0.0,3.95676491807971,4.038351101869796
