R_kpc,Sigma_bar,Sigma_eff,kappa_bar,kappa_eff,kappa_bar_mean,kappa_eff_mean
1.0,39625486921.47069,39610566214.55195,18.487604408033263,18.480643026648888,0.0,0.0
1.0120606264911474,39625531510.19401,39610609644.76974,18.487625211277383,18.480663289382502,0.4380046865531794,0.43783975252707785
1.0242667116936537,39625580610.813156,39610654137.37256,18.487648119584474,18.480684047780795,0.8656327760669257,0.8653067836123081
1.0366200099307066,39625619176.34126,39610699718.45352,18.487666112656175,18.480705314017726,1.2831300749102639,1.2826468534806235
1.0491222966837304,39625666283.925674,39610746414.899185,18.487688091096135,18.480727100637445,1.6907365892637605,1.6900999001501864
1.0617753688475675,39625714621.109604,39610794254.2151,18.4877106432161,18.480749420472897,2.0886867032788468,2.0879001773786836
1.0745810449887383,39625764316.81134,39610843264.647156,18.48773382916398,18.48077228670244,2.4772092086714275,2.47627638934116
1.0875411656068144,39625814844.46308,39610893475.16119,18.487757403265135,18.480795712840326,2.856527474452703,2.8554518221176237
1.1006575933989453,39625865843.24486,39610944915.329575,18.487781197175977,18.480819712683804,3.226859572723275,3.2256444720647472
1.113932213527575,39625920606.20778,39610997615.44582,18.487806747297206,18.48084430036656,3.5884184253922626,3.5870671711462117
1.127366933891388,39625973255.2474,39611051606.62238,18.48783131114973,18.48086949040437,3.9414118952767647,3.9399277092949565
1.1409636853995222,39626027282.43896,39611106920.7629,18.487856517990643,18.480895297682146,4.28604290767501,4.2844289538768034
1.1547244222490889,39626084649.88922,39611163590.60799,18.48788328325736,18.4809217374753,4.622509610315191,4.620768966323862
1.1686511222060412,39626144358.48786,39611221649.68868,18.48791114080656,18.48094882542802,4.951005461675357,4.949141116004719
1.1827457868894284,39626200933.043915,39611281132.3233,18.487937536141814,18.480976577551804,5.271719300925481,5.269734191396528
1.19701044205908,39626262394.61887,39611342073.77032,18.487966211556866,18.481005010296787,5.584835507815237,5.58273250862408
1.2114471379067577,39626325515.32093,39611404510.226974,18.48799566105163,18.4810341405511,5.890534119926261,5.8883160174282345
1.2260579493508208,39626390953.60426,39611468478.78064,18.48802619183344,18.481063985618167,6.188990895355606,6.186660404623455
1.2408449763344431,39626455118.3587,39611534017.412865,18.48805612843963,18.481094563218598,6.48037741182743,6.477937195104028
1.2558103441274293,39626524037.568794,39611601165.01915,18.48808828327712,18.48112589149942,6.7648611958693,6.762313850457415
1.2709562036316695,39626590396.16889,39611669961.5297,18.48811924344046,18.481157989090402,7.042605797450021,7.0399538652420315
1.2862847316902777,39626661616.37685,39611740447.93447,18.488152471827867,18.481190875115757,7.313770892827331,7.31101686098482
1.3017981314004599,39626735561.947235,39611812666.25986,18.48818697175605,18.481224569183247,7.578512404140498,7.575658677951912
1.3174986324301545,39626807994.480606,39611886659.56561,18.48822076576408,18.48125909138277,7.83698252415318,7.8340314647448865
1.3333884913384921,39626885641.40006,39611962471.972176,18.48825699258782,18.481294462299083,8.089329854029696,8.086283765774485
1.34946999190012,39626960691.85407,39612040148.74769,18.48829200800876,18.481330703052418,8.335699467837262,8.332560606662561
1.3657454454334392,39627041074.41095,39612119736.36196,18.488329511167166,18.48136783532366,8.576233003750822,8.573003577621469
1.3822171911327976,39627124745.246574,39612201282.47582,18.488368548499693,18.481405881349367,8.811068776476874,8.807750914858284
1.3988875964046932,39627206134.83496,39612284835.94925,18.488406521497122,18.481444863925574,9.040341781604683,9.036937580050406
1.415759057208029,39627293127.89099,39612370446.86311,18.488447108839537,18.48148480641793,9.264183829677682,9.260695337938396
1.4328339983984741,39627378428.231606,39612458166.55396,18.488486906431334,18.48152573277794,9.482723611161397,9.479152832080832
1.4501148740769754,39627468998.273766,39612548047.74503,18.48852916264673,18.481567667604068,9.696086766241589,9.692435658815299
1.467604167942475,39627562086.29485,39612640144.571785,18.488572593646392,18.48161063615367,9.904395981412994,9.900666439467972
1.4853043936488803,39627656374.9362,39612734512.51068,18.488616584805538,18.48165466430975,10.10777101406622,10.103964890852192
1.5032180951663396,39627755929.476234,39612831208.40028,18.488663032814035,18.48169977859083,10.306328799690464,10.3024478940965
1.5213478471468749,39627851661.58541,39612930290.59404,18.488707697435242,18.481746006222195,10.500183475166708,10.496229561842984
1.5396962552944244,39627954624.783104,39613031819.01036,18.488755735781655,18.481793375159285,10.689446484797433,10.685421303854728
1.5582659567393489,39628058569.27669,39613135855.07722,18.488804231959925,18.481841914061835,10.874226658546135,10.870131891068821
1.5770596204174525,39628164557.97738,39613242461.80724,18.488853681880226,18.481891652328923,11.054630219575074,11.050467518131974
1.5960799474535783,39628273473.048805,39613351703.86408,18.48890449712342,18.481942620129914,11.230760885173723,11.226531864455355
1.615329671549826,39628385738.02868,39613463647.59897,18.488956875294594,18.481994848421532,11.402719922584495,11.398426153823438
1.6348115593784562,39628500453.72279,39613578361.09885,18.48901039686712,18.48204836897032,11.570606197174897,11.566249212591156
1.65452841097953,39628618999.733,39613695914.21007,18.489065705505855,18.48210321436368,11.734516234745525,11.730097526502588
1.6744830601633456,39628745472.14637,39613816378.58429,18.489124712274695,18.48215941803129,11.894544304581043,11.89006529616393
1.6946783749177292,39628861434.63432,39613939827.8253,18.48917881554938,18.482217014313623,12.050782362555891,12.04624449120328
1.7151172578202367,39628989459.09052,39614066337.51097,18.489238546436862,18.482276038472165,12.203320210160244,12.198724903148188
1.7358026464553273,39629118705.26616,39614195985.13955,18.48929884732783,18.482336526664383,12.352245585057823,12.34759419705029
1.7567375138365704,39629251834.39522,39614328850.23065,18.4893609598434,18.48239851599082,12.497644101493554,12.492937961887124
1.7779248688339402,39629387660.62478,39614465014.434685,18.489424330713902,18.482462044546157,12.639599353384346,12.63483975977097
1.7993677566062685,39629526965.02088,39614604561.581566,18.489489324352277,18.48252715144195,12.778192951985584,12.77338117399276
1.8210692590389104,39629669769.66889,39614747577.73075,18.489555951062638,18.482593876829966,12.91350457944965,12.908641855928257
1.8430324951866892,39629816847.99441,39614894151.23555,18.489624571693206,18.48266226193218,13.045612034537648,13.040699570833594
1.8652606217221832,39629967296.389404,39615044372.797554,18.489694764658054,18.482732349066186,13.174591272043719,13.16963024255646
1.88775683338942,39630122561.024536,39615198335.53734,18.48976720468027,18.48280418167817,13.300516450333477,13.295507997188754
1.9105243634630407,39630278519.04608,39615356135.08029,18.48983996820775,18.482877804382962,13.423459955850124,13.418405205685803
1.9335664842130058,39630439860.82207,39615517869.63602,18.489915243571176,18.48295326300108,13.543492463500964,13.538392525476855
1.9568865073748998,39630607691.16384,39615683640.068306,18.489993546229577,18.483030604591374,13.660683005688286,13.655538941090517
1.9804877846259143,39630776005.83589,39615853549.96251,18.490072074856343,18.483109877482462,13.775098951999542,13.769911803818475
2.0043737080665673,39630952979.26084,39616027705.709946,18.49015464329715,18.48319113131211,13.886806088379988,13.881576870440364
2.0285477107082346,39631129077.51206,39616206216.574684,18.490236803418284,18.483274417058386,13.995868634087733,13.990598341031994
2.0530132669665586,39631310659.71762,39616389194.79469,18.490321522124468,18.48335978708686,14.102349269891748,14.097038895878766
2.0777738931608125,39631499638.47295,39616576755.722694,18.4904096917532,18.48344729521632,14.20630923711026,14.200959731515878
2.102833148019282,39631691289.74232,39616769017.8785,18.49049910826584,18.483536996743172,14.307808310386921,14.302420595915752
2.1281946331907466,39631892247.059494,39616966103.01659,18.49059286659341,18.483628948472997,14.406904859126778,14.401479822842463
2.153861993762124,39632091571.548065,39617168136.2529,18.49068586311105,18.483723208779693,14.503655845482252,14.498194365393307
2.1798389187823672,39632305787.389046,39617375246.123726,18.490785807314484,18.483819837632947,14.598116913849124,14.592619828746782
2.206129141792668,39632508547.855156,39617587564.7252,18.490880406916364,18.48391889666332,14.69034233460031,14.684810502135756
2.232736441363065,39632727402.42487,39617805227.93985,18.490982515357725,18.484020449267952,14.780385100779323,14.77481939006519
2.2596646416355184,39632952654.174255,39618028375.47895,18.4910876084571,18.48412456063031,14.86829704736326,14.862698242791732
2.2869176128735367,39633182350.29024,39618257150.8635,18.491194775113115,18.48423129771133,14.954128717136577,14.948497586081322
2.314499272018431,39633414787.61272,39618491701.58503,18.491303220702093,18.484340729324416,15.037929435237132,15.03226675026257
2.3424135832522777,39633652118.13849,39618732179.3199,18.491413949256245,18.484452926235463,15.119747360810342,15.114053898593884
2.3706645585676736,39633899645.79426,39618978740.158676,18.491529435367216,18.48456796126983,15.199629553337088,15.193906054960985
2.399256258344359,39634153684.87834,39619231544.72238,18.491647959439867,18.484685909366608,15.277621966020728,15.271869130920138
2.4281927919327986,39634414983.272064,39619490758.22077,18.491769870404525,18.4848068476058,15.353769447261106,15.347987952101612
2.4574783182447963,39634681829.32024,39619756550.48266,18.491894369674053,18.48493085522247,15.428115777511124,15.42230628398811
2.4871170463512398,39634952838.69346,39620029096.161415,18.492020811377923,18.485058013702613,15.500703682886353,15.494866857083759
2.5171132360870474,39635231260.98266,39620308575.04467,18.49215071164013,18.48518840692767,15.571574887706657,15.565711391489655
2.547471198663417,39635519006.95907,39620595172.17443,18.492284961947068,18.485322121230535,15.64077015624403,15.634880620899551
2.578195297287452,39635815079.310135,39620889077.98493,18.492423096994177,18.48545924545991,15.708329291944061,15.702414316028436
2.6092899477892684,39636117998.366684,39621190488.492096,18.492564426429354,18.485599871068676,15.774291141531705,15.768351307487903
2.6407596192566607,39636423375.02881,39621499605.51107,18.492706902481093,18.48574409221538,15.83869359885156,15.83272950812178
2.6726088346774195,39636741130.71492,39621816636.833725,18.492855154070654,18.485892005847074,15.90157369102534,15.895585934814777
2.7048421715894047,39637064538.70736,39622141796.44002,18.4930060427913,18.486043711797908,15.962967585040921,15.956956729786608
2.7374642627384485,39637399832.088394,39622475304.73242,18.493162476740025,18.486199312898506,16.02291058872662,16.01687718138407
2.770479796744201,39637741013.59155,39622817388.72932,18.493321657841676,18.48635891506621,16.081437174303232,16.075381744382895
2.803893518774003,39638091361.54256,39623168282.32761,18.49348511562672,18.486522627427583,16.138580982563187,16.132504059811108
2.837710231224885,39638453778.97059,39623528226.56469,18.493654204527843,18.486690562440653,16.194374891439015,16.188276974305687
2.8719347944137956,39638823772.899345,39623897469.8372,18.493826828309142,18.486862835996963,16.248850990893846,16.242732559013238
2.9065721272761507,39639201031.84764,39624276268.17201,18.49400284164645,18.487039567548006,16.302040584207372,16.29590212804559
2.941627208072808,39639589954.02555,39624664885.48922,18.494184296561688,18.48722088022792,16.353974255771146,16.347816256501126
2.977105075105571,39639985174.20882,39625063593.98345,18.49436868986433,18.487406901031402,16.40468185970978,16.398504798062703
3.013010827441318,39640396328.58952,39625472674.47748,18.494560517400892,18.48759776097868,16.454192566952017,16.44799690218269
3.0493496256448713,39640815383.44215,39625892416.63527,18.494756030969114,18.48779359521491,16.50253486558624,16.496321030864046
3.086126692520694,39641247907.74064,39626323119.25537,18.494957828820663,18.487994543147078,16.54973655559544,16.5435049750465
3.123347313863546,39641688776.13066,39626765090.67247,18.495163519678343,18.48820074863132,16.595824780428792,16.589575870608556
3.161016839218183,39642143258.57272,39627218649.18548,18.495375562286572,18.488412360172674,16.640826041602153,16.634560213994753
3.1991406826482205,39642607441.47215,39627684123.46263,18.495592130724827,18.488629531114075,16.68476621995515,16.67848387747746
3.237724323514275,39643086306.13349,39628161852.92171,18.49581554906266,18.488852419813735,16.72767058935972,16.721372124061343
3.2767733072614837,39643578139.77419,39628652188.135864,18.49604501818696,18.489081189834522,16.769563842747242,16.76324962203907
3.3162932462165258,39644080400.69566,39629155491.32691,18.49627935224686,18.489316010174065,16.81047006448819,16.80414045920717
3.356289820394258,39644595674.61192,39629672136.85302,18.49651975762899,18.489557055492316,16.850412768764365,16.844068156750495
3.396768778314074,39645126954.44373,39630202511.69707,18.49676763070573,18.489804506339397,16.889414943509966,16.883055682803125
3.4377359378261105,39645672504.60487,39630747016.00721,18.497022161724715,18.4900585494078,16.92749903882631,16.921125465693688
3.4791971869474256,39646229194.30586,39631306063.69694,18.497281889989765,18.490319377812337,16.964686945989914,16.958299406883185
3.521158484708249,39646804211.04529,39631880083.030785,18.49755016888884,18.490587191363446,17.001000060396212,16.99459889360281
3.56362586200845,39647391710.22447,39632469517.22214,18.49782427157523,18.49086219684605,17.03645927753565,17.030044811198977
3.606605422484327,39648001387.57131,39633074825.15386,18.498108721672395,18.491144608355818,17.071085019646347,17.064657555193072
3.6501033433858567,39648620922.13049,39633696482.07688,18.498397770734933,18.491434647625066,17.104897209888566,17.09845704306339
3.6941258764645224,39649260374.00844,39634334980.32778,18.49869611239016,18.49173254435757,17.137915287653435,17.131462725755757
3.7386793488718437,39649918939.88577,39634990830.13376,18.499003371842665,18.492038536604127,17.170158282578644,17.16369359892983
3.7837701640687524,39650591851.43653,39635664560.477844,18.499317324389843,18.49235287116622,17.201644742530966,17.195168213948225
3.8294048027459335,39651280882.07729,39636356720.008095,18.499638797434113,18.492675804020216,17.232392759609464,17.22590468861507
3.875589823755259,39651993797.14111,39637067877.973656,18.499971413956974,18.493007600754094,17.26242005019629,17.25592071767039
3.922331865052462,39652722216.2312,39637798625.24981,18.500311264013767,18.49334853704569,17.29174390700655,17.285233583046605
3.9696376446511854,39653472210.17197,39638549575.42701,18.50066117999872,18.4936988991708,17.320381200774182,17.31386016389385
4.017513961588521,39654250175.55142,39639321365.968346,18.501024146293798,18.494058984543184,17.348348471450965,17.341816946380078
4.06596769690221,39655041534.60701,39640114659.46629,18.501393361521192,18.494429102300945,17.37566182121703,17.369120033272416
4.115005814619619,39655852638.41521,39640930144.94805,18.50177178882909,18.494809573915518,17.402336925989104,17.39578515330561
4.164635362758645,39656692538.94329,39641768539.27292,18.502163651489003,18.495200733843642,17.428389175512457,17.421827670343507
4.214863474340702,39657553267.05443,39642630588.66909,18.50256523143307,18.495602930244363,17.45383360034244,17.4472625923397
4.265697368415905,39658440553.43357,39643517070.365585,18.502979202360585,18.49601652574042,17.478684863016017,17.472104580103366
4.317144351100639,39659354493.14043,39644428794.33256,18.50340560862246,18.496441898230202,17.502957310699458,17.49636795587609
4.369211816627631,39660289431.580666,39645366605.18437,18.50384181202012,18.496879441775654,17.52666491973206,17.520066711725626
4.421907248408684,39661255341.33723,39646331384.201164,18.504292465346058,18.49732956754544,17.54982135971099,17.543214517762504
4.4752382201102385,39662249379.942986,39647324051.45881,18.504756242423323,18.4977927048087,17.572440015358385,17.565824730184875
4.529212396741896,39663264730.212616,39648345568.25263,18.505229962636722,18.49826930206586,17.5945339007697,17.587910399157984
4.583837535758073,39664318978.19888,39649396939.76647,18.50572183090718,18.498759828293895,17.616115782039024,17.60948427653511
4.639121488172954,39665403989.10479,39650479217.72321,18.506228051876693,18.499264774182976,17.637198174191933,17.630558823424945
4.695072199688863,39666514737.11148,39651593503.31612,18.506746280707176,18.49978465350408,17.65779322311755,17.651146217610616
4.75169771183828,39667663266.65591,39652740950.58786,18.50728213683206,18.500320004685534,17.677912826303142,17.67125836082774
4.8090061631396015,39668853134.914116,39653922770.00226,18.50783727988176,18.500871392479414,17.697568685309086,17.69090688590855
4.867005790266854,39670062321.181335,39655140232.34221,18.508401435911143,18.501439409780183,17.716772121573214,17.710103163798035
4.925704929233514,39671316923.31029,39656394672.95462,18.508986781093032,18.50202467960517,17.73553421243593,17.728858310448828
4.9851120165906035,39672608317.40429,39657687496.39328,18.509589291875855,18.502627857260773,17.75386586822041,17.74718319360193
5.0452355906392325,39673943103.93355,39659020181.58846,18.510212047764533,18.503249632754354,17.77177773008604,17.765088439461035
5.106084292657776,39675316458.74617,39660394287.519264,18.510852798010404,18.50389073344073,17.789280196522988,17.782584439268607
5.1676668681438365,39676733698.3898,39661811459.348145,18.51151402309351,18.504551926884297,17.806383422719875,17.799681355791492
5.229992168071196,39678255423.91279,39663273435.254906,18.51222399694298,18.505234024047464,17.823097689415732,17.81638912972456
5.293069150161929,39679709179.14012,39664782054.248505,18.512902258678974,18.505937882935342,17.839432407858503,17.832717486023554
5.356906880173848,39681261219.24564,39666339264.5749,18.513626376052045,18.50666441251847,17.85539674327612,17.848675940177657
5.4215145332034815,39682870241.47655,39667947133.07143,18.51437707891527,18.507414577097215,17.871000327467073,17.864273804431576
5.486901395004776,39684526672.69734,39669607855.822075,18.51514990084172,18.508189401273036,17.886252283905492,17.879520193970876
5.5530768633236836,39686244214.700554,39671323769.97299,18.515951234518013,18.508989975461137,17.901161543503413,17.894424033084995
5.620050449248863,39688018709.06271,39673097367.02092,18.516779139796675,18.509817462090297,17.9157368777362,17.90899406132306
5.687831778578659,39689848953.19957,39674931307.848656,18.51763305560191,18.51067310261777,17.929986820735966,17.923238839660403
5.756430593204574,39691750636.93175,39676828439.760994,18.51852030215157,18.511558225477575,17.943919785073682,17.9371667566964
5.825856752511429,39693708703.30973,39678791815.85346,18.51943385449914,18.51247425511713,17.95754398649059,17.950786034906635
5.896120234794399,39695742005.93167,39680824717.0912,18.520382508949513,18.513422722298326,17.97086746818906,17.964104736976175
5.967231138693149,39697846464.02486,39682930677.60947,18.521364361583835,18.514405275901712,17.983898163700285,17.977130772244745
6.039199684643272,39700031413.473816,39685113513.89293,18.5223837681376,18.51542369654033,17.996643848084375,17.989871903300454
6.11203621634521,39702295362.336395,39687377358.540054,18.523440032532644,18.516479912312775,18.009112155189527,18.002335752765244
6.1857512022509145,39704640225.07167,39689726699.533455,18.52453404797596,18.517576017125105,18.02131054045243,18.01452981032354
6.2603552370684294,39707083113.9451,39692166426.165085,18.525673798339007,18.51871429211763,18.033246388337563,18.02646144005539
6.335859043284609,39709612852.97834,39694701883.10761,18.52685406937504,18.51989723089236,18.04492694022976,18.038137888148746
6.412273472706223,39712247696.09034,39697338934.464294,18.528083377603565,18.52112756939603,18.05635930604582,18.04956629108233
6.489609508019627,39714996409.2317,39700084040.129295,18.529365812852607,18.522408321546617,18.06755057627505,18.060753684390907
6.567878264369249,39717852605.08584,39702944347.5298,18.530698395065865,18.523742822036432,18.07850768606459,18.071707012152604
6.647090990955133,39720835637.29847,39705927802.84182,18.532090153849623,18.52513477822077,18.089237478770638,18.082433137373723
6.727259072649714,39723946631.44021,39709043286.97891,18.53354161434832,18.526588333564586,18.099746748198733,18.09293885349459
6.808394031634124,39727208934.32136,39712300783.41348,18.53506366921279,18.528108145940955,18.110042263187168,18.103230897303074
6.89050752905422,39730614716.223114,39715711587.61527,18.536652665421833,18.52969948534635,18.120130716935396,18.113315963628402
6.973611366696582,39734190786.00538,39719288571.624825,18.53832111087466,18.531368357339606,18.130018750110466,18.123200722308606
7.057717488684729,39737942065.820435,39723046522.69799,18.540071302042833,18.533121661039395,18.139713020696107,18.13289183809222
7.142837983195795,39741896956.29783,39727002583.2314,18.541916489479092,18.534967394375137,18.1492202138827,18.142395994374837
7.228985084197899,39746061386.90204,39731176832.14155,18.54385943962499,18.5369149253343,18.158547045467706,18.15171992202256
7.3161711732084855,39750477969.074165,39735593067.84683,18.545920033206986,18.538975357269276,18.167700341630514,18.160870435059792
7.404408781073854,39755161381.03793,39740279886.14315,18.548105118473888,18.5411620317893,18.176687082529348,18.169854475805874
7.493710589770156,39760144778.03623,39745272202.93876,18.550430164283302,18.543491239205213,18.185514347928212,18.178679173330163
7.58408943422613,39765476731.22835,39750613470.740364,18.55291783191836,18.54598325264972,18.194189502055167,18.18735192121113
7.67555830416779,39771213079.46797,39756359022.87463,18.55559417346619,18.548663888352056,18.20272031196077,18.195880484223455
7.768130345985381,39777414514.00687,39762581345.282555,18.55848750494107,18.551566965238024,18.21111500487983,18.204273150180452
7.861818864622859,39784191378.01094,39769378852.90524,18.5616493078757,18.55473839962665,18.21938256004747,18.2125389559366
7.956637325490131,39791674276.5794,39776891563.9946,18.565140517178268,18.558243518211743,18.227533076309268,18.220688043398454
8.052599356398389,39800062860.10517,39785331865.35909,18.569054281419845,18.562181411846225,18.235578240795153,18.228732264263062
8.149718749518765,39809689660.85419,39795053631.51601,18.573545746327657,18.566717183664316,18.24353240941639,18.23668632374108
8.24800946336461,39821168453.006836,39806744628.29961,18.578901273411038,18.572171716604167,18.25141483733248,18.24457034665169
8.3474856247977,39835956831.546234,39818455299.18776,18.585800915876366,18.577635428663072,18.25925579951548,18.252396919983102
8.448161531058608,39860722529.756424,39824689221.09176,18.5973555608024,18.58054391739155,18.26712993335394,18.260137062557813
8.550051651821585,39865901785.02644,39825406684.63071,18.599771985936812,18.58087865604376,18.274982365825288,18.267732063479567
8.653170631274223,39855759950.75486,39824878696.66748,18.595040227804564,18.58063231881602,18.282620825359402,18.275148131169445
8.757533290222188,39875805897.03685,39824361610.66528,18.604392832747454,18.58039106798994,18.290134054259244,18.28238272338635
8.863154628219347,39878686478.3201,39823858644.707924,18.605736792187887,18.580156404989612,18.297595423032593,18.289440278007323
8.970049825723585,39866610635.80052,39823338938.57854,18.600102706231088,18.579913931721144,18.304828702751994,18.29632497386661
9.078234246278617,39872023243.11687,39822812269.009544,18.602628003726583,18.579668209601323,18.31185436611418,18.30304077561639
9.187723438722127,39872182894.97994,39822286178.50605,18.602702490646916,18.579422757649382,18.318744201686478,18.30959164962511
9.298533139420517,39858614241.7628,39821750930.83354,18.5963719212958,18.579173033343174,18.32539624102795,18.315981455594123
9.410679274530622,39859357166.37548,39821203268.744156,18.596718539026234,18.578917516986294,18.33182027051117,18.322213890183797
9.524177962288718,39878412186.08538,39820650005.89159,18.605608818837357,18.57865938754621,18.33820212920913,18.32829258246317
9.639045515327101,39854682801.833115,39820093260.57919,18.59453767490993,18.57839963333519,18.34440553857854,18.33422112473176
9.755298443018628,39866800874.12139,39819529671.345985,18.60019146352072,18.578136686035318,18.3503989922299,18.340003017128833
9.872953453849549,39857779555.92093,39818959257.69506,18.595982491591624,18.577870554745925,18.35626686506562,18.345641658510786
9.992027457820912,39868815473.81012,39818380803.11537,18.601131391960198,18.577600671893546,18.362007516252312,18.351140360552435
10.112537568878977,39865205263.65068,39817793277.11285,18.59944701802708,18.577326556692498,18.367652716348264,18.356502344056505
10.234501107374921,39885125601.32629,39817198228.28662,18.60874101921755,18.57704893165474,18.373255093928204,18.361730756468052
10.357935602554209,39878536259.60843,39816597299.66082,18.60566670638373,18.576768563347006,18.378797540702767,18.366828688306107
10.48285879507597,39868803557.58152,39815989318.49172,18.60112583234346,18.576484904615846,18.38411836415443,18.371799159375662
10.60928863956282,39871744232.85919,39815374025.47951,18.602497829142738,18.57619783448274,18.389276009439026,18.37664511005274
10.737243307181362,39867408035.48091,39814749797.6527,18.60047473976282,18.575906595736697,18.39430350702868,18.381369400602484
10.866741188253847,39878577869.35098,39814117135.18236,18.6056861197593,18.57561142173672,18.399250176050238,18.385974817390093
10.997800894901342,39852170421.274025,39813477603.76436,18.5933655026161,18.57531304297141,18.40399418947089,18.3904640922197
11.130441263718758,39874600203.7813,39812830616.70984,18.603830306412064,18.575011185716136,18.408605442860242,18.394839897513595
11.264681358482123,39862008556.84738,39812173467.80432,18.59795556756478,18.574704587363755,18.413160660620484,18.399104824110154
11.400540472888565,39859382929.817825,39811507693.1149,18.596730559177082,18.5743939645793,18.41752418441902,18.40326139513953
11.538038133329287,39892429886.232635,39810836324.25384,18.612148894812865,18.57408073178699,18.421953642973687,18.407312099248596
11.677194101695985,39857550744.48654,39810157247.475136,18.59587573769125,18.57376390280083,18.426265783306974,18.411259371026144
11.818028378221166,39860647089.58217,39809466780.829605,18.597320363554203,18.573441759776447,18.43030136216802,18.415105555297593
11.960561204352672,39850004103.939575,39808766366.908165,18.592354789032164,18.573114975766774,18.434199166990464,18.418852929128523
12.104813065662881,39832978422.604904,39808058843.68969,18.584411314118746,18.572784874854737,18.43785149514729,18.42250373934084
12.250804694792999,39861944589.49135,39807342901.62607,18.59792572305648,18.572450846059645,18.441484809456266,18.426060187835148
12.39855707443289,39844828544.82382,39806615876.474556,18.58994008836963,18.572111646356625,18.445096010687177,18.42952440233787
12.548091440336803,39854805514.2425,39805878886.33327,18.594594927417265,18.57176779740376,18.448583097395062,18.432898451745825
12.699429284375467,39888985532.30334,39805133939.341705,18.610541902499754,18.571420236115433,18.45223241751541,18.43618437324756
12.852592357625056,39872721175.45537,39804379489.11463,18.602953629932852,18.5710682410126,18.45589262387201,18.439384158201246
13.007602673493352,39877776429.32037,39803615395.3515,18.605312201168168,18.57071174663686,18.459404869184525,18.44249974151082
13.164482510883603,39869639734.418335,39802841708.380035,18.60151595768387,18.570350776469038,18.46281643557434,18.445533011747923
13.32325441739661,39866483184.88,39802057981.31246,18.6000432429315,18.56998512200988,18.466084925309588,18.44848581053238
13.483941212571365,39868890369.46178,39801264092.375275,18.601166335156794,18.569614726444932,18.46927202139972,18.451359932720646
13.646565991164776,39852539598.05329,39800460193.90177,18.593537745149426,18.569239660846577,18.472305924611547,18.454157130823777
13.811152126471006,39854347468.80974,39799646360.170006,18.59438122246574,18.56885995986986,18.475188175063867,18.45687911708257
13.977723273680795,39855076061.73188,39798821827.09939,18.59472115362534,18.568475267026564,18.478016122621685,18.45952755933158
14.146303373281274,39862509802.501465,39797986246.48312,18.598189427943137,18.56808541985787,18.48082240477415,18.462104079757783
14.316916654496875,39870816926.83703,39797140411.1071,18.602065186713965,18.567690788244704,18.483649226657857,18.46461026461053
14.489587638771654,39859029618.884964,39796283758.55615,18.59656571898792,18.567291109787543,18.486389176086004,18.46704766378641
14.664341143293623,39859953578.57678,39795416037.683014,18.596996800158106,18.566886267311514,18.489004592739615,18.469417785976095
14.84120228456165,39848628004.95426,39794537820.593056,18.59171275846943,18.56647652773719,18.491500152021523,18.471722105927803
15.020196481995317,39849150524.889275,39793646866.15059,18.591956544542594,18.566060845443857,18.49387727320932,18.473962054132762
15.201349461588306,39859244410.81706,39792743897.86722,18.59666593197151,18.565639557991947,18.496257068000016,18.476139018901886
15.384687259605924,39872027482.9499,39791830411.50403,18.602629981856364,18.565213363241373,18.49870700669849,18.478254367945603
15.570236226327143,39851754284.9012,39790905060.51225,18.593171350689186,18.564781632948485,18.50105641041444,18.48030943730131
15.758023029831811,39860964959.4012,39789967827.0789,18.597468668393436,18.564344358802476,18.503289988932856,18.48230552385677
15.948074659833509,39835271982.78794,39789018189.308495,18.585481393924553,18.563901297308618,18.50537839925043,18.484243890774586
16.14041843155869,39871307779.62776,39788056148.94751,18.60229419821446,18.563452449281748,18.507476539094935,18.486125768433357
16.335081989672556,39857729045.15773,39787082101.57876,18.59595892536996,18.562997999284356,18.509647442329232,18.48795236027084
16.532093312252265,39863284447.754944,39786095437.305,18.598550845205498,18.56253766276375,18.5117232035005,18.4897248399954
16.731480714808132,39846013875.97382,39785095649.999954,18.59049311459331,18.56207120358245,18.513684282562206,18.49144434734354
16.933272854353273,39848926993.96667,39784083065.472374,18.591852254309433,18.56159877374928,18.515520218003754,18.49311199408035
17.13749873352231,39851677378.85681,39783057639.92762,18.593135469526942,18.56112035283148,18.517343952516434,18.49472886717762
17.34418770473983,39855311757.726166,39782018122.18767,18.594831119575073,18.56063535708141,18.51915979610467,18.496296020657766
17.553369474439055,39866649646.23982,39780964859.61969,18.60012090687985,18.56014394856615,18.5210156230714,18.4978144786293
17.765074107331372,39852206262.609825,39779898391.470215,18.593382224692952,18.559646378875705,18.522809464622352,18.499285245844263
17.979332030727445,39867388555.2033,39778818046.501434,18.600465651075357,18.559142334838427,18.52456587211609,18.500709302480743
18.196174038910378,39856126353.31,39777723479.78263,18.595211176000277,18.558631655523985,18.526301456669277,18.502087599889293
18.415631297561585,39866593850.16515,39776614571.36029,18.60009487475164,18.55811428496706,18.52799224981445,18.50342106431939
18.637735348240156,39857880373.05295,39775491187.24722,18.596029528673036,18.5575901606548,18.529652043725235,18.504710598672077
18.862518112916142,39861425197.304955,39774353037.26446,18.59768339626076,18.557059147201766,18.531244354126663,18.505957082107585
19.090011898558522,39844486985.22858,39773200135.94783,18.589780730865932,18.55652125138977,18.532724238668678,18.507161371443946
19.320249401778593,39865860416.03998,39772032175.48848,18.599752684888017,18.555976329608,18.534194843882762,18.50832430156808
19.553263713529255,39857375657.31663,39770848690.29671,18.59579404929861,18.555424164631667,18.535700851806318,18.509446683307324
19.789088323861044,39874064791.38223,39769649658.911064,18.60358050525129,18.55486474644775,18.537217357639562,18.51052930560191
20.027757126735455,39869453601.96936,39768435047.10822,18.601429116023326,18.55429805908906,18.538763981494334,18.5115729383925
20.269304424896426,39935050348.53391,39767204380.52178,18.632033830189812,18.553723881235967,18.540613344048,18.512578330553023
20.513764934800466,39848784331.24461,39765957310.38023,18.591785693815822,18.553142050166187,18.54229962593001,18.51354620867009
20.76117379160629,39844580542.95644,39764693885.83673,18.58982438101124,18.55255258881254,18.543448666680437,18.51447728047342
21.011566554224647,39855546624.92234,39763413796.541016,18.59494069884207,18.5519553523785,18.544608361013033,18.51537223546986
21.264979210429043,39866389304.59516,39762116734.01585,18.59999944229452,18.55135019694141,18.545861108729923,18.516231743410515
21.52144818202804,39858088603.0234,39760802630.30561,18.596126680118196,18.550737090796012,18.54709759142787,18.517056456106406
21.78101033010006,39879882959.694855,39759471144.41481,18.60629502064277,18.550115874847982,18.5483803534035,18.517847007656737
22.043702960291224,39855361990.2489,39758121981.67809,18.594854555981307,18.549486411618727,18.549616120642504,18.51860401362613
22.309563828177094,39856051091.94504,39756754939.19717,18.595176062177064,18.548848606444334,18.550691731503697,18.519328072248484
22.578631144689147,39876433741.122574,39755369798.55856,18.60468575868953,18.548202357422163,18.551858971031812,18.52001976525545
22.85094358160664,39837197822.42174,39753966129.02551,18.58637991061341,18.54754746358835,18.552892383201108,18.520679657001654
23.126540277114675,39844595280.40513,39752543705.84728,18.589831256891955,18.546883820083554,18.553726892016073,18.521308294855217
23.405460841429427,39862374569.806915,39751102444.0296,18.598126333991388,18.546211387252974,18.55468112065595,18.52190621150887
23.687745362491093,39828102619.49336,39749641982.27451,18.5821364671427,18.54552999653001,18.555519865857313,18.522473924559183
23.9734344117255,39862077609.912544,39748162045.17963,18.59798778485348,18.544839519423363,18.556339359368742,18.523011935823845
24.26256904987534,39867952764.44152,39746662370.50842,18.60072888764379,18.544139833584374,18.557358750564433,18.523520732260618
24.555190832901552,39874235222.41792,39745142601.56477,18.603660021285325,18.543430772593467,18.5584211967683,18.524000785866505
24.851341817956033,39859485839.5908,39743602473.90581,18.596778572597742,18.54271221307259,18.55941097994815,18.524452554026198
25.15106456942623,39834848505.798965,39742041710.3363,18.5852838171714,18.54198402569398,18.560159303236066,18.52487648029419
25.454402165052805,39865776942.81042,39740459997.875206,18.59971373975026,18.541246064433693,18.5609265079022,18.525272994453395
25.76139820212097,39837589471.7745,39738857214.335686,18.58656263791503,18.540498272284438,18.561688726467178,18.525642513705616
26.072096803726463,39876269718.03401,39737232981.55239,18.604609232337157,18.53974047280998,18.56249309343286,18.52598544259461
26.38654262511724,39804463946.47286,39735586524.01475,18.57110764530387,18.538972304189343,18.56309166504287,18.52630216969043
26.70478086011153,39872471324.148254,39733917784.70622,18.60283705970279,18.53819373982098,18.563659694259155,18.526593069779818
27.02685724759327,39839916571.52307,39732226870.31481,18.587648365887404,18.53740482948107,18.564406874004995,18.526858509050093
27.35281807808605,39825500511.95639,39730513122.34193,18.580922431972205,18.53660526594156,18.56487735425677,18.527098841937836
27.68271020040616,39840148566.58591,39728775881.62068,18.58775660513642,18.53579474166259,18.565338933032642,18.527314407199892
28.016581028395926,39847680501.05989,39727015103.730515,18.591270692553397,18.53497323591937,18.56591192484181,18.52750553169915
28.354478547738374,39826056467.886894,39725230680.60875,18.58118181789046,18.534140698294355,18.566392491314986,18.527672533709648
28.696451322853907,39841312586.95528,39723422084.00401,18.58829968863605,18.533296882327413,18.566827699894784,18.52781572043426
29.042548503880234,39861358783.21644,39721588893.28158,18.597652410208823,18.53244159176788,18.56744786519882,18.527935386556926
29.39281983373656,39842500932.737946,39719730775.63215,18.588854121361972,18.531574671340774,18.56805861659311,18.528031815618768
29.747315655272857,39870350075.657196,39717847527.59334,18.601847373367033,18.530696026119006,18.568706138622485,18.528105281483747
30.10608691850536,39850198319.81648,39715938822.96781,18.59244540208404,18.529805503912467,18.569379271428907,18.52815604859607
30.469185187939466,40030155437.55142,39714003650.52499,18.676405909867498,18.528902632923018,18.57092629842496,18.528184367720435
30.8366626499808,39884543969.31947,39712041745.548454,18.608469653909804,18.527987289644987,18.5726157095638,18.528190476653272
31.208572120435743,39818285345.9209,39710053292.60295,18.577556135536106,18.527059560188604,18.573096760334774,18.528174607129102
31.58496705210235,39836455722.45355,39708037801.56938,18.5860336776278,18.526119215884687,18.57330343694645,18.528136983681147
31.965901542452947,39876759727.07015,39705994648.910034,18.604837850176846,18.525165965816466,18.573829126599893,18.528077819363652
32.35143034140928,39807629198.51152,39703923197.61656,18.572584420281004,18.524199512782335,18.57417941782536,18.527997315215988
32.74160885921138,39850119005.39106,39701823229.73826,18.592408397271353,18.523219755095553,18.57437786985384,18.527895662803253
33.13649317438156,39846949438.48467,39699694450.27434,18.590929609156365,18.52222655512103,18.57478742274862,18.527773046314476
33.53614004178425,39828189394.95057,39697536381.927536,18.582176952962556,18.521219690171705,18.575065555497794,18.527629641300543
33.94060690078302,39844552135.68994,39695348555.58271,18.589811127361983,18.520198941377963,18.575325012934172,18.527465613922868
34.34995188349621,39844054841.28139,39693130435.918495,18.58957911047048,18.51916405898111,18.575665449990705,18.527281120852685
34.764233823151955,39852299224.45701,39690881588.512955,18.593425596825117,18.51811484029794,18.576040927708814,18.52707630969316
35.1835122625439,39812853146.20799,39688601669.41459,18.575021697043105,18.517051124854987,18.57623348418096,18.52685132025158
35.60784746258914,39866421944.9879,39686290068.77843,18.60001467094445,18.515972628123947,18.576502613575332,18.526606283742677
36.03730041098919,39836636871.533714,39683946249.83564,18.586118194255686,18.514879099670804,18.576894053358004,18.526341321937785
36.4719328309954,39840138912.359055,39681569817.66022,18.587752100875633,18.513770355239505,18.57713206086954,18.526056548578666
36.91180719028024,39831381344.880486,39679160194.486015,18.583666184065546,18.51264612526839,18.57733497715874,18.52575206933041
37.356986709915475,39838445446.522125,39676716776.18644,18.586962000137348,18.511506127897118,18.577524250696825,18.525427980821743
37.807535373458514,39826927397.69813,39674241032.98803,18.581588157523566,18.51035104907225,18.577683808321844,18.52508438224757
38.26351793614863,39836099898.33343,39671732322.66278,18.58586766488997,18.509180589156905,18.577827307809123,18.524721374958876
38.724999934213855,41174476584.46768,39669184226.33058,19.21029857147342,18.50799175336855,18.585459079677513,18.524339018688774
39.19204769429011,39771019213.58895,39666599077.252396,18.555503723708775,18.50678563030972,18.592459520108093,18.523937349464703
39.66472834295417,39799893917.68033,39663980230.31281,18.568975459909726,18.50556378523006,18.591744512494973,18.52351643393167
40.143109816371364,39865859455.06746,39661324327.12874,18.5997522365382,18.504324651247668,18.59157183669205,18.523076336913963
40.62726087005974,39814309672.64189,39658630921.746864,18.575701251708846,18.503068020299278,18.591479031796275,18.522617100770788
41.11725108877194,39817963303.58975,39655899611.43775,18.577405883976226,18.50179370448808,18.591125541880302,18.522138762168698
41.61315089649633,39812298375.344986,39653129733.58271,18.574762864028063,18.500501394663747,18.590769002020707,18.521641351008952
42.11503156657874,39818035538.34157,39650320682.42611,18.57743958570761,18.499190808205892,18.590421686190716,18.521124889476248
42.62296523196612,39815203907.72414,39647471878.6868,18.576118464612275,18.49786167484602,18.59009837332457,18.520589392681103
43.13702489557402,39843031256.69608,39644582585.15509,18.589101548467806,18.496513650632746,18.589921882392638,18.520034868094804
43.65728444077888,39834432231.343544,39641652114.34387,18.585089600820893,18.495146414813174,18.589854637229962,18.519461315139274
44.18381864203688,39807927243.91077,39638679884.07062,18.572723475870347,18.493759695765142,18.58959437909946,18.51886872623641
44.71670317563108,39815141083.00012,39635665265.52856,18.57608915320856,18.492353200113563,18.58923478564971,18.51825708729319
45.25601463054789,39753553420.647156,39632607831.64801,18.54735491102111,18.490926728605483,18.588580918963235,18.517626378721562
45.80183051948482,39833068466.96459,39629506655.52631,18.584453325072563,18.489479848786665,18.58804629918113,18.51697657389784
46.35422928999115,39816312631.170715,39626360815.666245,18.576635748867204,18.48801213072482,18.587868013910338,18.51630763661355
46.91329033574276,39792721486.65671,39623169916.53436,18.56562910185307,18.4865233898805,18.587470736322317,18.51561952425652
47.479094007952895,39768787559.04202,39619933374.18123,18.554462526498483,18.48501335380717,18.58682019793307,18.514912189804463
48.05172162692088,39827471053.91929,39616650285.112976,18.581841804908912,18.48348160097217,18.586379862936752,18.51418557911778
48.631255493719785,39839960297.08766,39613319691.140785,18.587668766417554,18.481927684324443,18.58634178754416,18.513439629048534
49.21777890202509,39832381757.05413,39609940864.43782,18.584132934784545,18.48035126429025,18.58633108989256,18.512674268634274
49.811376150086275,39790587810.52816,39606513245.075195,18.564633617298455,18.478752079630052,18.586046640223774,18.51188942148213
50.41213255284251,39793853176.24247,39603036156.68226,18.566157101153514,18.47712981477744,18.585557482590943,18.5110850061725
51.02013445418457,39806263946.307106,39599508717.326256,18.571947450375184,18.47548405825926,18.585166855850304,18.51026093459551
51.6354692393646,39838032636.78677,39595930116.959335,18.586769400281145,18.47381443214087,18.58503029618629,18.509417111379886
52.2582253475557,39849707588.999,39592299336.67062,18.592216447491193,18.472120461040824,18.585136410598462,18.50855343329868
52.8884922845628,39910826146.1405,39588615133.8109,18.620731824694282,18.47040156519067,18.58564396427745,18.507669787063975
53.526360635686835,39769732739.4374,39584877272.9594,18.554903508366507,18.468657634752876,18.58569078895143,18.50676605393619
54.171922078744295,39786968700.89533,39581085277.62609,18.562945091241133,18.466888447417002,18.58505721391805,18.505842114046335
54.825269397243595,39862305945.549866,39577237513.96593,18.598094316766726,18.46509324089889,18.584952208001976,18.50489783866359
55.48649649372027,39856250736.354324,39573332957.500015,18.595269207956406,18.463271537219295,18.58522990153858,18.503933087435144
56.15569840323338,39816725966.50796,39569371136.46857,18.57682859394739,18.461423116274716,18.58524799570141,18.50294771508229
56.83297130702432,39814385522.045425,39565351162.714806,18.575736639886408,18.459547563688133,18.58503551229565,18.501941572238476
57.51841254634043,39848630119.949684,39561271721.04161,18.591713745238344,18.45764426584326,18.585005602950492,18.50091450088423
58.21212063642555,39815856641.89234,39557131891.42397,18.57642300323181,18.455712793494687,18.58498231258621,18.49986633440332
58.91419528067912,39788546021.86758,39552930854.840675,18.563681003615336,18.453752764521173,18.584627682077155,18.498796900518933
59.6247373849859,39806462120.425804,39548667417.33823,18.57203991017808,18.451763621873667,18.584231030036406,18.497706019898068
60.34384907221895,39765556700.868835,39544340777.58311,18.552955142427148,18.449744991683275,18.58371476929491,18.496593506441897
61.07163369691718,39772877809.038666,39539950370.85848,18.556370867057623,18.4476966104766,18.58302672353194,18.495459170918554
61.808195860139854,39847628964.73204,39535494580.69766,18.591246647845914,18.445617724077508,18.58281080981564,18.49430281648958
62.553641424500675,39976245335.36076,39530971278.36003,18.65125369798748,18.443507339304148,18.58372576800519,18.49312423026402
63.308077529382736,39793781349.87462,39526380150.972015,18.566123589957108,18.44136531018272,18.584311138445713,18.491923190960513
64.07161260633724,39771184889.087524,39521720744.45617,18.555581021006944,18.439191424859573,18.58375460811632,18.49069947829677
64.84435639466776,39799057553.18412,39516991322.6335,18.568585247015246,18.436984873305786,18.583242095487417,18.48945286506181
65.62641995720267,39759638520.79989,39512190852.09623,18.550193965709067,18.434745173376257,18.582675681431198,18.488183114144
66.41791569625771,39791017894.12823,39507318027.245255,18.564834276421614,18.432471715932746,18.58208059858428,18.48688998111307
67.21895736979077,39797375451.98022,39502371431.472176,18.56780044854214,18.430163840044674,18.581707349923846,18.485573212280958
68.02966010775216,39731968499.686386,39497350308.95058,18.537284284489953,18.42782119307487,18.581014212426794,18.4842325479852
68.85014042863149,39791228470.05449,39492253231.525475,18.5649325223922,18.425443108705608,18.580307653482883,18.4828677226225
69.68051625620426,39804355536.77002,39487078521.272255,18.57105706584464,18.423028804087032,18.580016374687222,18.481478459707212
70.52090693648064,39785824780.6891,39481825035.39526,18.562411385641777,18.42057774603822,18.579701082908077,18.4800644737323
71.37143325485853,39788151280.36893,39476491639.40448,18.56349683364703,18.4180894052533,18.57930439421034,18.47862547336905
72.23221745348323,39775299322.01892,39471077259.02586,18.557500644317816,18.41556328052068,18.57885842881149,18.477161161985478
73.10338324881701,39849001002.95088,39465580231.49808,18.591886783823874,18.412998596065062,18.578762200896435,18.475671234830756
73.98505584942022,39899704690.541046,39459998480.26044,18.615543015987107,18.410394383049585,18.579355054738524,18.474155373693968
74.87736197394675,39873760245.53362,39454330353.7606,18.603438416822588,18.407749870928598,18.5800681629996,18.472613247312722
75.78042986935695,39775789654.37912,39448574964.60843,18.557729413007063,18.405064645682778,18.580077136459863,18.471044518265895
76.69438932934987,39669833091.990204,39442731553.501396,18.508294487102845,18.402338353053125,18.578958567764307,18.4694488480298
77.61937171301778,39749612685.89993,39436798341.18684,18.545516328059897,18.399570162914344,18.577727978215698,18.46782589203705
78.55550996372601,39745609391.04919,39430773341.293106,18.54364855715588,18.39675914850802,18.576942568527862,18.46617529306502
79.50293862822011,39844628434.25959,39424654619.65212,18.589846725101776,18.393904407431766,18.57670431280974,18.464496680687958
80.4617938759637,39754290047.515335,39418440794.2818,18.54769859048585,18.3910052949102,18.576513404924153,18.462789674946784
81.43221351870939,39806788257.20573,39412130152.62564,18.572192072037492,18.388061011935683,18.57612261679526,18.46105388777045
82.41433703030589,39742013082.384,39405720963.067604,18.541970669081902,18.385070750608172,18.57566934968177,18.459288921246127
83.40830556674398,39700519002.61769,39399212158.44458,18.522611256956186,18.38203401303374,18.57464026342092,18.45749437144197
84.41426198644395,39750747628.24529,39392601600.63861,18.546045844962705,18.378949801655455,18.57368687080302,18.45566982624557
85.4323508707883,39768667256.42301,39385887054.76642,18.55440639829913,18.37581707376972,18.573131637315374,18.453814859136262
86.46271854490156,39743449805.89522,39379066882.73386,18.542640984527406,18.372635065109925,18.572547795614067,18.45192903231304
87.50551309868081,39716594597.69237,39372139411.44562,18.530111461129156,18.369402995079373,18.57168993663805,18.45001190004571
88.56088440808018,39718514221.397896,39365102701.85583,18.531007077724365,18.36611995899989,18.570715541108083,18.448063007191852
89.62898415665175,39694903828.6806,39357954572.66951,18.519991450299,18.36278493916995,18.569643504394293,18.44608188661182
90.70996585734608,39714516804.21944,39350692932.51836,18.52914204909782,18.359396959844066,18.568576205144353,18.444068058622197
91.80398487457624,39606164511.10402,39343316688.034386,18.478589374860885,18.355955510902206,18.567039508181885,18.442021037335746
92.91119844654749,39701025315.95795,39335823467.8825,18.522847481706176,18.35245948597802,18.565471385696625,18.43994032918572
94.03176570785615,39765753855.880974,39328209972.26767,18.553047126757303,18.348907345524374,18.56482143530655,18.43782542092488
95.16584771236167,39663440799.34704,39320474972.53417,18.505312109173172,18.34529851630159,18.563973627374473,18.435675786506486
96.31360745633391,39661919644.130135,39312616868.98822,18.504602401404806,18.341632251959076,18.562575373495047,18.43349089670277
97.47520990187972,39745304624.593994,39304632682.85038,18.54350636580132,18.337907162722217,18.561665504722626,18.43127020947433
98.65082200065248,39732701435.79853,39296520137.04869,18.537626242001405,18.334122186203924,18.561165209364923,18.42901316659883
99.84061271784705,39762129612.47046,39288276637.57498,18.551356205492795,18.330276112147857,18.56077114771499,18.426719196147214
101.04475305648423,39765665684.85339,39279899702.16321,18.553005989822346,18.3263677824319,18.560567751199176,18.424387711688617
102.26341608198875,39618921393.755264,39271388048.33647,18.484541205822694,18.32239659870566,18.55957271147128,18.422018119918512
103.49677694706244,39765440584.63117,39262738716.10058,18.55290096741924,18.318361179958938,18.558609717331386,18.41960981808595
104.74501291685849,39703164623.0085,39253948663.66856,18.52384559341484,18.314260107020424,18.55812821680686,18.417162184546857
106.00830339445916,39769150424.37172,39245015165.3064,18.5546318243719,18.310092108175976,18.557682876570162,18.414674580519566
107.28682994666,39674961537.24287,39235935743.66472,18.510687206396046,18.30585602759739,18.55708690801207,18.412146353608087
108.58077633006585,39619583386.14679,39226708701.50361,18.484850063944233,18.3015510734231,18.555679717358025,18.409576843826574
109.89032851750162,39665529330.86025,39217331059.20494,18.506286531127568,18.297175855487193,18.554257092354955,18.406965380934896
111.21567472474072,39710711944.34343,39207799330.317505,18.527366859701285,18.292728747156517,18.55337179609172,18.404311274818614
112.5570054375567,39744510643.66467,39198110254.27793,18.54313592731667,18.28820822718779,18.552943611024183,18.40161381443141
113.91451343910114,39661633105.82688,39188261328.95668,18.504468714547944,18.283613128191423,18.55225045608865,18.398872273748797
115.28839383761098,39646250652.62565,39178249993.90373,18.497291901549453,18.2789422555679,18.551032895737535,18.3960859159653
116.67884409445062,39605763841.26918,39168073749.37051,18.478402438977437,18.274194443038493,18.549534571537247,18.39325399376696
118.08606405249265,39662874390.013435,39157729301.947975,18.505047846131724,18.269368154035497,18.54816685468478,18.390375745501125
119.51025596483952,39807228409.70273,39147212539.99659,18.572397428889257,18.264461470238878,18.547947886518557,18.38745038660669
120.95162452389278,39716834413.949425,39136520342.22447,18.530223349422158,18.259472935383645,18.548024555600488,18.384477111168056
122.410376890773,39854032251.09448,39125648846.22782,18.594234154987838,18.254400747432797,18.548365623609918,18.381455093741128
123.88672272509324,39607457135.77774,39114595871.558975,18.479192459781032,18.249243889080123,18.548081390701196,18.378383495096173
125.38087421509283,39691756538.41304,39103358210.999176,18.518523055537333,18.24400086397073,18.546917987449824,18.375261466075678
126.89304610813464,39691198378.52855,39091931044.99303,18.518262641345796,18.238669423500475,18.546242157359682,18.372088133224445
128.42345574156886,39582505561.38428,39080311984.57713,18.467551092757375,18.23324845307839,18.544974948031843,18.368862604021412
129.97232307397022,39625684961.43366,39068497350.10712,18.487696805244674,18.227736235935417,18.54338071278781,18.365583973508212
131.53987071675215,39638513799.46713,39056482311.74146,18.493682207595633,18.22213051866835,18.542132788800174,18.362251311098202
133.12632396616075,39618404768.16237,39044263159.800064,18.48430016980445,18.216429570494718,18.540873102994315,18.358863661092872
134.731910835656,39481198689.793846,39031837504.26564,18.420285519226606,18.210632276331843,18.538769932683348,18.355420056767827
136.3568620886835,39567184668.747986,39019201067.36098,18.460403001358547,18.204736640346766,18.536440900928923,18.351919517387966
138.00141127184006,39648052402.74076,39006348185.08111,18.49813252322904,18.198740019950296,18.535089045975273,18.348361030461394
139.66579474844085,39571263707.052475,38993275448.052795,18.462306111008356,18.192640824470665,18.533786539989755,18.344743557411867
141.35025173249107,39542470173.15831,38979979236.20608,18.448872245446033,18.18643736493376,18.53193295063865,18.34106604541157
143.05502432306622,39597825379.772385,38966454701.37647,18.47469868295667,18.180127379387642,18.530272864969717,18.33732741973311
144.78035753910876,39524235564.25339,38952697417.42356,18.440364735200482,18.173708802779245,18.528547058864735,18.333526579868057
146.5264993546428,39613350364.14935,38938702430.857185,18.48194199507473,18.167179324016054,18.526953333881107,18.32966239952415
148.2937007344144,39449814020.848816,38924466096.92212,18.405642737799525,18.16053724260684,18.52497768399046,18.32573373161557
150.0822156699622,39535644862.461464,38909983915.669174,18.44568783929917,18.15378045906244,18.52262763904039,18.321739411190524
151.8923012161215,39571833443.53314,38895249413.61369,18.462571926358265,18.1469059531241,18.521006003470365,18.317678240183614
153.72421752796987,39536483022.6209,38880257820.55589,18.446078889975443,18.13991149921498,18.51942504970977,18.31354898682859
155.57822789821867,39403573049.981476,38865005400.029495,18.38406862368118,18.132795354055276,18.51694837768971,18.309350401561527
157.45459879505376,39428608154.72636,38849487430.249695,18.395748962493276,18.125555314656562,18.513939411924714,18.30508121764318
159.35359990043426,39455713099.182724,38833698087.07585,18.408395002442365,18.118188663716996,18.51128997024198,18.300740140023862
161.2755041488532,39553042859.62323,38817630722.1856,18.453805021295096,18.110692299405837,18.50939335099527,18.296325835375807
163.22058776656405,39523160913.69513,38801279904.13408,18.439863347938356,18.103063687636766,18.507910222425455,18.291836935237985
165.189130311282,39362837636.4833,38784641995.950264,18.365063173687734,18.09530113155035,18.50540668388845,18.28727205351078
167.1814147123639,39506928196.39132,38767709795.50441,18.432289837067056,18.087401270932336,18.5028828284419,18.28262977691008
169.1977273114714,39464924891.63307,38750476407.144936,18.41269284173576,18.07936088855845,18.500976818667567,18.277908647729518
171.23835790372596,39286853441.44591,38732938477.36439,18.329612108016335,18.07117841982157,18.497895148343023,18.273107186270654
173.30359977936027,39378220854.70813,38715089346.459206,18.372240343614422,18.06285075758095,18.494416218386483,18.268223892441206
175.3937497658705,39473581134.49643,38696920611.71832,18.41673148469388,18.05437398148102,18.492051849767847,18.26325721838403
177.5091082706783,39331406690.34221,38678427257.908485,18.350398801245365,18.045745751622505,18.48947689547159,18.2582055788674
179.64997932430765,39340134503.8387,38659603654.52453,18.354470836084708,18.03696344104583,18.486230412525956,18.25306736735928
181.81667062408056,39396452838.41023,38640442000.6846,18.380746629049504,18.028023410183916,18.483421918357546,18.247840941084743
184.00949357834142,39393065349.404625,38620935056.06764,18.37916616754511,18.018922281004045,18.480970522775895,18.24252461307796
186.22876335121506,39372451956.03766,38601076166.965675,18.369548815389138,18.009656949162753,18.478443986349554,18.237116659570237
188.4747989079024,39301808709.63756,38580858808.55167,18.33658961425345,18.00022437044708,18.475471293298973,18.231615324801144
190.74792306052458,39348176787.22654,38560275204.36386,18.358223031082495,17.990620916683348,18.472438741034576,18.226018815525517
193.04846251451977,39319499898.973236,38539317835.43488,18.3448435875256,17.98084307983405,18.46957332492878,18.2203252964571
195.37674791559772,39284053157.76687,38517979724.83427,18.328305612098923,17.970887604753557,18.466421172781818,18.214532895692848
197.73311389726268,39368640741.87308,38496251773.01462,18.36777066134579,17.960750245971454,18.463619269034382,18.208639696756624
200.11789912890913,39314535378.10323,38474125524.26587,18.342527348532702,17.950427058405047,18.461047621898015,18.20264373157394
202.53144636449608,39180066834.92926,38451594733.4624,18.279789918038745,17.939915128338416,18.457492028726794,18.19654299752214
204.97410249181,39180175437.686584,38428651555.8494,18.279840587569165,17.929210795735187,18.453282551486545,18.190335461499306
207.44621858232193,39302190854.90748,38405285737.914375,18.336767907345237,17.918309276732806,18.44985179816975,18.184019038466005
209.94814994164432,39293742193.759056,38381488050.85249,18.332826113383206,17.90720626555472,18.447125664422643,18.177591585140174
212.48025616059775,39249152804.20737,38357250383.12833,18.31202255842725,17.895897977695803,18.44416978956942,18.17105091321831
215.04290116689413,39233049034.76608,38332563540.06349,18.304509209266428,17.884380123301476,18.44094944929906,18.16439479055784
217.63645327744084,39222698603.85026,38307417848.941925,18.299680128614277,17.87264818948465,18.437659388126807,18.15762093360744
220.26128525127794,39160379409.582855,38281803948.596375,18.270604584055636,17.86069780871397,18.4340439221137,18.150727007731053
222.91777434315375,39151901558.42638,38255712478.143555,18.266649171249686,17.848524613590545,18.43012461539803,18.14371063013125
225.60630235774448,39107117103.820854,38229133125.253265,18.245754607051214,17.836123792809946,18.42600259107095,18.136569365701863
228.32725570452996,39220406852.209015,38202054872.06413,18.298610892598862,17.823490205896217,18.42236207684344,18.129300719117648
231.08102545333108,39022488046.43031,38174468590.43467,18.20627020809451,17.810619594038126,18.418329774977753,18.121902142891685
233.86800739051486,39221116408.39868,38146362442.78559,18.298941942010718,17.797506434313433,18.41441006417825,18.114371033928457
236.68860207588085,39137165595.8956,38117724691.12393,18.25977398391431,17.784145250262736,18.411207657005654,18.10670472051022
239.54321490022994,39045118653.02751,38088546283.8031,18.216828708059744,17.77053181876414,18.40710814763587,18.098900479405764
242.4322561436301,39162664112.19159,38058814442.34375,18.271670531285608,17.75666017791056,18.403253631727665,18.090955531127864
245.35614103438468,39152366136.67186,38028516515.06435,18.266865924139967,17.742524424953505,18.40007893653427,18.08286702149706
248.31528980870976,39101170358.582634,37997641200.443054,18.242980103013007,17.728119287072847,18.39663823686768,18.074632031614616
251.31012777113347,39100415621.78998,37966175747.52717,18.24262797421059,17.713438815204288,18.39299360436603,18.06624757875447
254.3410853556237,39042224697.777275,37934107246.975716,18.21547850888246,17.69847698638616,18.389107635958414,18.05771060903206
257.408598187451,38952523960.74449,37901423601.18727,18.17362787510583,17.6832281563807,18.384495321298477,18.04901800273328
260.5131071457995,38913985932.935455,37868111891.06127,18.155647633898667,17.66768629767282,18.379285225317084,18.040166575766072
263.6550584271334,38963469366.65793,37834157959.86166,18.178734546350373,17.65184480531816,18.374261974951114,18.031153069791433
266.8349036093247,38944512251.43288,37799547393.70263,18.16988994470061,17.635696954397005,18.369524179956926,18.021974145753536
270.05309971655794,38996652739.153496,37764265262.49286,18.1942165280567,17.619235779149587,18.36508438509676,18.01262638150935
273.31010928501604,38858969148.98862,37728298004.38144,18.129979090331567,17.602454952180235,18.36027070853549,18.003106278568495
276.6064004293574,38846468341.7377,37691631279.282646,18.12414673350289,17.585347783001268,18.3547451842905,17.993410267091864
279.9424469099964,38920532825.02927,37654248653.3546,18.158702141503138,17.56790660426545,18.349693687635437,17.98353469166544
283.3187282011958,38825114293.93238,37616134794.39759,18.114183822785417,17.55012426260597,18.344638235653896,17.973475807950397
286.7357295599775,38928843824.75865,37577272295.44144,18.162579708371567,17.531992636654397,18.339755087118863,17.963229779306342
290.1939420958668,38788557675.622406,37537644689.96604,18.097128024855422,17.513504043817203,18.334777504031653,17.95279267280886
293.69386284147885,38610231487.895676,37497237197.07263,18.013928441193066,17.494651587941664,18.328155681292635,17.94216047606908
297.2359948239523,38687034052.253586,37456031416.665985,18.049761323958283,17.475426684308502,18.321138092475536,17.931329088254135
300.8208471372484,38571637549.80928,37414008989.44124,17.995922114575468,17.455820767229525,18.314067094564308,17.920294302526656
304.44893501532135,38586798178.04437,37371152466.04093,18.002995433269145,17.435825695560155,18.306613962593527,17.90905181383953
308.1207799061689,38461563100.046555,37327444064.524185,17.9445659536612,17.415433172986223,18.29872439786381,17.8975972244125
311.836909546778,38633699674.58823,37282862750.58552,18.024877721200795,17.394633385775485,18.291290817825466,17.88592602601914
315.5978580389755,38587372062.039536,37237387381.63398,18.003263183676847,17.3734164696742,18.284721436416294,17.874033584134022
319.4041659261899,38360108691.319885,37191001060.311554,17.89723154543786,17.35177454107778,18.276789618081494,17.86191516393331
323.2563802711419,38365342968.796074,37143683289.95184,17.899673641645624,17.329698037094015,18.26782631020412,17.849565935981012
327.15505473447257,38495850283.62146,37095411163.651405,17.960562927716175,17.307176270314322,18.25982972615042,17.836980945296325
331.100749654316,38312761959.27678,37046164904.29762,17.875141529136968,17.28420001356037,18.25172160168299,17.8241551184884
335.0940321268354,38584773186.283806,36995919831.13043,18.00205065632109,17.260757751815834,18.24431210926855,17.811083256491774
339.13547608772984,38527743865.76482,36944649645.53757,17.97544314687891,17.23683721524184,18.238255422773108,17.797760001609667
343.2256623947215,38150922085.25369,36892336195.47182,17.7996337738805,17.212429934847997,18.229933826632585,17.78417987767863
347.36517891104063,37900984251.35683,36838958248.99767,17.683023174019777,17.1875260046961,18.21834961120915,17.770337320505806
351.5546205899174,38392718860.51982,36784485587.46894,17.91244609432258,17.162111326022455,18.208400780026505,17.75622661306912
355.79458956008955,37940293892.280235,36728894719.930565,17.70136341781928,17.13617493892428,18.19887363240458,17.74184187717357
360.08569521234466,38188770992.52392,36672160540.05887,17.8172925001007,17.109705129834975,18.188468240367,17.727177105248032
364.428554287106,38198434772.64731,36614253584.01089,17.82180121804684,17.082688152150638,18.17972815267391,17.712226130308633
368.82379096307136,37987966487.38652,36555149414.83733,17.723605468274734,17.055112604606915,18.17007803390564,17.69698263374594
373.2720369469261,38218994763.81385,36494818780.799576,17.831393654956774,17.02696483955897,18.1607848008735,17.681440149763393
377.7739315641329,38064406223.35547,36433232490.082375,17.759269070401544,16.998231237319732,18.152121433514807,17.665592042746805
382.3301218508199,38205850249.777336,36370361043.03509,17.825260971309895,16.96889803457892,18.143600476845,17.649431509905227
386.94126264677766,38095712978.78671,36306172682.142815,17.773875500623056,16.938950414600694,18.135446088598712,17.632951570986993
391.60801668957356,38101774298.37943,36240636001.06856,17.776703460290605,16.90837372449421,18.12691353472492,17.616145062032622
396.33105470980524,37786220215.54532,36173720483.47379,17.62947904726728,16.877153726604913,18.11686197245093,17.599004646604786
401.11105552750286,37788706851.41064,36105393886.49646,17.630639208157568,16.845275377754145,18.10532882412901,17.581522815164597
405.94870614969005,37717160988.44637,36035620711.070915,17.597258883667525,16.812722115554084,18.09368478747,17.56369186158351
410.84470186912574,37751840943.85901,35964365853.636154,17.613439108728926,16.779477562142908,18.08211638741964,17.54550387211131
415.7997463642362,37541037261.11206,35891595232.6923,17.515086876436975,16.745525816510025,18.069840529986205,17.526950738150425
420.81455180024926,37704732826.09631,35817270734.94786,17.59146041992872,16.71084909657853,18.057607558974308,17.508024144070596
425.88983893155137,37712880674.794846,35741352163.81668,17.59526186731064,16.67542864829286,18.046609000385228,17.488715538381513
431.02633720527984,37487205654.346924,35663802654.77062,17.48997128725835,16.639247272197167,18.034661041515236,17.46901614640184
436.22478486616023,37467120176.765976,35584582673.05708,17.480600238655242,16.602286523019902,18.021644692458374,17.44891697900602
441.48592906261183,37403604376.04976,35503649595.84453,17.450966407287364,16.5645265147203,18.008473237513666,17.428408805865946
446.81052595413337,37389214767.28878,35420960124.15299,17.44425281421817,16.525947045794858,17.995184897621357,17.407482140441257
452.1993408199794,37152690174.38525,35336472169.01785,17.333900274827613,16.486528479282914,17.9808172701657,17.386127249062568
457.65314816915196,37100897458.211006,35250140868.808815,17.309735947213305,16.446249884613305,17.965202684750864,17.364334148017942
463.17273185171797,37200074090.939285,35161917800.93477,17.356007639875024,16.405088669818625,17.95022491973481,17.342092574446077
468.7588851714661,36902941058.64116,35071755911.08072,17.217377723009303,16.363022881312208,17.934494809787196,17.319391980994595
474.41241099992544,37118488137.05394,34979616485.13464,17.317943026469173,16.32003445669928,17.918703449247676,17.296221596447968
480.1341218917604,36811786599.80902,34885449420.271194,17.174848843092782,16.276100020085003,17.902765120310086,17.272570413529095
485.9248402015522,40663936462.879265,34789167648.948586,18.9721017810829,16.231178949375014,17.90693716652268,17.24842692640497
491.7853982019932,36892323160.96628,34690730866.161446,17.21242385348974,16.18525243992985,17.91120291473529,17.223779199422676
497.7166382035078,36328100434.85672,34590111052.33479,16.94918099217152,16.138307418980993,17.891510548888846,17.19861520249685
503.71941267531,36816560968.86888,34487232275.121864,17.177076365158356,16.09030845965302,17.871900881695694,17.172922614447398
509.79458436792675,36354208319.25517,34382034250.44969,16.961361845359416,16.041227435904343,17.8528685966414,17.146688653682304
515.9430264371982,36070667401.35593,34274462706.21643,16.829073443856604,15.991039026629094,17.83017073822139,17.119900208498184
522.1656225697697,36134386398.17797,34164453372.78376,16.858802078077737,15.93971324628663,17.806807224690992,17.09254382234346
528.4632671101007,36448269739.09034,34051935614.185253,17.005246992396643,15.887217139072344,17.78609245554631,17.064605611668878
534.8368651890073,36212631462.23527,33936843008.238297,16.895307971217658,15.833519715157937,17.76628269646746,17.036071264497664
541.2873328537482,35813305908.67726,33819112259.464306,16.708999273514333,15.778591443505185,17.743427523961145,17.00692609110914
547.8155971996863,36056562109.958755,33698669316.246475,16.822492501446288,15.722397774709057,17.720272554810478,16.97715499036188
554.4225965035367,36169628156.41744,33575435730.868534,16.875244416976084,15.664902108327315,17.699631177811327,16.946742375908265
561.1092803582181,35783128206.00791,33449337400.61337,16.6949196123609,15.606069871113647,17.67795106703062,16.91567218769707
567.8766098093348,35695334133.60675,33320296636.906796,16.653958549014483,15.54586481680995,17.65417316343637,16.88392790712921
574.7255574933044,35429279394.15642,33188229931.909874,16.529828471229244,15.484247984131168,17.628997043104434,16.85149251586735
581.6571077771479,35451213215.56517,33053052243.587727,16.540061880200724,15.421179696000223,17.603077722802887,16.81834846717642
588.6722568999686,34840396332.75029,32914681910.81362,16.255080122939066,15.356621852731186,17.574496875398303,16.78447770881157
595.7720131161401,35317013322.73829,32773023586.92672,16.477449790787144,15.290529969537014,17.545887488322702,16.749861637477533
602.9573968402125,35667944320.47438,32627975403.870056,16.641179601187172,15.222856519018412,17.522525438888113,16.71448100044172
610.229440793577,34466012928.535995,32479449726.66244,16.08040839492312,15.153560614337383,17.494962123448538,16.678315954228932
617.5891901528903,35115785581.016815,32327343916.77984,16.383565294370953,15.082594368626737,17.46506150458504,16.641346073390434
625.0377027002941,34662085922.20511,32171549064.682262,16.171887900253545,15.009906969224021,17.43691638504736,16.603550247000904
632.5760489754474,34681925045.95291,32011957471.678085,16.181144010402505,14.935448168398272,17.4070559001693,16.56490666717993
640.2053124293863,34507790007.01836,31848454365.285755,16.099899842481502,14.859164418082308,17.377043674568593,16.525392812926377
647.9265895802449,33922859983.056934,31680924509.1882,15.826995817079588,14.78100195380258,17.343533680971326,16.484985425573466
655.7409901708554,34188213599.086357,31509241741.192974,15.950798779832205,14.700901913526428,17.309079532260842,16.44366046297016
663.6496373282415,33310733474.374016,31333282915.521362,15.541403042847495,14.618806842554411,17.272020701555864,16.401393074791155
671.6536677250424,33372779327.6196,31152919240.528126,15.570351057851992,14.534656652060544,17.231364242293047,16.35815760686453
679.7542317428836,33751405963.102757,30968004921.69446,15.747002501127113,14.448383320385082,17.194117004768998,16.313927494664988
687.9524936377117,33655510532.45072,30778391229.199398,15.702261680908393,14.359917456378353,17.159299100111884,16.268675175153437
696.249631707129,33301501963.761127,30583934735.217266,15.537096003879423,14.269192142581216,17.122811012704243,16.22237212378671
704.6468384597479,32289548539.682053,30384486672.74296,15.064960617358997,14.17613797049543,17.079616195185196,16.174988876739263
713.145320786579,34144296547.67764,30179870852.619907,15.930308909895194,14.080672737587198,17.042197668698858,16.126494871359505
721.746300134495,32567016421.743805,29969916513.196884,15.194415592881658,13.982716773571028,17.007085465927712,16.076858351731182
730.451012681785,33531762848.5754,29754446638.501743,15.644526157546087,13.882187490155362,16.969503995337412,16.026046391987254
739.2607095158205,32289450874.85265,29533271655.934265,15.0649150510109,13.778996440648143,16.931205730546605,15.974024819854984
748.176656812871,32678529444.203396,29306205182.47041,15.246442931994554,13.673056666480917,16.889153213772232,15.920758194937337
757.2001360200866,32083093074.634956,29073066822.226585,14.968637082629153,13.564284002436,16.846923882117313,15.866209889567646
766.3324440396711,35565210793.99492,28833615230.146362,16.593248409811316,13.452565846946175,16.821784238637097,15.810341810956428
775.5748934152812,47890866574.82231,28587548756.685688,22.343886846056122,13.337761462878005,16.88489960586886,15.753113765779117
784.9288125206746,32038028532.20841,28334681229.847557,14.947611841100585,13.21978399011948,16.926092105950737,15.6944838206955
794.3955457506266,31064466211.03911,28074806269.25637,14.493388146739061,13.098537140169483,16.87380542838751,15.634408865612563
803.9764537141556,31110324793.278885,27807625474.78675,14.514783854225065,12.97388169193821,16.817664052904632,15.572844018922181
813.6729134300795,29735583536.971886,27532861335.49441,13.873386751386304,12.845688170359095,16.755461233263123,15.509742280087456
823.4863185249237,30849034643.016975,27250212853.201763,14.392876735624073,12.713816142199207,16.693370441093645,15.445054564014892
833.4180794332223,29094307363.342785,26959368668.298016,13.574193955652401,12.578120340011754,16.62911146584977,15.378729563801212
843.4696236002361,30416094344.39784,26659990859.457386,14.190884795713563,12.438443103758276,16.56408404596971,15.310713598768373
853.6423956871075,28788956393.382877,26351726857.4132,13.431729890809093,12.294619939280212,16.498811934042756,15.240950443339694
863.9378577784973,28795083285.610306,26034210941.388565,13.43458844394122,12.146480216471225,16.42618133588748,15.169381233740472
874.3574895927261,28988554577.0745,25707034974.250153,13.52485410321223,11.993833515516917,16.356380832688952,15.09594422241958
884.9027886944416,28900592731.807846,25369767968.047394,13.483814764023455,11.836478755361785,16.288807834681982,15.020574486300728
895.5752707098593,28881316925.7245,25021951751.258583,13.47482147447168,11.674202172226448,16.22224535615122,14.943203725342611
906.3764695445994,27844806029.396477,24663099008.417416,12.991228592599851,11.506776404978892,16.151391038298375,14.863760031169294
917.307937604142,27990525064.34897,24292688954.103798,13.059215034716285,11.333958476798488,16.077331321426037,14.782167626360215
928.3712460169497,26724420895.81181,23910156732.97858,12.46850347945729,11.155484849672979,15.998787293349531,14.698346527216072
939.5679848602816,29403504518.12838,23514868066.16802,13.718452490395306,10.97105959545578,15.93004406995045,14.612212015317288
950.8997633887208,25960878332.470314,23106171825.81506,12.112266270619244,10.780378924965344,15.858506744507459,14.523674274628688
962.368210265473,25854201296.946056,22683366728.908325,12.062495201910291,10.583115648710775,15.769158485528212,14.432638140849056
973.9749737964391,26294253664.60495,22245648539.5056,12.267805337485886,10.378894543644849,15.683787658532722,14.33900238017403
985.7217221671224,25713000730.667778,21792159420.76055,11.996616889380872,10.167315378767425,15.599625197276497,14.242658969486373
997.6101436823909,24514444057.15018,21321973365.97857,11.437420186397388,9.947946117861935,15.507599589724276,14.14349258372145
1009.6419470091245,22901135343.641457,20834053241.233772,10.684717428637171,9.720302877366828,15.402199870214838,14.041379776500898
1021.8188614217956,24461473359.388897,20327228470.147865,11.412706261559848,9.483839515021337,15.299109638536892,13.93618782011359
1034.1426370510137,22262182220.019398,19800229948.12392,10.386608471434648,9.237963919395083,15.194805880436558,13.827773644507689
1046.6150451350566,20492001154.607815,19251648894.059166,9.560715597669413,8.982018811808386,15.071048994043029,13.715982764445725
1059.2378782744452,21101038574.423225,18679866904.684284,9.844867131492855,8.715249112595597,14.943885538913202,13.600647617128974
1072.0129506895892,19341363852.689487,18083080842.84658,9.023876080791036,8.43681355294307,14.813296997079503,13.481585693324968
1084.9420984815295,19554026663.926228,17459230623.004494,9.12309570512617,8.145750982603884,14.677317643781878,13.358597447992514
1098.027179895836,20614483416.56196,16805907968.821018,9.617860727784707,7.840937799985152,14.551624250668233,13.231463356383278
1111.270075589688,20297984369.213043,16120347482.320028,9.470195433614261,7.521083785387753,14.432974849346163,13.099940488978776
1124.6726889021647,19305194373.124107,15399309987.903694,9.007000905700458,7.1846776741758855,14.309877878884889,12.963758469911005
1138.2369461278074,17305789381.270428,14638936337.105925,8.074161679924053,6.829918948154419,14.173126679098619,12.82261407742994
1151.9647967934795,16058803744.488281,13834600852.483643,7.492370036555343,6.45464945858297,14.02169812844578,12.676164354304921
1165.8582139385567,13846867335.545135,12980652428.376408,6.460372489489016,6.056232634556419,13.854708446564356,12.524017636859854
1179.919194398505,14862952892.3616,12069979021.308592,6.934435757313759,5.631350292336843,13.685172758041613,12.365720952835536
1194.1497590918812,12929616505.863918,11093547539.965107,6.032421395394113,5.175787967149439,13.51448649959362,12.200742767091906
1208.5519533107824,10447545363.367298,10039545941.120598,4.8743902149568346,4.684034650818238,13.323422842268718,12.02844883851435
1223.1278470148095,16383777059.68943,8891858432.091589,7.643989071710986,4.148571384637585,13.156255172676282,11.848065458099795
1237.879535128577,8991108664.371525,7627860873.606093,4.194877415789537,3.5588426860272513,12.98455699974126,11.6586229238516
1252.8091378427982,15755002642.970592,6214013216.568562,7.350629075877317,2.899200162811427,12.81392053884,11.458863737773504
1267.918800919016,10633832661.74643,4534911885.783577,4.961304121794116,2.1158013057557454,12.656012036152571,11.246734300309157
1283.210695998004,7310273192.157194,2464916168.9854136,3.4106694804556033,1.1500273831707872,12.455231873401113,11.018897122165919
1298.6870209118815,0.0,0.0,0.0,0.0,12.200305390601383,10.771381171458689
1314.35,0.0,0.0,0.0,0.0,11.911258319064034,10.516187872246594
